124
1
1090	0.10193
2
1080	0.170815
1090	0.337482
3
1070	0.0904308
1080	0.257097
1090	0.423764
4
1060	0.0783182
1070	0.244985
1080	0.411652
1090	0.578318
5
1050	0.0171676
1060	0.183834
1070	0.350501
1080	0.517168
1090	0.683834
6
1040	0.152097
1050	0.318764
1060	0.485431
1070	0.652097
1080	0.818764
1090	0.985431
7
1030	0.144375
1040	0.311041
1050	0.477708
1060	0.644375
1070	0.811041
1080	0.977708
1090	1.14034
8
1020	0.130228
1030	0.296895
1040	0.463561
1050	0.630228
1060	0.796895
1070	0.943022
1080	1.05013
1090	1.20927
9
1010	0.128334
1020	0.295
1030	0.461667
1040	0.628334
1050	0.795
1060	0.864939
1070	0.978696
1080	1.14413
1090	1.3108
10
1000	0.129813
1010	0.29648
1020	0.463146
1030	0.629813
1040	0.787481
1050	0.847651
1060	0.976567
1070	1.14323
1080	1.3099
1090	1.47657
11
990	0.137865
1000	0.304532
1010	0.471199
1020	0.637862
1030	0.743154
1040	0.853127
1050	1.01686
1060	1.18352
1070	1.35019
1080	1.51686
1090	1.68352
12
980	0.170598
990	0.337264
1000	0.503931
1010	0.599473
1020	0.705571
1030	0.867734
1040	1.03437
1050	1.17986
1060	1.34635
1070	1.51302
1080	1.67969
1090	1.84635
13
970	0.115693
980	0.28236
990	0.449026
1000	0.558356
1010	0.645121
1020	0.797926
1030	0.960955
1040	1.11278
1050	1.27945
1060	1.44611
1070	1.61278
1080	1.77945
1090	1.94611
14
960	0.0726366
970	0.238423
980	0.40509
990	0.512648
1000	0.610146
1010	0.76336
1020	0.890327
1030	1.05695
1040	1.22362
1050	1.39028
1060	1.55695
1070	1.72362
1080	1.89028
1090	2.05695
15
950	0.142251
960	0.207125
970	0.347985
980	0.512024
990	0.538265
1000	0.64045
1010	0.782116
1020	0.909267
1030	1.07589
1040	1.24256
1050	1.40922
1060	1.57589
1070	1.74256
1080	1.90922
1090	2.07589
16
940	0.112685
950	0.166806
960	0.290855
970	0.457412
980	0.522595
990	0.583485
1000	0.702028
1010	0.86149
1020	1.02816
1030	1.19482
1040	1.36149
1050	1.52816
1060	1.69482
1070	1.86149
1080	2.02816
1090	2.19482
17
930	0.150558
940	0.317225
950	0.469104
960	0.518914
970	0.548507
980	0.629735
990	0.780096
1000	0.946763
1010	1.11343
1020	1.2801
1030	1.44676
1040	1.61343
1050	1.7801
1060	1.94676
1070	2.11343
1080	2.2801
1090	2.44676
18
920	0.117095
930	0.277914
940	0.444544
950	0.492482
960	0.542419
970	0.60975
980	0.752215
990	0.900956
1000	1.06762
1010	1.23429
1020	1.40096
1030	1.56762
1040	1.73429
1050	1.90096
1060	2.06762
1070	2.23429
1080	2.40096
1090	2.56762
19
910	0.064228
920	0.207193
930	0.363312
940	0.456204
950	0.521564
960	0.556449
970	0.647309
980	0.783103
990	0.949756
1000	1.11642
1010	1.28309
1020	1.44976
1030	1.61642
1040	1.78309
1050	1.94976
1060	2.11642
1070	2.28309
1080	2.44976
1090	2.61642
20
900	0.10259
910	0.260514
920	0.427181
930	0.47389
940	0.551817
950	0.58126
960	0.680225
970	0.839435
980	1.0061
990	1.17277
1000	1.33943
1010	1.5061
1020	1.67277
1030	1.83943
1040	2.0061
1050	2.17277
1060	2.33943
1070	2.5061
1080	2.67277
1090	2.83943
21
890	0.111371
900	0.276246
910	0.442825
920	0.472265
930	0.554897
940	0.593071
950	0.700941
960	0.863596
970	1.03026
980	1.19693
990	1.3636
1000	1.53026
1010	1.69693
1020	1.8636
1030	2.03026
1040	2.19693
1050	2.3636
1060	2.53026
1070	2.69693
1080	2.8636
1090	3.03026
22
880	0.108741
890	0.275407
900	0.437013
910	0.471848
920	0.543332
930	0.639719
940	0.795943
950	0.962609
960	1.12928
970	1.29594
980	1.46261
990	1.62928
1000	1.79594
1010	1.96261
1020	2.12928
1030	2.29594
1040	2.46261
1050	2.62928
1060	2.79594
1070	2.96261
1080	3.12928
1090	3.29594
23
870	0.0948088
880	0.256095
890	0.422762
900	0.455985
910	0.481009
920	0.551611
930	0.639719
940	0.795943
950	0.962609
960	1.12928
970	1.29594
980	1.46261
990	1.62928
1000	1.79594
1010	1.96261
1020	2.12928
1030	2.29594
1040	2.46261
1050	2.62928
1060	2.79594
1070	2.96261
1080	3.12928
1090	3.29594
24
860	0.0696711
870	0.230875
880	0.397542
890	0.459235
900	0.475929
910	0.518943
920	0.63247
930	0.796868
940	0.963535
950	1.1302
960	1.29687
970	1.46353
980	1.6302
990	1.79687
1000	1.96353
1010	2.1302
1020	2.29687
1030	2.46353
1040	2.6302
1050	2.79687
1060	2.96353
1070	3.1302
1080	3.29687
1090	3.46353
25
850	0.0686464
860	0.223477
870	0.390144
880	0.441419
890	0.467826
900	0.489885
910	0.560518
920	0.686455
930	0.846041
940	1.01271
950	1.17937
960	1.34604
970	1.51271
980	1.67937
990	1.84604
1000	2.01271
1010	2.17937
1020	2.34604
1030	2.51271
1040	2.67937
1050	2.84604
1060	3.01271
1070	3.17937
1080	3.34604
1090	3.51271
26
840	0.14868
850	0.315347
860	0.403009
870	0.43405
880	0.453815
890	0.480408
900	0.506925
910	0.577563
920	0.686455
930	0.846041
940	1.01271
950	1.17937
960	1.34604
970	1.51271
980	1.67937
990	1.84604
1000	2.01271
1010	2.17937
1020	2.34604
1030	2.51271
1040	2.67937
1050	2.84604
1060	3.01271
1070	3.17937
1080	3.34604
1090	3.51271
27
830	0.125896
840	0.291559
850	0.403381
860	0.41782
870	0.441841
880	0.462048
890	0.488929
900	0.519269
910	0.60291
920	0.759551
930	0.926217
940	1.09288
950	1.25955
960	1.42622
970	1.59288
980	1.75955
990	1.92622
1000	2.09288
1010	2.25955
1020	2.42622
1030	2.59288
1040	2.75955
1050	2.92622
1060	3.09288
1070	3.25955
1080	3.42622
1090	3.59288
28
820	0.136902
830	0.302088
840	0.379515
850	0.411437
860	0.421675
870	0.446453
880	0.466772
890	0.494377
900	0.541292
910	0.611432
920	0.759551
930	0.926217
940	1.09288
950	1.25955
960	1.42622
970	1.59288
980	1.75955
990	1.92622
1000	2.09288
1010	2.25955
1020	2.42622
1030	2.59288
1040	2.75955
1050	2.92622
1060	3.09288
1070	3.25955
1080	3.42622
1090	3.59288
29
810	0.0773176
820	0.184333
830	0.338602
840	0.388037
850	0.415225
860	0.425509
870	0.4506
880	0.47093
890	0.498677
900	0.549782
910	0.619955
920	0.759551
930	0.926217
940	1.09288
950	1.25955
960	1.42622
970	1.59288
980	1.75955
990	1.92622
1000	2.09288
1010	2.25955
1020	2.42622
1030	2.59288
1040	2.75955
1050	2.92622
1060	3.09288
1070	3.25955
1080	3.42622
1090	3.59288
30
800	0.0948285
810	0.249491
820	0.366959
830	0.383101
840	0.405896
850	0.426731
860	0.437248
870	0.462612
880	0.483264
890	0.511272
900	0.599698
910	0.753097
920	0.919764
930	1.08643
940	1.2531
950	1.41976
960	1.58643
970	1.7531
980	1.91976
990	2.08643
1000	2.2531
1010	2.41976
1020	2.58643
1030	2.7531
1040	2.91976
1050	3.08643
1060	3.2531
1070	3.41976
1080	3.58643
1090	3.7531
31
790	0.102589
800	0.259302
810	0.355256
820	0.375655
830	0.389055
840	0.413949
850	0.430556
860	0.441716
870	0.466845
880	0.48911
890	0.56008
900	0.713287
910	0.879954
920	1.04662
930	1.21329
940	1.37995
950	1.54662
960	1.71329
970	1.87995
980	2.04662
990	2.21329
1000	2.37995
1010	2.54662
1020	2.71329
1030	2.87995
1040	3.04662
1050	3.21329
1060	3.37995
1070	3.54662
1080	3.71329
1090	3.87995
32
780	0.0724074
790	0.208597
800	0.347364
810	0.363716
820	0.37947
830	0.394993
840	0.417741
850	0.434351
860	0.445545
870	0.470637
880	0.492999
890	0.568602
900	0.713287
910	0.879954
920	1.04662
930	1.21329
940	1.37995
950	1.54662
960	1.71329
970	1.87995
980	2.04662
990	2.21329
1000	2.37995
1010	2.54662
1020	2.71329
1030	2.87995
1040	3.04662
1050	3.21329
1060	3.37995
1070	3.54662
1080	3.71329
1090	3.87995
33
770	0.138006
780	0.301717
790	0.346039
800	0.366545
810	0.371351
820	0.387127
830	0.403692
840	0.425729
850	0.442062
860	0.454995
870	0.47844
880	0.541501
890	0.680566
900	0.847233
910	1.0139
920	1.18057
930	1.34723
940	1.5139
950	1.68057
960	1.84723
970	2.0139
980	2.18057
990	2.34723
1000	2.5139
1010	2.68057
1020	2.84723
1030	3.0139
1040	3.18057
1050	3.34723
1060	3.5139
1070	3.68057
1080	3.84723
1090	4.0139
34
760	0.0927296
770	0.242215
780	0.324128
790	0.352159
800	0.370333
810	0.375143
820	0.390915
830	0.407486
840	0.429519
850	0.445897
860	0.460001
870	0.505283
880	0.623621
890	0.785746
900	0.952413
910	1.11908
920	1.28575
930	1.45241
940	1.61908
950	1.78575
960	1.95241
970	2.11908
980	2.28575
990	2.45241
1000	2.61908
1010	2.78575
1020	2.95241
1030	3.11908
1040	3.28575
1050	3.45241
1060	3.61908
1070	3.78575
1080	3.95241
1090	4.11908
35
750	0.0647128
760	0.210227
770	0.300681
780	0.333099
790	0.359126
800	0.37412
810	0.378956
820	0.39474
830	0.411537
840	0.433391
850	0.449818
860	0.465413
870	0.513918
880	0.623621
890	0.785746
900	0.952413
910	1.11908
920	1.28575
930	1.45241
940	1.61908
950	1.78575
960	1.95241
970	2.11908
980	2.28575
990	2.45241
1000	2.61908
1010	2.78575
1020	2.95241
1030	3.11908
1040	3.28575
1050	3.45241
1060	3.61908
1070	3.78575
1080	3.95241
1090	4.11908
36
740	0.130981
750	0.285165
760	0.311493
770	0.3313
780	0.345038
790	0.370539
800	0.385484
810	0.390413
820	0.406314
830	0.423355
840	0.444772
850	0.461745
860	0.50007
870	0.63417
880	0.799374
890	0.966041
900	1.13271
910	1.29937
920	1.46604
930	1.63271
940	1.79937
950	1.96604
960	2.13271
970	2.29937
980	2.46604
990	2.63271
1000	2.79937
1010	2.96604
1020	3.13271
1030	3.29937
1040	3.46604
1050	3.63271
1060	3.79937
1070	3.96604
1080	4.13271
1090	4.29937
37
730	0.0948999
740	0.246505
750	0.307597
760	0.322598
770	0.339252
780	0.352752
790	0.378504
800	0.39306
810	0.398156
820	0.414117
830	0.431382
840	0.452378
850	0.470576
860	0.517115
870	0.63417
880	0.799374
890	0.966041
900	1.13271
910	1.29937
920	1.46604
930	1.63271
940	1.79937
950	1.96604
960	2.13271
970	2.29937
980	2.46604
990	2.63271
1000	2.79937
1010	2.96604
1020	3.13271
1030	3.29937
1040	3.46604
1050	3.63271
1060	3.79937
1070	3.96604
1080	4.13271
1090	4.29937
38
720	0.0810128
730	0.22696
740	0.295719
750	0.319873
760	0.330198
770	0.347715
780	0.360761
790	0.386931
800	0.400636
810	0.406053
820	0.422181
830	0.440182
840	0.462112
850	0.4941
860	0.601116
870	0.76458
880	0.931246
890	1.09791
900	1.26458
910	1.43125
920	1.59791
930	1.76458
940	1.93125
950	2.09791
960	2.26458
970	2.43125
980	2.59791
990	2.76458
1000	2.93125
1010	3.09791
1020	3.26458
1030	3.43125
1040	3.59791
1050	3.76458
1060	3.93125
1070	4.09791
1080	4.26458
1090	4.43125
39
710	0.0701322
720	0.212873
730	0.319924
740	0.305774
750	0.323661
760	0.333986
770	0.351769
780	0.364549
790	0.390729
800	0.404423
810	0.410028
820	0.426295
830	0.444936
840	0.478413
850	0.598885
860	0.760479
870	0.927146
880	1.09381
890	1.26048
900	1.42715
910	1.59381
920	1.76048
930	1.92715
940	2.09381
950	2.26048
960	2.42715
970	2.59381
980	2.76048
990	2.92715
1000	3.09381
1010	3.26048
1020	3.42715
1030	3.59381
1040	3.76048
1050	3.92715
1060	4.09381
1070	4.26048
1080	4.42715
1090	4.59381
40
700	0.134594
710	0.299437
720	0.331137
730	0.345176
740	0.313779
750	0.331237
760	0.341614
770	0.359953
780	0.372462
790	0.398949
800	0.411999
810	0.418563
820	0.43443
830	0.46419
840	0.495465
850	0.598885
860	0.760479
870	0.927146
880	1.09381
890	1.26048
900	1.42715
910	1.59381
920	1.76048
930	1.92715
940	2.09381
950	2.26048
960	2.42715
970	2.59381
980	2.76048
990	2.92715
1000	3.09381
1010	3.26048
1020	3.42715
1030	3.59381
1040	3.76048
1050	3.92715
1060	4.09381
1070	4.26048
1080	4.42715
1090	4.59381
41
690	0.118731
700	0.286198
710	0.329377
720	0.334949
730	0.349005
740	0.317612
750	0.335025
760	0.345444
770	0.363787
780	0.376429
790	0.403072
800	0.415787
810	0.423443
820	0.441682
830	0.468838
840	0.518259
850	0.640357
860	0.806557
870	0.973224
880	1.13989
890	1.30656
900	1.47322
910	1.63989
920	1.80656
930	1.97322
940	2.13989
950	2.30656
960	2.47322
970	2.63989
980	2.80656
990	2.97322
1000	3.13989
1010	3.30656
1020	3.47322
1030	3.63989
1040	3.80656
1050	3.97322
1060	4.13989
1070	4.30656
1080	4.47322
1090	4.7615
42
680	0.0936908
690	0.246194
700	0.305137
710	0.333173
720	0.33879
730	0.352927
740	0.321818
750	0.338813
760	0.349299
770	0.367711
780	0.380509
790	0.407347
800	0.419575
810	0.429341
820	0.451625
830	0.485677
840	0.615333
850	0.780436
860	0.947103
870	1.11377
880	1.28044
890	1.4471
900	1.61377
910	1.78044
920	1.9471
930	2.11377
940	2.28044
950	2.4471
960	2.61377
970	2.78044
980	2.9471
990	3.11377
1000	3.28044
1010	3.4471
1020	3.61377
1030	3.78044
1040	3.9471
1050	4.11377
1060	4.28044
1070	4.4471
1080	4.61377
1090	4.78044
43
670	0.0681324
680	0.205059
690	0.292492
700	0.315569
710	0.336962
720	0.342603
730	0.356727
740	0.32562
750	0.342601
760	0.353113
770	0.371521
780	0.384312
790	0.411136
800	0.423363
810	0.434908
820	0.460123
830	0.494155
840	0.615333
850	0.780436
860	0.947103
870	1.11377
880	1.28044
890	1.4471
900	1.61377
910	1.78044
920	1.9471
930	2.11377
940	2.28044
950	2.4471
960	2.61377
970	2.78044
980	2.9471
990	3.11377
1000	3.28044
1010	3.4471
1020	3.61377
1030	3.78044
1040	3.9471
1050	4.11377
1060	4.28044
1070	4.4471
1080	4.61377
1090	4.78044
44
660	0.114337
670	0.241775
680	0.27722
690	0.309524
700	0.323174
710	0.344538
720	0.350245
730	0.364423
740	0.333305
750	0.350176
760	0.360721
770	0.379131
780	0.391912
790	0.418773
800	0.430939
810	0.451886
820	0.472449
830	0.727906
840	0.894572
850	1.06124
860	1.22791
870	1.39457
880	1.56124
890	1.72791
900	1.89457
910	2.06124
920	2.22791
930	2.39457
940	2.56124
950	2.72791
960	2.89457
970	3.06124
980	3.22791
990	3.39457
1000	3.56124
1010	3.72791
1020	3.89457
1030	4.06124
1040	4.22791
1050	4.39457
1060	4.56124
1070	4.72791
1080	4.89457
1090	5.06124
45
650	0.0366913
660	0.142683
670	0.257051
680	0.28576
690	0.316987
700	0.32729
710	0.348326
720	0.354113
730	0.368345
740	0.337214
750	0.353964
760	0.364598
770	0.383061
780	0.395937
790	0.423492
800	0.434727
810	0.456143
820	0.492705
830	0.727906
840	0.894572
850	1.06124
860	1.22791
870	1.39457
880	1.56124
890	1.72791
900	1.89457
910	2.06124
920	2.22791
930	2.39457
940	2.56124
950	2.72791
960	2.89457
970	3.06124
980	3.22791
990	3.39457
1000	3.56124
1010	3.72791
1020	3.89457
1030	4.06124
1040	4.22791
1050	4.39457
1060	4.56124
1070	4.72791
1080	4.89457
1090	5.06124
46
640	0.0756159
650	0.222446
660	0.256176
670	0.279163
680	0.301799
690	0.328523
700	0.339018
710	0.35969
720	0.365599
730	0.37996
740	0.349088
750	0.365328
760	0.376103
770	0.394631
780	0.408461
790	0.434976
800	0.453234
810	0.479465
820	0.583413
830	0.746845
840	0.913512
850	1.08018
860	1.24685
870	1.41351
880	1.58018
890	1.74685
900	1.91351
910	2.08018
920	2.24685
930	2.41351
940	2.58018
950	2.74685
960	2.91351
970	3.08018
980	3.24685
990	3.41351
1000	3.58018
1010	3.74685
1020	3.91351
1030	4.08018
1040	4.24685
1050	4.41351
1060	4.58018
1070	4.74685
1080	4.91351
1090	5.08018
47
630	0.0594787
640	0.19476
650	0.244137
660	0.259963
670	0.282951
680	0.305592
690	0.332317
700	0.342811
710	0.36348
720	0.36939
730	0.383756
740	0.352881
750	0.369116
760	0.379891
770	0.39842
780	0.412254
790	0.438766
800	0.459903
810	0.51167
820	0.640648
830	0.801307
840	0.967974
850	1.13464
860	1.30131
870	1.46797
880	1.63464
890	1.80131
900	1.96797
910	2.13464
920	2.30131
930	2.46797
940	2.63464
950	2.80131
960	2.96797
970	3.13464
980	3.30131
990	3.46797
1000	3.63464
1010	3.80131
1020	3.96797
1030	4.13464
1040	4.30131
1050	4.46797
1060	4.63464
1070	4.80131
1080	4.96797
1090	5.13464
48
620	0.152219
630	0.222743
640	0.241277
650	0.256474
660	0.267798
670	0.290527
680	0.313344
690	0.340341
700	0.352822
710	0.371056
720	0.377123
730	0.391619
740	0.361267
750	0.376692
760	0.387839
770	0.406677
780	0.421742
790	0.44651
800	0.478997
810	0.528716
820	0.640648
830	0.801307
840	0.967974
850	1.13464
860	1.30131
870	1.46797
880	1.63464
890	1.80131
900	1.96797
910	2.13464
920	2.30131
930	2.46797
940	2.63464
950	2.80131
960	2.96797
970	3.13464
980	3.30131
990	3.46797
1000	3.63464
1010	3.80131
1020	3.96797
1030	4.13464
1040	4.30131
1050	4.46797
1060	4.63464
1070	4.80131
1080	4.96797
1090	5.13464
49
610	0.037145
620	0.152219
630	0.222743
640	0.241277
650	0.256474
660	0.267798
670	0.290527
680	0.313344
690	0.340341
700	0.352822
710	0.371056
720	0.377123
730	0.391619
740	0.361267
750	0.376692
760	0.387839
770	0.406677
780	0.421742
790	0.44651
800	0.478997
810	0.528716
820	0.640648
830	0.801307
840	0.967974
850	1.13464
860	1.30131
870	1.46797
880	1.63464
890	1.80131
900	1.96797
910	2.13464
920	2.30131
930	2.46797
940	2.63464
950	2.80131
960	2.96797
970	3.13464
980	3.30131
990	3.46797
1000	3.63464
1010	3.80131
1020	3.96797
1030	4.13464
1040	4.30131
1050	4.46797
1060	4.63464
1070	4.80131
1080	4.96797
1090	5.13464
50
600	0.00970167
610	0.0871095
620	0.217611
630	0.231006
640	0.245065
650	0.260269
660	0.27159
670	0.294315
680	0.317132
690	0.34413
700	0.356609
710	0.374844
720	0.380929
730	0.395451
740	0.365055
750	0.38048
760	0.391841
770	0.410698
780	0.42618
790	0.450382
800	0.48283
810	0.537238
820	0.640648
830	0.801307
840	0.967974
850	1.13464
860	1.30131
870	1.46797
880	1.63464
890	1.80131
900	1.96797
910	2.13464
920	2.30131
930	2.46797
940	2.63464
950	2.80131
960	2.96797
970	3.13464
980	3.30131
990	3.46797
1000	3.63464
1010	3.80131
1020	3.96797
1030	4.13464
1040	4.30131
1050	4.46797
1060	4.63464
1070	4.80131
1080	4.96797
1090	5.13464
51
590	0.0334203
600	0.128641
610	0.193559
620	0.228766
630	0.238596
640	0.252641
650	0.267849
660	0.27918
670	0.301891
680	0.324721
690	0.351725
700	0.364185
710	0.382423
720	0.388512
730	0.403041
740	0.372641
750	0.388067
760	0.399521
770	0.41838
780	0.434463
790	0.475629
800	0.526907
810	0.663493
820	0.830113
830	0.99678
840	1.16345
850	1.33011
860	1.49678
870	1.66345
880	1.83011
890	1.99678
900	2.16345
910	2.33011
920	2.49678
930	2.66345
940	2.83011
950	2.99678
960	3.16345
970	3.33011
980	3.49678
990	3.66345
1000	3.83011
1010	3.99678
1020	4.16345
1030	4.33011
1040	4.49678
1050	4.66345
1060	4.83011
1070	4.99678
1080	5.16345
1090	5.33011
52
580	0.0289255
590	0.103663
600	0.190535
610	0.232209
620	0.240732
630	0.246245
640	0.260216
650	0.275438
660	0.286945
670	0.309466
680	0.332317
690	0.359504
700	0.37208
710	0.389999
720	0.396119
730	0.410837
740	0.380479
750	0.3957
760	0.407641
770	0.42675
780	0.461796
790	0.491225
800	0.59872
810	0.750705
820	0.917371
830	1.08404
840	1.2507
850	1.41737
860	1.58404
870	1.7507
880	1.91737
890	2.08404
900	2.2507
910	2.41737
920	2.58404
930	2.7507
940	2.91737
950	3.08404
960	3.2507
970	3.41737
980	3.58404
990	3.7507
1000	3.91737
1010	4.08404
1020	4.2507
1030	4.41737
1040	4.58404
1050	4.7507
1060	4.91737
1070	5.08404
1080	5.2507
1090	5.41737
55
550	0.0356376
560	0.000217574
570	0.0200436
580	0.0610192
590	0.162159
600	0.207296
610	0.244493
620	0.248344
630	0.253912
640	0.267792
650	0.283073
660	0.294525
670	0.317042
680	0.339923
690	0.367101
700	0.390594
710	0.397581
720	0.403723
730	0.418424
740	0.388057
750	0.403397
760	0.416153
770	0.435736
780	0.478771
790	0.504728
800	0.59872
810	0.750705
820	0.917371
830	1.08404
840	1.2507
850	1.41737
860	1.58404
870	1.7507
880	1.91737
890	2.08404
900	2.2507
910	2.41737
920	2.58404
930	2.7507
940	2.91737
950	3.08404
960	3.2507
970	3.41737
980	3.58404
990	3.7507
1000	3.91737
1010	4.08404
1020	4.2507
1030	4.41737
1040	4.58404
1050	4.7507
1060	4.91737
1070	5.08404
1080	5.2507
1090	5.41737
56
540	0.0486267
550	0.0688196
560	0.0356494
570	0.0729622
580	0.163959
590	0.200037
600	0.222449
610	0.254124
620	0.25607
630	0.261969
640	0.27537
650	0.290845
660	0.302475
670	0.324618
680	0.347672
690	0.375572
700	0.39817
710	0.405161
720	0.411532
730	0.426422
740	0.396557
750	0.4113
760	0.424457
770	0.468281
780	0.491443
790	0.518001
800	0.59872
810	0.750705
820	0.917371
830	1.08404
840	1.2507
850	1.41737
860	1.58404
870	1.7507
880	1.91737
890	2.08404
900	2.2507
910	2.41737
920	2.58404
930	2.7507
940	2.91737
950	3.08404
960	3.2507
970	3.41737
980	3.58404
990	3.7507
1000	3.91737
1010	4.08404
1020	4.2507
1030	4.41737
1040	4.58404
1050	4.7507
1060	4.91737
1070	5.08404
1080	5.2507
1090	5.41737
57
530	0.0357585
540	0.0653803
550	0.0866974
560	0.0686315
570	0.100803
580	0.174677
590	0.203878
600	0.23575
610	0.2596
620	0.25989
630	0.265757
640	0.279158
650	0.294653
660	0.306263
670	0.328406
680	0.351479
690	0.37936
700	0.401958
710	0.408949
720	0.41532
730	0.430211
740	0.400358
750	0.415426
760	0.439432
770	0.472111
780	0.495286
790	0.567063
800	0.684174
810	0.848183
820	1.01485
830	1.18152
840	1.34818
850	1.51485
860	1.68152
870	1.84818
880	2.01485
890	2.18152
900	2.34818
910	2.51485
920	2.68152
930	2.84818
940	3.01485
950	3.18152
960	3.34818
970	3.51485
980	3.68152
990	3.84818
1000	4.01485
1010	4.18152
1020	4.34818
1030	4.51485
1040	4.68152
1050	4.84818
1060	5.01485
1070	5.18152
1080	5.34818
1090	5.51485
58
520	0.0394498
530	0.0648822
540	0.0828694
550	0.102619
560	0.0991988
570	0.177574
580	0.202449
590	0.224475
600	0.25674
610	0.275585
620	0.271422
630	0.277516
640	0.290524
650	0.306028
660	0.317792
670	0.339769
680	0.363027
690	0.390724
700	0.413321
710	0.420316
720	0.426771
730	0.442004
740	0.413073
750	0.432921
760	0.464963
770	0.48934
780	0.527658
790	0.599714
800	0.712341
810	0.876799
820	1.04347
830	1.21013
840	1.3768
850	1.54347
860	1.71013
870	1.8768
880	2.04347
890	2.21013
900	2.3768
910	2.54347
920	2.71013
930	2.8768
940	3.04347
950	3.21013
960	3.3768
970	3.54347
980	3.71013
990	3.8768
1000	4.04347
1010	4.21013
1020	4.3768
1030	4.54347
1040	4.71013
1050	4.8768
1060	5.04347
1070	5.21013
1080	5.3768
1090	5.54347
59
510	0.0420046
520	0.0614343
530	0.0842186
540	0.101809
550	0.121907
560	0.179235
570	0.202125
580	0.227724
590	0.258161
600	0.279432
610	0.296287
620	0.286778
630	0.29287
640	0.305679
650	0.321251
660	0.333234
670	0.354921
680	0.378427
690	0.405879
700	0.428473
710	0.435494
720	0.441962
730	0.457353
740	0.430046
750	0.464192
760	0.493753
770	0.527762
780	0.568
790	0.656512
800	0.811873
810	0.97854
820	1.14521
830	1.31187
840	1.47854
850	1.64521
860	1.81187
870	1.97854
880	2.14521
890	2.31187
900	2.47854
910	2.64521
920	2.81187
930	2.97854
940	3.14521
950	3.31187
960	3.47854
970	3.64521
980	3.81187
990	3.97854
1000	4.14521
1010	4.31187
1020	4.47854
1030	4.64521
1040	4.81187
1050	4.97854
1060	5.14521
1070	5.31187
1080	5.47854
1090	5.64521
60
500	0.0224448
510	0.0521393
520	0.0692021
530	0.0924403
540	0.109385
550	0.130393
560	0.191492
570	0.210801
580	0.240109
590	0.266015
600	0.288289
610	0.309868
620	0.294435
630	0.300794
640	0.313255
650	0.328999
660	0.341266
670	0.362497
680	0.386227
690	0.413455
700	0.436049
710	0.44307
720	0.449768
730	0.465536
740	0.440469
750	0.472103
760	0.502781
770	0.535698
780	0.587145
790	0.694427
800	0.857376
810	1.02404
820	1.19071
830	1.35738
840	1.52404
850	1.69071
860	1.85738
870	2.02404
880	2.19071
890	2.35738
900	2.52404
910	2.69071
920	2.85738
930	3.02404
940	3.19071
950	3.35738
960	3.52404
970	3.69071
980	3.85738
990	4.02404
1000	4.19071
1010	4.35738
1020	4.52404
1030	4.69071
1040	4.85738
1050	5.02404
1060	5.19071
1070	5.35738
1080	5.52404
1090	5.69071
61
490	0.0267891
500	0.0548774
510	0.0695855
520	0.0848777
530	0.110883
540	0.158447
550	0.195013
560	0.218921
570	0.250702
580	0.266973
590	0.290042
600	0.312881
610	0.34166
620	0.309944
630	0.316522
640	0.328407
650	0.344556
660	0.358035
670	0.381794
680	0.40179
690	0.428619
700	0.4512
710	0.458241
720	0.465256
730	0.482143
740	0.483307
750	0.508144
760	0.53084
770	0.594636
780	0.747612
790	0.914278
800	1.08095
810	1.24761
820	1.41428
830	1.58095
840	1.74761
850	1.91428
860	2.08095
870	2.24761
880	2.41428
890	2.58095
900	2.74761
910	2.91428
920	3.08095
930	3.24761
940	3.41428
950	3.58095
960	3.74761
970	3.91428
980	4.08095
990	4.24761
1000	4.74977
1010	4.91643
1020	5.0831
1030	5.24977
1040	5.41643
1050	5.5831
1060	5.74977
1070	5.91643
1080	6.0831
1090	6.24977
62
480	0.0301594
490	0.0558925
500	0.0804212
510	0.0991435
520	0.102865
530	0.156419
540	0.192501
550	0.227726
560	0.24792
570	0.271428
580	0.290709
590	0.320876
600	0.346779
610	0.370613
620	0.32519
630	0.33169
640	0.343571
650	0.359778
660	0.374004
670	0.401098
680	0.417061
690	0.4438
700	0.466352
710	0.473471
720	0.480473
730	0.497336
740	0.515566
750	0.535855
760	0.663905
770	0.826482
780	0.993149
790	1.15982
800	1.32648
810	1.49315
820	1.65982
830	1.82648
840	1.99315
850	2.15982
860	2.32648
870	2.49315
880	2.65982
890	2.82648
900	2.99315
910	3.15982
920	3.32648
930	3.49315
940	3.65982
950	3.82648
960	3.99315
970	4.15982
980	4.32648
990	4.62098
1000	4.78764
1010	4.95431
1020	5.12098
1030	5.28764
1040	5.45431
1050	5.62098
1060	5.78764
1070	5.95431
1080	6.12098
1090	6.28764
63
470	0.015276
480	0.038233
490	0.0642978
500	0.0888961
510	0.111406
520	0.116368
530	0.17345
540	0.208131
550	0.239895
560	0.264869
570	0.280392
580	0.307097
590	0.336386
600	0.359094
610	0.378229
620	0.332827
630	0.339324
640	0.351166
650	0.367397
660	0.382086
670	0.408684
680	0.424667
690	0.4514
700	0.473927
710	0.48107
720	0.488138
730	0.505184
740	0.527145
750	0.552873
760	0.663905
770	0.826482
780	0.993149
790	1.15982
800	1.32648
810	1.49315
820	1.65982
830	1.82648
840	1.99315
850	2.15982
860	2.32648
870	2.49315
880	2.65982
890	2.82648
900	2.99315
910	3.15982
920	3.32648
930	3.49315
940	3.65982
950	3.82648
960	3.99315
970	4.15982
980	4.32648
990	4.62098
1000	4.78764
1010	4.95431
1020	5.12098
1030	5.28764
1040	5.45431
1050	5.62098
1060	5.78764
1070	5.95431
1080	6.12098
1090	6.28764
64
460	0.0189745
470	0.0467112
480	0.0778619
490	0.0952276
500	0.112093
510	0.130807
520	0.174579
530	0.207174
540	0.242293
550	0.274194
560	0.289165
570	0.315235
580	0.336441
590	0.358633
600	0.379352
610	0.393451
620	0.348271
630	0.355419
640	0.36638
650	0.38294
660	0.409433
670	0.423899
680	0.440509
690	0.46661
700	0.489079
710	0.496337
720	0.504468
730	0.522773
740	0.545611
750	0.646953
760	0.806583
770	0.97325
780	1.13992
790	1.30658
800	1.47325
810	1.63992
820	1.80658
830	1.97325
840	2.13992
850	2.30658
860	2.47325
870	2.63992
880	2.80658
890	2.97325
900	3.13992
910	3.30658
920	3.47325
930	3.63992
940	3.80658
950	3.97325
960	4.13992
970	4.30658
980	4.47325
990	4.63992
1000	4.80658
1010	4.97325
1020	5.13992
1030	5.30658
1040	5.47325
1050	5.63992
1060	5.80658
1070	5.97325
1080	6.13992
1090	6.30658
65
450	0.0265303
460	0.0512392
470	0.0736722
480	0.0970247
490	0.111571
500	0.135249
510	0.16736
520	0.198367
530	0.240151
540	0.269414
550	0.291863
560	0.310096
570	0.333305
580	0.364358
590	0.385657
600	0.394504
610	0.408655
620	0.363684
630	0.371088
640	0.381598
650	0.398631
660	0.424739
670	0.439536
680	0.457087
690	0.481905
700	0.50423
710	0.511684
720	0.521922
730	0.54627
740	0.631124
750	0.784116
760	0.950783
770	1.11745
780	1.28412
790	1.45078
800	1.61745
810	1.78412
820	1.95078
830	2.11745
840	2.28412
850	2.45078
860	2.61745
870	2.78412
880	2.95078
890	3.11745
900	3.28412
910	3.45078
920	3.61745
930	3.78412
940	4.7422
950	4.90887
960	5.07554
970	5.2422
980	5.40887
990	5.57554
1000	5.7422
1010	5.90887
1020	6.07554
1030	6.2422
1040	6.40887
1050	6.57554
1060	6.7422
1070	6.90887
1080	7.07554
1090	7.2422
66
440	0.0190256
450	0.0430943
460	0.0730223
470	0.0944323
480	0.111127
490	0.139886
500	0.161022
510	0.188995
520	0.236826
530	0.261374
540	0.288531
550	0.309932
560	0.33535
570	0.357966
580	0.390606
590	0.397021
600	0.405868
610	0.420243
620	0.375602
630	0.383394
640	0.393258
650	0.411396
660	0.436386
670	0.452053
680	0.470595
690	0.493475
700	0.515594
710	0.523578
720	0.537857
730	0.613589
740	0.764769
750	0.931436
760	1.0981
770	1.26477
780	1.43144
790	1.5981
800	1.76477
810	1.93144
820	2.0981
830	2.26477
840	2.43144
850	2.5981
860	2.76477
870	2.93144
880	3.0981
890	3.26477
900	3.43144
910	3.5981
920	3.76477
930	4.61342
940	4.78008
950	4.94675
960	5.11342
970	5.28008
980	5.44675
990	5.61342
1000	5.78008
1010	5.94675
1020	6.11342
1030	6.28008
1040	6.44675
1050	6.61342
1060	6.78008
1070	6.94675
1080	7.11342
1090	7.28008
67
430	0.0132163
440	0.0234175
450	0.0514847
460	0.0804766
470	0.102951
480	0.115624
490	0.143674
500	0.169495
510	0.194477
520	0.240614
530	0.269823
540	0.296789
550	0.315021
560	0.339175
570	0.366343
580	0.396567
590	0.400808
600	0.409655
610	0.424035
620	0.379394
630	0.38721
640	0.397157
650	0.415394
660	0.440175
670	0.455912
680	0.474387
690	0.497268
700	0.519382
710	0.527532
720	0.57159
730	0.733048
740	0.899715
750	1.06638
760	1.23305
770	1.39971
780	1.56638
790	1.73305
800	1.89971
810	2.06638
820	2.23305
830	2.39971
840	2.56638
850	2.73305
860	2.89971
870	3.06638
880	3.23305
890	3.39971
900	3.56638
910	3.73305
920	3.89971
930	4.63236
940	4.79902
950	4.96569
960	5.13236
970	5.29902
980	5.46569
990	5.63236
1000	5.79902
1010	5.96569
1020	6.13236
1030	6.29902
1040	6.46569
1050	6.63236
1060	6.79902
1070	6.96569
1080	7.13236
1090	7.29902
68
420	0.0132375
430	0.0331184
440	0.0417433
450	0.0664152
460	0.0935434
470	0.114462
480	0.134282
490	0.169245
500	0.190543
510	0.231241
520	0.266214
530	0.288277
540	0.31098
550	0.34059
560	0.360117
570	0.381019
580	0.408203
590	0.412172
600	0.421024
610	0.43556
620	0.391061
630	0.400251
640	0.409202
650	0.428372
660	0.451958
670	0.468465
680	0.488544
690	0.508926
700	0.530746
710	0.540037
720	0.597158
730	0.733048
740	0.899715
750	1.06638
760	1.23305
770	1.39971
780	1.56638
790	1.73305
800	1.89971
810	2.06638
820	2.23305
830	2.39971
840	2.56638
850	2.73305
860	2.89971
870	3.06638
880	3.23305
890	3.39971
900	3.56638
910	3.73305
920	3.89971
930	4.63236
940	4.79902
950	4.96569
960	5.13236
970	5.29902
980	5.46569
990	5.63236
1000	5.79902
1010	5.96569
1020	6.13236
1030	6.29902
1040	6.46569
1050	6.63236
1060	6.79902
1070	6.96569
1080	7.13236
1090	7.29902
74
360	0
370	0
380	0
390	0
400	0
410	0.0037709
420	0.0170926
430	0.0370138
440	0.0574496
450	0.0704327
460	0.0973463
470	0.118307
480	0.138578
490	0.177767
500	0.195864
510	0.239717
520	0.273501
530	0.292327
540	0.315172
550	0.348897
560	0.364292
570	0.384814
580	0.412006
590	0.41596
600	0.42482
610	0.4394
620	0.394855
630	0.404039
640	0.413497
650	0.439295
660	0.455921
670	0.472642
680	0.493707
690	0.512721
700	0.534533
710	0.557272
720	0.680898
730	0.843522
740	1.01019
750	1.17686
760	1.34352
770	1.51019
780	1.67686
790	1.84352
800	2.01019
810	2.17686
820	2.34352
830	2.51019
840	2.67686
850	2.84352
860	3.01019
870	3.17686
880	3.34352
890	3.51019
900	3.67686
910	3.84352
920	4.01019
930	4.6513
940	4.81796
950	4.98463
960	5.1513
970	5.31796
980	5.48463
990	5.6513
1000	5.81796
1010	5.98463
1020	6.1513
1030	6.31796
1040	6.48463
1050	6.6513
1060	6.81796
1070	6.98463
1080	7.1513
1090	7.31796
74
360	0.0530303
370	0.0530303
380	0.0530303
390	0.0530303
400	0.0535311
410	0.0831372
420	0.101893
430	0.107345
440	0.1218
450	0.161067
460	0.188348
470	0.223559
480	0.251397
490	0.27902
500	0.320615
510	0.345724
520	0.371874
530	0.386009
540	0.404269
550	0.415027
560	0.435502
570	0.437992
580	0.465813
590	0.46899
600	0.477936
610	0.492818
620	0.45287
630	0.48056
640	0.513977
650	0.519632
660	0.535366
670	0.553571
680	0.559026
690	0.619537
700	0.749602
710	0.916244
720	1.08291
730	1.24958
740	1.41624
750	1.58291
760	1.74958
770	1.91624
780	2.08291
790	2.24958
800	2.41624
810	2.58291
820	2.74958
830	2.91624
840	3.08291
850	3.24958
860	3.41624
870	3.58291
880	3.74958
890	3.91624
900	4.08291
910	4.24958
920	4.41624
930	4.7119
940	4.87857
950	5.04523
960	5.2119
970	5.37857
980	5.54523
990	5.7119
1000	5.87857
1010	6.04523
1020	6.2119
1030	6.37857
1040	6.54523
1050	6.7119
1060	6.87857
1070	7.04523
1080	7.2119
1090	7.37857
74
360	0.106061
370	0.106061
380	0.106061
390	0.12407
400	0.152445
410	0.180476
420	0.175115
430	0.201033
440	0.237299
450	0.270202
460	0.304815
470	0.337588
480	0.364596
490	0.375845
500	0.399129
510	0.410432
520	0.427201
530	0.439236
540	0.458212
550	0.468057
560	0.488547
570	0.491549
580	0.520303
590	0.522021
600	0.531253
610	0.546554
620	0.546264
630	0.538589
640	0.569037
650	0.594054
660	0.629107
670	0.670361
680	0.751274
690	0.859444
700	1.00905
710	1.17572
720	1.34239
730	1.50905
740	1.67572
750	1.84239
760	2.00905
770	2.17572
780	2.34239
790	2.50905
800	2.67572
810	2.84239
820	3.00905
830	3.17572
840	3.34239
850	3.50905
860	3.67572
870	3.84239
880	4.00905
890	4.17572
900	4.34239
910	4.50905
920	4.67572
930	4.84239
940	5.00905
950	5.17572
960	5.34239
970	5.50905
980	5.67572
990	5.84239
1000	6.00905
1010	6.17572
1020	6.34239
1030	6.50905
1040	6.67572
1050	6.84239
1060	7.00905
1070	7.17572
1080	7.34239
1090	7.50905
74
360	0.159091
370	0.181371
380	0.208901
390	0.235139
400	0.255856
410	0.281128
420	0.300021
430	0.324714
440	0.360278
450	0.385298
460	0.396883
470	0.407597
480	0.422269
490	0.429911
500	0.452159
510	0.463463
520	0.480259
530	0.492623
540	0.512844
550	0.521088
560	0.541636
570	0.54562
580	0.575679
590	0.575055
600	0.585156
610	0.602575
620	0.616954
630	0.63888
640	0.674556
650	0.699516
660	0.77577
670	0.923179
680	1.08985
690	1.25651
700	1.42318
710	1.58985
720	1.75651
730	1.92318
740	2.08985
750	2.25651
760	2.42318
770	2.58985
780	2.75651
790	2.92318
800	3.08985
810	3.25651
820	3.42318
830	3.58985
840	3.75651
850	3.92318
860	4.08985
870	4.25651
880	4.42318
890	4.7007
900	4.86737
910	5.03403
920	5.2007
930	5.36737
940	5.53403
950	5.7007
960	5.86737
970	6.03403
980	6.2007
990	6.36737
1000	6.53403
1010	6.7007
1020	6.86737
1030	7.03403
1040	7.2007
1050	7.36737
1060	7.53403
1070	7.7007
1080	7.86737
1090	8.03403
74
360	0.215199
370	0.242478
380	0.268383
390	0.287833
400	0.310131
410	0.326174
420	0.359567
430	0.381401
440	0.405232
450	0.420442
460	0.432032
470	0.442833
480	0.457839
490	0.465408
500	0.487303
510	0.498607
520	0.515428
530	0.528223
540	0.548329
550	0.556232
560	0.57691
570	0.581117
580	0.6111
590	0.610754
600	0.625959
610	0.653659
620	0.679206
630	0.706819
640	0.767226
650	0.899273
660	1.06594
670	1.23261
680	1.39927
690	1.56594
700	1.73261
710	1.89927
720	2.06594
730	2.23261
740	2.39927
750	2.56594
760	2.73261
770	2.89927
780	3.06594
790	3.23261
800	3.39927
810	3.56594
820	3.73261
830	3.89927
840	4.06594
850	4.23261
860	4.73808
870	4.90474
880	5.07141
890	5.23808
900	5.40474
910	5.57141
920	5.73808
930	5.90474
940	6.07141
950	6.23808
960	6.40474
970	6.57141
980	6.73808
990	6.90474
1000	7.07141
1010	7.23808
1020	7.40474
1030	7.57141
1040	7.73808
1050	7.90474
1060	8.07141
1070	8.23808
1080	8.40474
1090	8.57141
74
360	0.266567
370	0.28948
380	0.313599
390	0.335921
400	0.362224
410	0.38573
420	0.399162
430	0.410207
440	0.431796
450	0.446159
460	0.457763
470	0.468791
480	0.484248
490	0.491577
500	0.513021
510	0.524325
520	0.541309
530	0.554469
540	0.574493
550	0.581949
560	0.602942
570	0.608738
580	0.638148
590	0.655505
600	0.679773
610	0.703519
620	0.739363
630	0.893203
640	1.0585
650	1.22516
660	1.39183
670	1.5585
680	1.72516
690	1.89183
700	2.0585
710	2.22516
720	2.39183
730	2.5585
740	2.72516
750	2.89183
760	3.0585
770	3.22516
780	3.39183
790	3.5585
800	3.72516
810	3.89183
820	4.0585
830	4.22516
840	4.39183
850	4.64258
860	4.80925
870	4.97591
880	5.14258
890	5.30925
900	5.47591
910	5.64258
920	5.80925
930	5.97591
940	6.14258
950	6.30925
960	6.47591
970	6.64258
980	6.80925
990	6.97591
1000	7.14258
1010	7.30925
1020	7.47591
1030	7.64258
1040	7.80925
1050	7.97591
1060	8.14258
1070	8.30925
1080	8.47591
1090	8.64258
74
360	0.317068
370	0.339016
380	0.368966
390	0.387554
400	0.407828
410	0.425742
420	0.429297
430	0.440783
440	0.463091
450	0.476292
460	0.487965
470	0.499292
480	0.515383
490	0.522672
500	0.543153
510	0.554582
520	0.571575
530	0.585387
540	0.6061
550	0.612359
560	0.633769
570	0.671062
580	0.706589
590	0.713136
600	0.743006
610	0.765529
620	0.859423
630	0.994693
640	1.16135
650	1.32802
660	1.49468
670	1.66135
680	1.82802
690	1.99468
700	2.16135
710	2.32802
720	2.49468
730	2.66135
740	2.82802
750	2.99468
760	3.16135
770	3.32802
780	3.49468
790	3.66135
800	3.82802
810	3.99468
820	4.16135
830	4.32802
840	4.49468
850	4.66135
860	4.82802
870	4.99468
880	5.16135
890	5.32802
900	5.49468
910	5.66135
920	5.82802
930	5.99468
940	6.16135
950	6.32802
960	6.49468
970	6.66135
980	6.82802
990	6.99468
1000	7.16135
1010	7.32802
1020	7.49468
1030	7.66135
1040	7.82802
1050	7.99468
1060	8.16135
1070	8.32802
1080	8.49468
1090	8.66135
74
360	0.370799
370	0.396069
380	0.400411
390	0.419143
400	0.4397
410	0.457179
420	0.460766
430	0.4727
440	0.495482
450	0.507729
460	0.519543
470	0.531101
480	0.548271
490	0.556527
500	0.57696
510	0.586555
520	0.603263
530	0.617758
540	0.639553
550	0.660706
560	0.686876
570	0.718102
580	0.742376
590	0.767987
600	0.819678
610	0.94461
620	1.11128
630	1.27794
640	1.44461
650	1.61128
660	1.77794
670	1.94461
680	2.11128
690	2.27794
700	2.44461
710	2.61128
720	2.77794
730	2.94461
740	3.11128
750	3.27794
760	3.44461
770	3.61128
780	3.77794
790	3.94461
800	4.11128
810	4.7204
820	4.88706
830	5.05373
840	5.2204
850	5.38706
860	5.55373
870	5.7204
880	5.88706
890	6.05373
900	6.2204
910	6.38706
920	6.55373
930	6.7204
940	6.88706
950	7.05373
960	7.2204
970	7.38706
980	7.55373
990	7.7204
1000	7.88706
1010	8.05373
1020	8.2204
1030	8.38706
1040	8.55373
1050	8.7204
1060	8.88706
1070	9.05373
1080	9.2204
1090	9.38706
74
360	0.423755
370	0.424371
380	0.42577
390	0.444824
400	0.465898
410	0.482515
420	0.486167
430	0.498796
440	0.520969
450	0.533066
460	0.545659
470	0.558605
480	0.579296
490	0.605479
500	0.640513
510	0.611976
520	0.630048
530	0.66765
540	0.691161
550	0.716019
560	0.743342
570	0.775427
580	0.801991
590	0.906644
600	1.05409
610	1.22075
620	1.38742
630	1.55409
640	1.72075
650	1.88742
660	2.05409
670	2.22075
680	2.38742
690	2.55409
700	2.72075
710	2.88742
720	3.05409
730	3.22075
740	3.38742
750	3.55409
760	3.72075
770	3.88742
780	4.05409
790	4.22075
800	4.60558
810	4.77225
820	4.93891
830	5.10558
840	5.27225
850	5.43891
860	5.60558
870	5.77225
880	5.93891
890	6.10558
900	6.27225
910	6.43891
920	6.60558
930	6.77225
940	6.93891
950	7.10558
960	7.27225
970	7.43891
980	7.60558
990	7.77225
1000	7.93891
1010	8.10558
1020	8.27225
1030	8.43891
1040	8.60558
1050	8.77225
1060	8.93891
1070	9.10558
1080	9.27225
1090	9.43891
74
360	0.473916
370	0.473578
380	0.475098
390	0.494969
400	0.516958
410	0.531722
420	0.536092
430	0.552421
440	0.57861
450	0.601976
460	0.626031
470	0.65393
480	0.671243
490	0.70999
500	0.694498
510	0.701778
520	0.742142
530	0.762721
540	0.787693
550	0.806454
560	0.853085
570	0.933202
580	1.08711
590	1.25378
600	1.42044
610	1.58711
620	1.75378
630	1.92044
640	2.08711
650	2.25378
660	2.42044
670	2.58711
680	2.75378
690	2.92044
700	3.08711
710	3.25378
720	3.42044
730	3.58711
740	3.75378
750	3.92044
760	4.08711
770	4.25378
780	4.42044
790	4.58711
800	4.75378
810	4.92044
820	5.08711
830	5.25378
840	5.42044
850	5.58711
860	5.75378
870	5.92044
880	6.08711
890	6.25378
900	6.42044
910	6.58711
920	6.75378
930	6.92044
940	7.08711
950	7.25378
960	7.42044
970	7.58711
980	7.75378
990	7.92044
1000	8.08711
1010	8.25378
1020	8.42044
1030	8.58711
1040	8.75378
1050	8.92044
1060	9.08711
1070	9.25378
1080	9.42044
1090	9.58711
74
360	0.527723
370	0.526675
380	0.528515
390	0.549345
400	0.572456
410	0.592513
420	0.617834
430	0.645807
440	0.670226
450	0.694328
460	0.707355
470	0.727578
480	0.745853
490	0.77173
500	0.78299
510	0.812584
520	0.845445
530	0.875392
540	0.896256
550	0.944896
560	1.08113
570	1.24674
580	1.41341
590	1.58007
600	1.74674
610	1.91341
620	2.08007
630	2.24674
640	2.41341
650	2.58007
660	2.74674
670	2.91341
680	3.08007
690	3.24674
700	3.41341
710	3.58007
720	3.74674
730	3.91341
740	4.08007
750	4.24674
760	4.41341
770	4.58007
780	4.74674
790	4.91341
800	5.08007
810	5.24674
820	5.41341
830	5.58007
840	5.74674
850	5.91341
860	6.08007
870	6.24674
880	6.41341
890	6.58007
900	6.74674
910	6.91341
920	7.08007
930	7.24674
940	7.41341
950	7.58007
960	7.74674
970	7.91341
980	8.08007
990	8.24674
1000	8.41341
1010	8.58007
1020	8.74674
1030	8.91341
1040	9.08007
1050	9.24674
1060	9.41341
1070	9.58007
1080	9.74674
1090	9.91341
74
360	0.578611
370	0.576003
380	0.606732
390	0.641333
400	0.665457
410	0.693552
420	0.710503
430	0.728019
440	0.748115
450	0.771244
460	0.778209
470	0.811801
480	0.823465
490	0.862619
500	0.884621
510	0.92044
520	1.12047
530	1.28683
540	1.4535
550	1.62017
560	1.78683
570	1.9535
580	2.12017
590	2.28683
600	2.4535
610	2.62017
620	2.78683
630	2.9535
640	3.12017
650	3.28683
660	3.4535
670	3.62017
680	3.78683
690	3.9535
700	4.12017
710	4.28683
720	4.4535
730	4.73706
740	4.90373
750	5.0704
760	5.23706
770	5.40373
780	5.5704
790	5.73706
800	5.90373
810	6.0704
820	6.23706
830	6.40373
840	6.5704
850	6.73706
860	6.90373
870	7.0704
880	7.23706
890	7.40373
900	7.5704
910	7.73706
920	7.90373
930	8.0704
940	8.23706
950	8.40373
960	8.5704
970	8.73706
980	8.90373
990	9.0704
1000	9.23706
1010	9.40373
1020	9.5704
1030	9.73706
1040	9.90373
1050	10.0704
1060	10.1284
1070	10.1513
1080	10.2149
1090	10.3654
74
360	0.636413
370	0.675913
380	0.696741
390	0.722608
400	0.744304
410	0.750161
420	0.766436
430	0.778575
440	0.813376
450	0.846304
460	0.878561
470	0.898376
480	0.922519
490	0.945924
500	0.979415
510	1.09668
520	1.26057
530	1.42724
540	1.5939
550	1.76057
560	1.92724
570	2.0939
580	2.26057
590	2.42724
600	2.5939
610	2.76057
620	2.92724
630	3.0939
640	3.26057
650	3.42724
660	3.5939
670	3.76057
680	3.92724
690	4.0939
700	4.26057
710	4.42724
720	4.5939
730	4.76057
740	4.92724
750	5.0939
760	5.26057
770	5.42724
780	5.5939
790	5.76057
800	5.92724
810	6.0939
820	6.26057
830	6.42724
840	6.5939
850	6.76057
860	6.92724
870	7.0939
880	7.26057
890	7.42724
900	7.5939
910	7.76057
920	7.92724
930	8.0939
940	8.26057
950	8.42724
960	8.5939
970	8.76057
980	8.92724
990	9.0939
1000	9.26057
1010	9.42724
1020	9.5939
1030	9.76057
1040	9.92724
1050	10.0939
1060	10.1416
1070	10.1598
1080	10.228
1090	10.3699
74
360	0.686674
370	0.702836
380	0.722417
390	0.747437
400	0.766895
410	0.7726
420	0.795292
430	0.828717
440	0.864093
450	0.891328
460	0.909162
470	0.942481
480	0.961705
490	1.02496
500	1.13155
510	1.29338
520	1.46005
530	1.62671
540	1.79338
550	1.96005
560	2.12671
570	2.29338
580	2.46005
590	2.62671
600	2.79338
610	2.96005
620	3.12671
630	3.29338
640	3.46005
650	3.62671
660	3.79338
670	3.96005
680	4.12671
690	4.29338
700	4.46005
710	4.62671
720	4.79338
730	4.96005
740	5.12671
750	5.29338
760	5.46005
770	5.62671
780	5.79338
790	5.96005
800	6.12671
810	6.29338
820	6.46005
830	6.62671
840	6.79338
850	6.96005
860	7.12671
870	7.29338
880	7.46005
890	7.62671
900	7.79338
910	7.96005
920	8.12671
930	8.29338
940	8.46005
950	8.62671
960	8.79338
970	8.96005
980	9.12671
990	9.29338
1000	9.46005
1010	9.62671
1020	9.79338
1030	9.96005
1040	10.1266
1050	10.1304
1060	10.1496
1070	10.2018
1080	10.2685
1090	10.4111
74
360	0.737763
370	0.738808
380	0.755853
390	0.784407
400	0.810872
410	0.841867
420	0.871423
430	0.889352
440	0.920188
450	0.942647
460	0.970437
470	0.994097
480	1.11655
490	1.2725
500	1.43917
510	1.60583
520	1.7725
530	1.93917
540	2.10583
550	2.2725
560	2.43917
570	2.60583
580	2.7725
590	2.93917
600	3.10583
610	3.2725
620	3.43917
630	3.60583
640	3.7725
650	3.93917
660	4.10583
670	4.2725
680	4.43917
690	4.63409
700	4.80076
710	4.96743
720	5.13409
730	5.30076
740	5.46743
750	5.63409
760	5.80076
770	5.96743
780	6.13409
790	6.30076
800	6.46743
810	6.63409
820	6.80076
830	6.96743
840	7.13409
850	7.30076
860	7.46743
870	7.63409
880	7.80076
890	7.96743
900	8.13409
910	8.30076
920	8.46743
930	8.63409
940	8.80076
950	8.96743
960	9.13409
970	9.30076
980	9.46743
990	9.63409
1000	9.80076
1010	9.96743
1020	10.1163
1030	10.1352
1040	10.1415
1050	10.1423
1060	10.1867
1070	10.2427
1080	10.3468
1090	10.5062
74
360	0.792897
370	0.816637
380	0.84541
390	0.872285
400	0.897567
410	0.933754
420	0.952172
430	0.970737
440	1.00019
450	1.02485
460	1.14215
470	1.30306
480	1.46973
490	1.6364
500	1.80306
510	1.96973
520	2.1364
530	2.30306
540	2.46973
550	2.6364
560	2.80306
570	2.96973
580	3.1364
590	3.30306
600	4.70277
610	4.86943
620	5.0361
630	5.20277
640	5.36943
650	5.5361
660	5.70277
670	5.86943
680	6.0361
690	6.20277
700	6.36943
710	6.5361
720	6.70277
730	6.86943
740	7.0361
750	7.20277
760	7.36943
770	7.5361
780	7.70277
790	7.86943
800	8.0361
810	8.20277
820	8.36943
830	8.5361
840	8.70277
850	8.86943
860	9.0361
870	9.20277
880	9.36943
890	9.5361
900	9.70277
910	9.80846
920	9.8998
930	9.97183
940	10.016
950	10.0365
960	10.05
970	10.066
980	10.0755
990	10.0903
1000	10.1112
1010	10.1425
1020	10.1507
1030	10.1556
1040	10.1615
1050	10.1865
1060	10.3213
1070	10.4846
1080	10.6512
1090	10.8179
74
360	0.843005
370	0.871448
380	0.899868
390	0.921031
400	0.951037
410	0.9811
420	0.99989
430	1.01276
440	1.07272
450	1.23881
460	1.40547
470	1.57214
480	1.73881
490	1.90547
500	2.07214
510	2.23881
520	2.40547
530	2.57214
540	2.73881
550	2.90547
560	3.07214
570	3.23881
580	3.40547
590	4.57398
600	4.74065
610	4.90732
620	5.07398
630	5.24065
640	5.40732
650	5.57398
660	5.74065
670	5.90732
680	6.07398
690	6.24065
700	6.40732
710	6.57398
720	6.74065
730	6.90732
740	7.07398
750	7.24065
760	7.40732
770	7.57398
780	7.74065
790	7.90732
800	8.07398
810	8.24065
820	8.40732
830	8.57398
840	8.74065
850	8.90732
860	9.07398
870	9.24065
880	9.40732
890	9.57398
900	9.74065
910	9.84643
920	9.9356
930	10.0066
940	10.0332
950	10.0442
960	10.0578
970	10.0736
980	10.0831
990	10.098
1000	10.1189
1010	10.1501
1020	10.1677
1030	10.1645
1040	10.1694
1050	10.2035
1060	10.3213
1070	10.4846
1080	10.6513
1090	10.8179
74
360	0.902832
370	0.937668
380	0.960284
390	0.982902
400	1.0021
410	1.02365
420	1.05338
430	1.16968
440	1.33337
450	1.50004
460	1.6667
470	1.83337
480	2.00004
490	2.1667
500	2.33337
510	2.50004
520	2.6667
530	2.83337
540	3.00004
550	3.1667
560	3.33337
570	3.50004
580	3.6667
590	4.6135
600	4.78016
610	4.94683
620	5.1135
630	5.28016
640	5.44683
650	5.6135
660	5.78016
670	5.94683
680	6.1135
690	6.28016
700	6.44683
710	6.6135
720	6.78016
730	6.94683
740	7.1135
750	7.28016
760	7.44683
770	7.6135
780	7.78016
790	7.94683
800	8.1135
810	8.28016
820	8.44683
830	8.6135
840	8.78016
850	8.94683
860	9.1135
870	9.28016
880	9.44683
890	9.6135
900	9.78016
910	9.886
920	9.97874
930	10.0253
940	10.0521
950	10.0537
960	10.0675
970	10.0828
980	10.0925
990	10.1072
1000	10.1282
1010	10.16
1020	10.177
1030	10.1839
1040	10.183
1050	10.3563
1060	10.5187
1070	10.6854
1080	10.8521
1090	11.0187
74
360	0.958496
370	0.982392
380	0.994935
390	1.01162
400	1.03611
410	1.11229
420	1.25826
430	1.42492
440	1.59159
450	1.75826
460	1.92492
470	2.09159
480	2.25826
490	2.42492
500	2.59159
510	2.75826
520	2.92492
530	3.09159
540	3.25826
550	3.42492
560	3.59159
570	3.75826
580	3.92492
590	4.64973
600	4.81639
610	4.98306
620	5.14973
630	5.31639
640	5.48306
650	5.64973
660	5.81639
670	5.98306
680	6.14973
690	6.31639
700	6.48306
710	6.64973
720	6.81639
730	6.98306
740	7.14973
750	7.31639
760	7.48306
770	7.64973
780	7.81639
790	7.98306
800	8.14973
810	8.31639
820	8.48306
830	8.64973
840	8.81639
850	8.98306
860	9.14973
870	9.31639
880	9.48306
890	9.64973
900	9.81639
910	9.92198
920	10.0025
930	10.0394
940	10.0614
950	10.0596
960	10.0735
970	10.0888
980	10.0985
990	10.1132
1000	10.1342
1010	10.1659
1020	10.183
1030	10.1946
1040	10.1984
1050	10.3546
1060	10.5171
1070	10.6837
1080	10.8504
1090	11.0171
74
360	1.01487
370	1.04837
380	1.07163
390	1.10569
400	1.25141
410	1.41493
420	1.5816
430	1.74827
440	1.91493
450	2.0816
460	2.24827
470	2.41493
480	2.5816
490	2.74827
500	2.91493
510	3.0816
520	3.24827
530	3.41493
540	3.5816
550	3.74827
560	3.91493
570	4.0816
580	4.24827
590	4.7252
600	4.89187
610	5.05854
620	5.2252
630	5.39187
640	5.55854
650	5.7252
660	5.89187
670	6.05854
680	6.2252
690	6.39187
700	6.55854
710	6.7252
720	6.89187
730	7.05854
740	7.2252
750	7.39187
760	7.55854
770	7.7252
780	7.89187
790	8.05854
800	8.2252
810	8.39187
820	8.55854
830	8.7252
840	8.89187
850	9.05854
860	9.2252
870	9.39187
880	9.55854
890	9.7252
900	9.89187
910	9.98398
920	10.0416
930	10.0637
940	10.0765
950	10.075
960	10.0888
970	10.1036
980	10.1136
990	10.1281
1000	10.1493
1010	10.1815
1020	10.1982
1030	10.2144
1040	10.2323
1050	10.3543
1060	10.5168
1070	10.6835
1080	10.8501
1090	11.0168
74
360	1.0701
370	1.09454
380	1.12178
390	1.19239
400	1.34662
410	1.51329
420	1.67996
430	1.84662
440	2.01329
450	2.17996
460	2.34662
470	2.51329
480	2.67996
490	2.84662
500	3.01329
510	3.17996
520	3.34662
530	3.51329
540	3.67996
550	3.84662
560	4.01329
570	4.17996
580	4.34662
590	4.74328
600	4.90995
610	5.07661
620	5.24328
630	5.40995
640	5.57661
650	5.74328
660	5.90995
670	6.07661
680	6.24328
690	6.40995
700	6.57661
710	6.74328
720	6.90995
730	7.07661
740	7.24328
750	7.40995
760	7.57661
770	7.74328
780	7.90995
790	8.07661
800	8.24328
810	8.40995
820	8.57661
830	8.74328
840	8.90995
850	9.07661
860	9.24328
870	9.40995
880	9.57661
890	9.74328
900	9.90995
910	10.0008
920	10.0451
930	10.0666
940	10.0794
950	10.0779
960	10.0917
970	10.1066
980	10.1165
990	10.1311
1000	10.1523
1010	10.1845
1020	10.2012
1030	10.2173
1040	10.2399
1050	10.3535
1060	10.5159
1070	10.6826
1080	10.8493
1090	11.0159
74
360	1.12362
370	1.14217
380	1.20659
390	1.419
400	1.58567
410	1.75233
420	1.919
430	2.08567
440	2.25233
450	2.419
460	2.58567
470	2.75233
480	2.919
490	3.08567
500	3.25233
510	3.419
520	3.58567
530	3.75233
540	3.919
550	4.08567
560	4.25233
570	4.419
580	4.61485
590	4.78152
600	4.94819
610	5.11485
620	5.28152
630	5.44819
640	5.61485
650	5.78152
660	5.94819
670	6.11485
680	6.28152
690	6.44819
700	6.61485
710	6.78152
720	6.94819
730	7.11485
740	7.28152
750	7.44819
760	7.61485
770	7.78152
780	7.94819
790	8.11485
800	8.28152
810	8.44819
820	8.61485
830	8.78152
840	8.94819
850	9.11485
860	9.28152
870	9.44819
880	9.61485
890	9.78152
900	9.94819
910	10.039
920	10.0578
930	10.0745
940	10.0873
950	10.086
960	10.0997
970	10.1145
980	10.1247
990	10.1391
1000	10.1604
1010	10.1925
1020	10.2092
1030	10.2253
1040	10.283
1050	10.4094
1060	10.5747
1070	10.7414
1080	10.9081
1090	11.0479
74
360	1.17897
370	1.20193
380	1.27523
390	1.41946
400	1.58613
410	1.75279
420	1.91946
430	2.08613
440	2.25279
450	2.41946
460	2.58613
470	2.75279
480	2.91946
490	3.08613
500	3.25279
510	3.41946
520	3.58613
530	3.75279
540	3.91946
550	4.08613
560	4.25279
570	4.41946
580	4.61531
590	4.78198
600	4.94864
610	5.11531
620	5.28198
630	5.44864
640	5.61531
650	5.78198
660	5.94864
670	6.11531
680	6.28198
690	6.44864
700	6.61531
710	6.78198
720	6.94864
730	7.11531
740	7.28198
750	7.44864
760	7.61531
770	7.78198
780	7.94864
790	8.11531
800	8.28198
810	8.44864
820	8.61531
830	8.78198
840	8.94864
850	9.11531
860	9.28198
870	9.44864
880	9.61531
890	9.78198
900	9.94864
910	10.0395
920	10.0583
930	10.075
940	10.0878
950	10.0865
960	10.1001
970	10.115
980	10.1252
990	10.1396
1000	10.1608
1010	10.193
1020	10.2096
1030	10.2258
1040	10.2834
1050	10.4099
1060	10.5752
1070	10.7419
1080	10.9085
1090	11.0484
74
360	1.23135
370	1.35415
380	1.51487
390	1.68154
400	1.8482
410	2.01487
420	2.18154
430	2.3482
440	2.51487
450	2.68154
460	2.8482
470	3.01487
480	3.18154
490	3.3482
500	3.51487
510	3.68154
520	3.8482
530	4.01487
540	4.18154
550	4.3482
560	4.51487
570	4.73806
580	4.90473
590	5.0714
600	5.23806
610	5.40473
620	5.5714
630	5.73806
640	5.90473
650	6.0714
660	6.23806
670	6.40473
680	6.5714
690	6.73806
700	6.90473
710	7.0714
720	7.23806
730	7.40473
740	7.5714
750	7.73806
760	7.90473
770	8.0714
780	8.23806
790	8.40473
800	8.5714
810	8.73806
820	8.90473
830	9.0714
840	9.23806
850	9.40473
860	9.5714
870	9.73806
880	9.90473
890	10.0582
900	10.048
910	10.0555
920	10.0708
930	10.0868
940	10.0998
950	10.0987
960	10.1125
970	10.1268
980	10.1377
990	10.1554
1000	10.1729
1010	10.2053
1020	10.2223
1030	10.2801
1040	10.4076
1050	10.5733
1060	10.7399
1070	10.9066
1080	11.0564
1090	11.0564
74
360	1.28255
370	1.42357
380	1.59024
390	1.75691
400	1.92357
410	2.09024
420	2.25691
430	2.42357
440	2.59024
450	2.75691
460	2.92357
470	3.09024
480	3.25691
490	3.42357
500	3.59024
510	3.75691
520	3.92357
530	4.09024
540	4.25691
550	4.42357
560	4.59024
570	4.75691
580	4.92357
590	5.09024
600	5.25691
610	5.42357
620	5.59024
630	5.75691
640	5.92357
650	6.09024
660	6.25691
670	6.42357
680	6.59024
690	6.75691
700	6.92357
710	7.09024
720	7.25691
730	7.42357
740	7.59024
750	7.75691
760	7.92357
770	8.09024
780	8.25691
790	8.42357
800	8.59024
810	8.75691
820	8.92357
830	9.09024
840	9.25691
850	9.42357
860	9.59024
870	9.75691
880	9.92357
890	10.0663
900	10.0517
910	10.0592
920	10.0745
930	10.0905
940	10.1035
950	10.1024
960	10.1162
970	10.1306
980	10.1415
990	10.1592
1000	10.1766
1010	10.209
1020	10.226
1030	10.2885
1040	10.4075
1050	10.5732
1060	10.7398
1070	10.9065
1080	11.0563
1090	11.0563
74
360	1.37816
370	1.53879
380	1.70546
390	1.87212
400	2.03879
410	2.20546
420	2.37212
430	2.53879
440	2.70546
450	2.87212
460	3.03879
470	3.20546
480	3.37212
490	3.53879
500	3.70546
510	3.87212
520	4.03879
530	4.20546
540	4.37212
550	4.53879
560	4.70546
570	4.87212
580	5.03879
590	5.20546
600	5.37212
610	5.53879
620	5.70546
630	5.87212
640	6.03879
650	6.20546
660	6.37212
670	6.53879
680	6.70546
690	6.87212
700	7.03879
710	7.20546
720	7.37212
730	7.53879
740	7.70546
750	7.87212
760	8.03879
770	8.20546
780	8.37212
790	8.53879
800	8.70546
810	8.87212
820	9.03879
830	9.20546
840	9.37212
850	9.53879
860	9.70546
870	9.87212
880	10.0388
890	10.1126
900	10.0965
910	10.104
920	10.1193
930	10.1353
940	10.1482
950	10.1471
960	10.161
970	10.1754
980	10.1869
990	10.2053
1000	10.222
1010	10.2538
1020	10.274
1030	10.3729
1040	10.5348
1050	10.7015
1060	10.8682
1070	11.0348
1080	11.101
1090	11.101
74
360	1.44214
370	1.60614
380	1.77281
390	1.93947
400	2.10614
410	2.27281
420	2.43947
430	2.60614
440	2.77281
450	2.93947
460	3.10614
470	3.27281
480	3.43947
490	3.60614
500	3.77281
510	3.93947
520	4.10614
530	4.714
540	4.88067
550	5.04734
560	5.214
570	5.38067
580	5.54734
590	5.714
600	5.88067
610	6.04734
620	6.214
630	6.38067
640	6.54734
650	6.714
660	6.88067
670	7.04734
680	7.214
690	7.38067
700	7.54734
710	7.714
720	7.88067
730	8.04734
740	8.214
750	8.38067
760	8.54734
770	8.714
780	8.88067
790	9.04734
800	9.214
810	9.38067
820	9.54734
830	9.714
840	9.88067
850	9.983
860	10.0684
870	10.0918
880	10.1168
890	10.1352
900	10.1147
910	10.1223
920	10.1376
930	10.1536
940	10.1665
950	10.1654
960	10.1793
970	10.1937
980	10.2052
990	10.2242
1000	10.2475
1010	10.2721
1020	10.3676
1030	10.5226
1040	10.6892
1050	10.8559
1060	11.0226
1070	11.1149
1080	11.1193
1090	11.1193
74
360	1.62068
370	1.78735
380	1.95401
390	2.12068
400	2.28735
410	2.45401
420	2.62068
430	2.78735
440	2.95401
450	3.12068
460	3.28735
470	3.45401
480	3.62068
490	3.78735
500	3.95401
510	4.12068
520	4.28735
530	4.83399
540	5.00066
550	5.16733
560	5.33399
570	5.50066
580	5.66733
590	5.83399
600	6.00066
610	6.16733
620	6.33399
630	6.50066
640	6.66733
650	6.83399
660	7.00066
670	7.16733
680	7.33399
690	7.50066
700	7.66733
710	7.83399
720	8.00066
730	8.16733
740	8.33399
750	8.50066
760	8.66733
770	8.83399
780	9.00066
790	9.16733
800	9.33399
810	9.50066
820	9.66733
830	9.83399
840	10.0007
850	10.1041
860	10.1676
870	10.1815
880	10.207
890	10.2253
900	10.2044
910	10.212
920	10.2281
930	10.2432
940	10.2563
950	10.2555
960	10.2706
970	10.2837
980	10.2992
990	10.3239
1000	10.3433
1010	10.4345
1020	10.5798
1030	10.7464
1040	10.9131
1050	11.0798
1060	11.1951
1070	11.2052
1080	11.2052
1090	11.2052
74
360	1.73263
370	1.8993
380	2.06597
390	2.23263
400	2.3993
410	2.56597
420	2.73263
430	2.8993
440	3.06597
450	3.23263
460	3.3993
470	3.56597
480	3.73263
490	3.8993
500	4.06597
510	4.23263
520	4.3993
530	4.81879
540	4.98546
550	5.15213
560	5.31879
570	5.48546
580	5.65213
590	5.81879
600	5.98546
610	6.15213
620	6.31879
630	6.48546
640	6.65213
650	6.81879
660	6.98546
670	7.15213
680	7.31879
690	7.48546
700	7.65213
710	7.81879
720	7.98546
730	8.15213
740	8.31879
750	8.48546
760	8.65213
770	8.81879
780	8.98546
790	9.15213
800	9.31879
810	9.48546
820	9.65213
830	9.81879
840	9.98546
850	10.0884
860	10.1419
870	10.1512
880	10.1766
890	10.1949
900	10.1741
910	10.1816
920	10.1978
930	10.2129
940	10.226
950	10.2252
960	10.2402
970	10.2535
980	10.2733
990	10.2975
1000	10.3132
1010	10.4003
1020	10.5456
1030	10.7123
1040	10.8789
1050	11.0456
1060	11.161
1070	11.1711
1080	11.1711
1090	11.1711
74
360	1.78367
370	1.95034
380	2.11701
390	2.28367
400	2.45034
410	2.61701
420	2.78367
430	2.95034
440	3.11701
450	3.28367
460	3.45034
470	3.61701
480	3.78367
490	3.95034
500	4.11701
510	4.28367
520	4.45034
530	4.77682
540	4.94349
550	5.11016
560	5.27682
570	5.44349
580	5.61016
590	5.77682
600	5.94349
610	6.11016
620	6.27682
630	6.44349
640	6.61016
650	6.77682
660	6.94349
670	7.11016
680	7.27682
690	7.44349
700	7.61016
710	7.77682
720	7.94349
730	8.11016
740	8.27682
750	8.44349
760	8.61016
770	8.77682
780	8.94349
790	9.11016
800	9.27682
810	9.44349
820	9.61016
830	9.77682
840	9.94349
850	10.0462
860	10.0894
870	10.094
880	10.1195
890	10.1378
900	10.117
910	10.1245
920	10.1407
930	10.1558
940	10.1689
950	10.1681
960	10.1831
970	10.1967
980	10.2162
990	10.2405
1000	10.257
1010	10.3394
1020	10.4847
1030	10.6514
1040	10.818
1050	10.9847
1060	11.1001
1070	11.1102
1080	11.1102
1090	11.1102
74
360	1.89194
370	2.05861
380	2.22527
390	2.39194
400	2.55861
410	2.72527
420	2.89194
430	3.05861
440	3.22527
450	3.39194
460	3.55861
470	3.72527
480	3.89194
490	4.05861
500	4.22527
510	4.39194
520	4.55861
530	4.85299
540	5.01965
550	5.18632
560	5.35299
570	5.51965
580	5.68632
590	5.85299
600	6.01965
610	6.18632
620	6.35299
630	6.51965
640	6.68632
650	6.85299
660	7.01965
670	7.18632
680	7.35299
690	7.51965
700	7.68632
710	7.85299
720	8.01965
730	8.18632
740	8.35299
750	8.51965
760	8.68632
770	8.85299
780	9.01965
790	9.18632
800	9.35299
810	9.51965
820	9.68632
830	9.85299
840	10.0197
850	10.122
860	10.155
870	10.1551
880	10.1805
890	10.1988
900	10.178
910	10.1855
920	10.2017
930	10.2168
940	10.23
950	10.2291
960	10.2441
970	10.2583
980	10.2774
990	10.3016
1000	10.3197
1010	10.3967
1020	10.5419
1030	10.7086
1040	10.8753
1050	11.0419
1060	11.1573
1070	11.1674
1080	11.1674
1090	11.1674
74
360	1.96821
370	2.13487
380	2.30154
390	2.46821
400	2.63487
410	2.80154
420	2.96821
430	3.13487
440	3.30154
450	3.46821
460	3.63487
470	3.80154
480	3.96821
490	4.13487
500	4.30154
510	4.46821
520	4.66421
530	4.83088
540	4.99755
550	5.16421
560	5.33088
570	5.49755
580	5.66421
590	5.83088
600	5.99755
610	6.16421
620	6.33088
630	6.49755
640	6.66421
650	6.83088
660	6.99755
670	7.16421
680	7.33088
690	7.49755
700	7.66421
710	7.83088
720	7.99755
730	8.16421
740	8.33088
750	8.49755
760	8.66421
770	8.83088
780	8.99755
790	9.16421
800	9.33088
810	9.49755
820	9.66421
830	9.83088
840	9.99755
850	10.0875
860	10.1056
870	10.1027
880	10.1283
890	10.1467
900	10.1256
910	10.1331
920	10.1496
930	10.1645
940	10.1777
950	10.177
960	10.1929
970	10.2138
980	10.2254
990	10.2499
1000	10.3112
1010	10.4561
1020	10.6228
1030	10.7894
1040	10.9561
1050	11.1112
1060	11.1112
1070	11.1112
1080	11.1112
1090	11.1112
74
360	2.05686
370	2.22353
380	2.39019
390	2.55686
400	2.72353
410	2.89019
420	3.05686
430	3.22353
440	3.39019
450	3.55686
460	3.72353
470	3.89019
480	4.05686
490	4.22353
500	4.39019
510	4.55686
520	4.72353
530	4.89019
540	5.05686
550	5.22353
560	5.39019
570	5.55686
580	5.72353
590	5.89019
600	6.05686
610	6.22353
620	6.39019
630	6.55686
640	6.72353
650	6.89019
660	7.05686
670	7.22353
680	7.39019
690	7.55686
700	7.72353
710	7.89019
720	8.05686
730	8.22353
740	8.39019
750	8.55686
760	8.72353
770	8.89019
780	9.05686
790	9.22353
800	9.39019
810	9.55686
820	9.72353
830	9.89019
840	10.0569
850	10.1317
860	10.1498
870	10.1469
880	10.1727
890	10.191
900	10.1697
910	10.1772
920	10.1941
930	10.2087
940	10.2219
950	10.2212
960	10.2378
970	10.258
980	10.2699
990	10.2946
1000	10.36
1010	10.4965
1020	10.6631
1030	10.8298
1040	10.9965
1050	11.1516
1060	11.1516
1070	11.1516
1080	11.1516
1090	11.1516
74
360	2.18517
370	2.35183
380	2.5185
390	2.68517
400	2.85183
410	3.0185
420	3.18517
430	3.35183
440	3.5185
450	3.68517
460	3.85183
470	4.0185
480	4.18517
490	4.76339
500	4.93005
510	5.09672
520	5.26339
530	5.43005
540	5.59672
550	5.76339
560	5.93005
570	6.09672
580	6.26339
590	6.43005
600	6.59672
610	6.76339
620	6.93005
630	7.09672
640	7.26339
650	7.43005
660	7.59672
670	7.76339
680	7.93005
690	8.09672
700	8.26339
710	8.43005
720	8.59672
730	8.76339
740	8.93005
750	9.09672
760	9.26339
770	9.43005
780	9.59672
790	9.76339
800	9.93005
810	10.0798
820	10.1279
830	10.143
840	10.1652
850	10.1751
860	10.1932
870	10.1904
880	10.2162
890	10.2347
900	10.2132
910	10.2207
920	10.2377
930	10.2521
940	10.2654
950	10.2648
960	10.2823
970	10.3014
980	10.314
990	10.3644
1000	10.5019
1010	10.6686
1020	10.8352
1030	11.0019
1040	11.1686
1050	11.195
1060	11.195
1070	11.195
1080	11.195
1090	11.195
74
360	2.31894
370	2.48561
380	2.65228
390	2.81894
400	2.98561
410	3.15228
420	3.31894
430	3.48561
440	3.65228
450	3.81894
460	3.98561
470	4.15228
480	4.31894
490	4.78779
500	4.95446
510	5.12113
520	5.28779
530	5.45446
540	5.62113
550	5.78779
560	5.95446
570	6.12113
580	6.28779
590	6.45446
600	6.62113
610	6.78779
620	6.95446
630	7.12113
640	7.28779
650	7.45446
660	7.62113
670	7.78779
680	7.95446
690	8.12113
700	8.28779
710	8.45446
720	8.62113
730	8.78779
740	8.95446
750	9.12113
760	9.28779
770	9.45446
780	9.62113
790	9.78779
800	9.95446
810	10.1043
820	10.1419
830	10.1523
840	10.1745
850	10.1844
860	10.2025
870	10.1997
880	10.2255
890	10.2439
900	10.2224
910	10.2299
920	10.247
930	10.2614
940	10.2748
950	10.2747
960	10.2929
970	10.3107
980	10.3244
990	10.3784
1000	10.5074
1010	10.674
1020	10.8407
1030	11.0074
1040	11.174
1050	11.2005
1060	11.2005
1070	11.2005
1080	11.2005
1090	11.2005
74
360	2.44355
370	2.61022
380	2.77688
390	2.94355
400	3.11022
410	3.27688
420	3.44355
430	3.61022
440	3.77688
450	3.94355
460	4.11022
470	4.27688
480	4.44355
490	4.79756
500	4.96423
510	5.1309
520	5.29756
530	5.46423
540	5.6309
550	5.79756
560	5.96423
570	6.1309
580	6.29756
590	6.46423
600	6.6309
610	6.79756
620	6.96423
630	7.1309
640	7.29756
650	7.46423
660	7.6309
670	7.79756
680	7.96423
690	8.1309
700	8.29756
710	8.46423
720	8.6309
730	8.79756
740	8.96423
750	9.1309
760	9.29756
770	9.46423
780	9.6309
790	9.79756
800	9.96423
810	10.1093
820	10.1366
830	10.1469
840	10.1692
850	10.179
860	10.1971
870	10.1944
880	10.2202
890	10.2386
900	10.217
910	10.2246
920	10.2416
930	10.256
940	10.2695
950	10.2697
960	10.288
970	10.3054
980	10.334
990	10.41
1000	10.5701
1010	10.7368
1020	10.9035
1030	11.0701
1040	11.1937
1050	11.1951
1060	11.1951
1070	11.1951
1080	11.1951
1090	11.1951
74
360	2.54417
370	2.71084
380	2.8775
390	3.04417
400	3.21084
410	3.3775
420	3.54417
430	3.71084
440	3.8775
450	4.04417
460	4.21084
470	4.3775
480	4.54417
490	4.79252
500	4.95919
510	5.12585
520	5.29252
530	5.45919
540	5.62585
550	5.79252
560	5.95919
570	6.12585
580	6.29252
590	6.45919
600	6.62585
610	6.79252
620	6.95919
630	7.12585
640	7.29252
650	7.45919
660	7.62585
670	7.79252
680	7.95919
690	8.12585
700	8.29252
710	8.45919
720	8.62585
730	8.79252
740	8.95919
750	9.12585
760	9.29252
770	9.45919
780	9.62585
790	9.79252
800	9.95919
810	10.0938
820	10.1164
830	10.1267
840	10.149
850	10.1588
860	10.1769
870	10.1742
880	10.2
890	10.2184
900	10.1968
910	10.2044
920	10.2214
930	10.2358
940	10.2493
950	10.2495
960	10.2678
970	10.2854
980	10.3184
990	10.3946
1000	10.5461
1010	10.7128
1020	10.8795
1030	11.0461
1040	11.1697
1050	11.1711
1060	11.1711
1070	11.1711
1080	11.1711
1090	11.1711
74
360	2.6362
370	2.80287
380	2.96954
390	3.1362
400	3.30287
410	3.46954
420	3.6362
430	3.80287
440	3.96954
450	4.1362
460	4.30287
470	4.46954
480	4.6362
490	4.80287
500	4.96954
510	5.1362
520	5.30287
530	5.46954
540	5.6362
550	5.80287
560	5.96954
570	6.1362
580	6.30287
590	6.46954
600	6.6362
610	6.80287
620	6.96954
630	7.1362
640	7.30287
650	7.46954
660	7.6362
670	7.80287
680	7.96954
690	8.1362
700	8.30287
710	8.46954
720	8.6362
730	8.80287
740	8.96954
750	9.1362
760	9.30287
770	9.46954
780	9.6362
790	9.80287
800	9.96954
810	10.0924
820	10.1116
830	10.1219
840	10.1442
850	10.154
860	10.1721
870	10.1694
880	10.1952
890	10.2136
900	10.192
910	10.1996
920	10.2166
930	10.2311
940	10.2445
950	10.2449
960	10.263
970	10.281
980	10.3181
990	10.3945
1000	10.5375
1010	10.7042
1020	10.8709
1030	11.0375
1040	11.1612
1050	11.1625
1060	11.1625
1070	11.1625
1080	11.1625
1090	11.1625
74
360	2.74682
370	2.91348
380	3.08015
390	3.24682
400	3.41348
410	3.58015
420	3.74682
430	3.91348
440	4.81204
450	4.97871
460	5.14537
470	5.31204
480	5.47871
490	5.64537
500	5.81204
510	5.97871
520	6.14537
530	6.31204
540	6.47871
550	6.64537
560	6.81204
570	6.97871
580	7.14537
590	7.31204
600	7.47871
610	7.64537
620	7.81204
630	7.97871
640	8.14537
650	8.31204
660	8.47871
670	8.64537
680	8.81204
690	8.97871
700	9.14537
710	9.31204
720	9.47871
730	9.64537
740	9.81204
750	9.90028
760	9.97114
770	10.0296
780	10.0589
790	10.0763
800	10.1014
810	10.1148
820	10.1348
830	10.1443
840	10.1669
850	10.1764
860	10.1944
870	10.1919
880	10.2181
890	10.2362
900	10.2144
910	10.2219
920	10.239
930	10.2536
940	10.2672
950	10.2692
960	10.2855
970	10.3042
980	10.3482
990	10.4735
1000	10.6402
1010	10.8069
1020	10.9735
1030	11.1402
1040	11.1849
1050	11.1849
1060	11.1849
1070	11.1849
1080	11.1849
1090	11.1849
74
360	2.84377
370	3.01044
380	3.1771
390	3.34377
400	3.51044
410	3.6771
420	3.84377
430	4.01044
440	4.81732
450	4.98399
460	5.15065
470	5.31732
480	5.48399
490	5.65065
500	5.81732
510	5.98399
520	6.15065
530	6.31732
540	6.48399
550	6.65065
560	6.81732
570	6.98399
580	7.15065
590	7.31732
600	7.48399
610	7.65065
620	7.81732
630	7.98399
640	8.15065
650	8.31732
660	8.48399
670	8.65065
680	8.81732
690	8.98399
700	9.15065
710	9.31732
720	9.48399
730	9.65065
740	9.81732
750	9.90546
760	9.97641
770	10.0245
780	10.0491
790	10.0664
800	10.0916
810	10.1049
820	10.125
830	10.1344
840	10.157
850	10.1665
860	10.1846
870	10.182
880	10.2083
890	10.2263
900	10.2045
910	10.2121
920	10.2291
930	10.2437
940	10.2574
950	10.2593
960	10.2756
970	10.2989
980	10.4155
990	10.5761
1000	10.7428
1010	10.9094
1020	11.0761
1030	11.163
1040	11.175
1050	11.175
1060	11.175
1070	11.175
1080	11.175
1090	11.175
74
360	2.98065
370	3.14732
380	3.31399
390	3.48065
400	3.64732
410	3.81399
420	3.98065
430	4.14732
440	4.87619
450	5.04286
460	5.20952
470	5.37619
480	5.54286
490	5.70952
500	5.87619
510	6.04286
520	6.20952
530	6.37619
540	6.54286
550	6.70952
560	6.87619
570	7.04286
580	7.20952
590	7.37619
600	7.54286
610	7.70952
620	7.87619
630	8.04286
640	8.20952
650	8.37619
660	8.54286
670	8.70952
680	8.87619
690	9.04286
700	9.20952
710	9.37619
720	9.54286
730	9.70952
740	9.87619
750	9.96322
760	10.0352
770	10.0728
780	10.0961
790	10.1102
800	10.1353
810	10.1486
820	10.1687
830	10.1782
840	10.2008
850	10.2102
860	10.2283
870	10.2258
880	10.252
890	10.2701
900	10.2483
910	10.2558
920	10.2728
930	10.2874
940	10.3011
950	10.303
960	10.3193
970	10.3473
980	10.4554
990	10.616
1000	10.7827
1010	10.9494
1020	11.116
1030	11.2029
1040	11.2149
1050	11.2149
1060	11.2149
1070	11.2149
1080	11.2149
1090	11.2149
74
360	3.13046
370	3.29712
380	3.46379
390	3.63046
400	3.79712
410	3.96379
420	4.13046
430	4.71669
440	4.88336
450	5.05002
460	5.21669
470	5.38336
480	5.55002
490	5.71669
500	5.88336
510	6.05002
520	6.21669
530	6.38336
540	6.55002
550	6.71669
560	6.88336
570	7.05002
580	7.21669
590	7.38336
600	7.55002
610	7.71669
620	7.88336
630	8.05002
640	8.21669
650	8.38336
660	8.55002
670	8.71669
680	8.88336
690	9.05002
700	9.21669
710	9.38336
720	9.55002
730	9.71669
740	9.88336
750	9.96484
760	10.0319
770	10.0592
780	10.073
790	10.087
800	10.1122
810	10.1255
820	10.1455
830	10.1551
840	10.1777
850	10.1871
860	10.2052
870	10.2027
880	10.2289
890	10.2469
900	10.2251
910	10.2326
920	10.2497
930	10.2644
940	10.278
950	10.2832
960	10.2975
970	10.3719
980	10.5228
990	10.6843
1000	10.851
1010	11.0176
1020	11.1137
1030	11.188
1040	11.188
1050	11.188
1060	11.188
1070	11.188
1080	11.188
1090	11.188
74
360	3.28413
370	3.4508
380	3.61747
390	3.78413
400	3.9508
410	4.11747
420	4.28413
430	4.78313
440	4.9498
450	5.11646
460	5.28313
470	5.4498
480	5.61646
490	5.78313
500	5.9498
510	6.11646
520	6.28313
530	6.4498
540	6.61646
550	6.78313
560	6.9498
570	7.11646
580	7.28313
590	7.4498
600	7.61646
610	7.78313
620	7.9498
630	8.11646
640	8.28313
650	8.4498
660	8.61646
670	8.78313
680	8.9498
690	9.11646
700	9.28313
710	9.4498
720	9.61646
730	9.78313
740	9.9498
750	10.0227
760	10.0729
770	10.0995
780	10.1091
790	10.1232
800	10.1483
810	10.1616
820	10.1817
830	10.1912
840	10.2141
850	10.2233
860	10.2413
870	10.2391
880	10.2655
890	10.2833
900	10.2613
910	10.2688
920	10.2858
930	10.3007
940	10.3145
950	10.3235
960	10.3403
970	10.4231
980	10.5703
990	10.7318
1000	10.8985
1010	11.0651
1020	11.1508
1030	11.2166
1040	11.2166
1050	11.2166
1060	11.2166
1070	11.2166
1080	11.2166
1090	11.2166
74
360	3.38722
370	3.55388
380	3.72055
390	3.88722
400	4.05388
410	4.22055
420	4.38722
430	4.77042
440	4.93709
450	5.10375
460	5.27042
470	5.43709
480	5.60375
490	5.77042
500	5.93709
510	6.10375
520	6.27042
530	6.43709
540	6.60375
550	6.77042
560	6.93709
570	7.10375
580	7.27042
590	7.43709
600	7.60375
610	7.77042
620	7.93709
630	8.10375
640	8.27042
650	8.43709
660	8.60375
670	8.77042
680	8.93709
690	9.10375
700	9.27042
710	9.43709
720	9.60375
730	9.77042
740	9.93709
750	10.0099
760	10.0498
770	10.0717
780	10.0813
790	10.0953
800	10.1204
810	10.1337
820	10.1538
830	10.1633
840	10.1863
850	10.1954
860	10.2135
870	10.2112
880	10.2377
890	10.2554
900	10.2334
910	10.2409
920	10.2579
930	10.2728
940	10.2867
950	10.2957
960	10.35
970	10.4539
980	10.5576
990	10.7191
1000	10.8858
1010	11.0524
1020	11.1277
1030	11.1849
1040	11.1849
1050	11.1849
1060	11.1849
1070	11.1849
1080	11.1849
1090	11.1849
74
360	3.53855
370	3.70521
380	3.87188
390	4.03855
400	4.20521
410	4.37188
420	4.53855
430	4.83761
440	5.00427
450	5.17094
460	5.33761
470	5.50427
480	5.67094
490	5.83761
500	6.00427
510	6.17094
520	6.33761
530	6.50427
540	6.67094
550	6.83761
560	7.00427
570	7.17094
580	7.33761
590	7.50427
600	7.67094
610	7.83761
620	8.00427
630	8.17094
640	8.33761
650	8.50427
660	8.67094
670	8.83761
680	9.00427
690	9.17094
700	9.33761
710	9.50427
720	9.67094
730	9.83761
740	10.0043
750	10.0729
760	10.1048
770	10.1237
780	10.1333
790	10.1473
800	10.1725
810	10.1858
820	10.2059
830	10.2154
840	10.2383
850	10.2474
860	10.2655
870	10.2632
880	10.2897
890	10.3075
900	10.2854
910	10.2929
920	10.31
930	10.3249
940	10.3387
950	10.3477
960	10.4068
970	10.5021
980	10.6059
990	10.7674
1000	10.934
1010	11.1007
1020	11.1759
1030	11.2332
1040	11.2332
1050	11.2332
1060	11.2332
1070	11.2332
1080	11.2332
1090	11.2332
74
360	3.66616
370	3.83283
380	3.99949
390	4.16616
400	4.33283
410	4.49949
420	4.66616
430	4.83283
440	4.99949
450	5.16616
460	5.33283
470	5.49949
480	5.66616
490	5.83283
500	5.99949
510	6.16616
520	6.33283
530	6.49949
540	6.66616
550	6.83283
560	6.99949
570	7.16616
580	7.33283
590	7.49949
600	7.66616
610	7.83283
620	7.99949
630	8.16616
640	8.33283
650	8.49949
660	8.66616
670	8.83283
680	8.99949
690	9.16616
700	9.33283
710	9.49949
720	9.66616
730	9.83283
740	9.99949
750	10.0577
760	10.0849
770	10.1038
780	10.1134
790	10.1274
800	10.1526
810	10.1658
820	10.1859
830	10.1955
840	10.2184
850	10.2275
860	10.2456
870	10.2433
880	10.2698
890	10.2876
900	10.2655
910	10.273
920	10.29
930	10.3049
940	10.319
950	10.3279
960	10.3916
970	10.4784
980	10.5821
990	10.7437
1000	10.9103
1010	11.077
1020	11.1522
1030	11.2095
1040	11.2095
1050	11.2095
1060	11.2095
1070	11.2095
1080	11.2095
1090	11.2095
74
360	3.78296
370	3.94963
380	4.1163
390	4.28296
400	4.44963
410	4.82037
420	4.98704
430	5.1537
440	5.32037
450	5.48704
460	5.6537
470	5.82037
480	5.98704
490	6.1537
500	6.32037
510	6.48704
520	6.6537
530	6.82037
540	6.98704
550	7.1537
560	7.32037
570	7.48704
580	7.6537
590	7.82037
600	7.98704
610	8.1537
620	8.32037
630	8.48704
640	8.6537
650	8.82037
660	8.98704
670	9.1537
680	9.32037
690	9.48704
700	9.6537
710	9.82037
720	9.98661
730	10.0312
740	10.0385
750	10.06
760	10.0779
770	10.0968
780	10.1064
790	10.1204
800	10.1455
810	10.1588
820	10.1789
830	10.1885
840	10.2114
850	10.2205
860	10.2385
870	10.2364
880	10.2628
890	10.2806
900	10.2585
910	10.266
920	10.283
930	10.298
940	10.312
950	10.3515
960	10.4012
970	10.5157
980	10.6739
990	10.8405
1000	11.0072
1010	11.0867
1020	11.1713
1030	11.2024
1040	11.2024
1050	11.2024
1060	11.2024
1070	11.2024
1080	11.2024
1090	11.2024
74
360	3.90811
370	4.07478
380	4.24144
390	4.40811
400	4.57478
410	4.84765
420	5.01432
430	5.18099
440	5.34765
450	5.51432
460	5.68099
470	5.84765
480	6.01432
490	6.18099
500	6.34765
510	6.51432
520	6.68099
530	6.84765
540	7.01432
550	7.18099
560	7.34765
570	7.51432
580	7.68099
590	7.84765
600	8.01432
610	8.18099
620	8.34765
630	8.51432
640	8.68099
650	8.84765
660	9.01432
670	9.18099
680	9.34765
690	9.51432
700	9.68099
710	9.84765
720	10.0139
730	10.0433
740	10.0506
750	10.0722
760	10.09
770	10.1089
780	10.1185
790	10.1325
800	10.1577
810	10.171
820	10.191
830	10.2006
840	10.2236
850	10.2326
860	10.2507
870	10.2485
880	10.275
890	10.2927
900	10.2706
910	10.2781
920	10.2952
930	10.3101
940	10.3241
950	10.3684
960	10.418
970	10.524
980	10.6822
990	10.8489
1000	11.0155
1010	11.095
1020	11.1796
1030	11.2108
1040	11.2108
1050	11.2108
1060	11.2108
1070	11.2108
1080	11.2108
1090	11.2108
74
360	4.05237
370	4.21904
380	4.3857
390	4.55237
400	4.71904
410	4.8857
420	5.05237
430	5.21904
440	5.3857
450	5.55237
460	5.71904
470	5.8857
480	6.05237
490	6.21904
500	6.3857
510	6.55237
520	6.71904
530	6.8857
540	7.05237
550	7.21904
560	7.3857
570	7.55237
580	7.71904
590	7.8857
600	8.05237
610	8.21904
620	8.3857
630	8.55237
640	8.71904
650	8.8857
660	9.05237
670	9.21904
680	9.3857
690	9.55237
700	9.71904
710	9.8857
720	10.0519
730	10.0663
740	10.0735
750	10.0951
760	10.1129
770	10.1318
780	10.1415
790	10.1555
800	10.1806
810	10.1939
820	10.2139
830	10.2235
840	10.2465
850	10.2555
860	10.2736
870	10.2715
880	10.2979
890	10.3157
900	10.2935
910	10.301
920	10.3181
930	10.3331
940	10.3471
950	10.396
960	10.4456
970	10.5431
980	10.7013
990	10.868
1000	11.0347
1010	11.1141
1020	11.1987
1030	11.2299
1040	11.2299
1050	11.2299
1060	11.2299
1070	11.2299
1080	11.2299
1090	11.2299
74
360	4.22104
370	4.38771
380	4.55438
390	4.72104
400	4.88771
410	5.05438
420	5.22104
430	5.38771
440	5.55438
450	5.72104
460	5.88771
470	6.05438
480	6.22104
490	6.38771
500	6.55438
510	6.72104
520	6.88771
530	7.05438
540	7.22104
550	7.38771
560	7.55438
570	7.72104
580	7.88771
590	8.05438
600	8.22104
610	8.38771
620	8.55438
630	8.72104
640	8.88771
650	9.05438
660	9.22104
670	9.38771
680	9.55438
690	9.72104
700	9.88771
710	10.0543
720	10.0859
730	10.0949
740	10.1017
750	10.1233
760	10.1411
770	10.16
780	10.1697
790	10.1837
800	10.2088
810	10.2221
820	10.2422
830	10.2518
840	10.275
850	10.2837
860	10.3018
870	10.2999
880	10.3266
890	10.3445
900	10.3217
910	10.3292
920	10.3463
930	10.3615
940	10.3758
950	10.4242
960	10.4887
970	10.6275
980	10.7941
990	10.9608
1000	11.1136
1010	11.1572
1020	11.2581
1030	11.2581
1040	11.2581
1050	11.2581
1060	11.2581
1070	11.2581
1080	11.2581
1090	11.2581
74
360	4.36631
370	4.53297
380	4.82597
390	4.99263
400	5.1593
410	5.32597
420	5.49263
430	5.6593
440	5.82597
450	5.99263
460	6.1593
470	6.32597
480	6.49263
490	6.6593
500	6.82597
510	6.99263
520	7.1593
530	7.32597
540	7.49263
550	7.6593
560	7.82597
570	7.99263
580	8.1593
590	8.21449
600	8.28055
610	8.40428
620	8.57012
630	8.73679
640	8.90345
650	9.07012
660	9.23679
670	9.40345
680	9.57012
690	9.73679
700	9.90345
710	10.0442
720	10.071
730	10.0779
740	10.0821
750	10.1036
760	10.1215
770	10.1404
780	10.1501
790	10.1641
800	10.1892
810	10.2024
820	10.2225
830	10.2322
840	10.2554
850	10.2641
860	10.2822
870	10.2803
880	10.307
890	10.325
900	10.3021
910	10.3096
920	10.3266
930	10.3419
940	10.3573
950	10.4082
960	10.5047
970	10.6658
980	10.8325
990	10.9962
1000	11.094
1010	11.166
1020	11.2385
1030	11.2385
1040	11.2385
1050	11.2385
1060	11.2385
1070	11.2385
1080	11.2385
1090	11.2385
74
360	4.98501
370	5.15167
380	5.31834
390	5.48501
400	5.65167
410	5.81834
420	5.98501
430	6.15167
440	6.31834
450	6.48501
460	6.65167
470	6.81834
480	6.98501
490	7.15167
500	7.31834
510	7.48501
520	7.65167
530	7.81834
540	7.98501
550	8.15167
560	8.31834
570	8.48501
580	8.65167
590	8.69834
600	8.76283
610	8.87772
620	9.04356
630	9.21022
640	9.37689
650	9.54356
660	9.71022
670	9.87689
680	10.0436
690	10.2102
700	10.3769
710	10.5176
720	10.5445
730	10.5514
740	10.5555
750	10.5771
760	10.5949
770	10.6138
780	10.6236
790	10.6375
800	10.6626
810	10.6759
820	10.696
830	10.7057
840	10.7288
850	10.7375
860	10.7556
870	10.7537
880	10.7804
890	10.7985
900	10.7755
910	10.783
920	10.8001
930	10.8153
940	10.8308
950	10.8816
960	10.9782
970	11.1393
980	11.3059
990	11.4697
1000	11.5674
1010	11.6394
1020	11.7119
1030	11.7119
1040	11.7119
1050	11.7119
1060	11.7119
1070	11.7119
1080	11.7119
1090	11.7119
74
360	5.04183
370	5.20849
380	5.37516
390	5.54183
400	5.70849
410	5.87516
420	6.04183
430	6.20849
440	6.37516
450	6.54183
460	6.70849
470	6.87516
480	7.04183
490	7.20849
500	7.37516
510	7.54183
520	7.70849
530	7.87516
540	7.98302
550	8.00764
560	8.04106
570	8.07526
580	8.09787
590	8.1302
600	8.23188
610	8.38842
620	8.55509
630	8.72176
640	8.88842
650	9.05509
660	9.22176
670	9.38842
680	9.55509
690	9.72176
700	9.88816
710	9.9235
720	9.94852
730	9.95539
740	9.95954
750	9.9811
760	9.99896
770	10.0178
780	10.0276
790	10.0415
800	10.0666
810	10.0799
820	10.1
830	10.1097
840	10.1329
850	10.1416
860	10.1596
870	10.1577
880	10.1844
890	10.2025
900	10.1796
910	10.1871
920	10.2041
930	10.2193
940	10.2361
950	10.3113
960	10.4623
970	10.629
980	10.7841
990	10.8905
1000	10.9744
1010	11.0767
1020	11.1159
1030	11.1159
1040	11.1159
1050	11.1159
1060	11.1159
1070	11.1159
1080	11.1159
1090	11.1159
74
360	5.55898
370	5.72565
380	5.89231
390	6.05898
400	6.22565
410	6.39231
420	6.55898
430	6.72565
440	6.89231
450	7.05898
460	7.22565
470	7.39231
480	7.55898
490	7.72565
500	7.89231
510	8.05898
520	8.22565
530	8.39231
540	8.48425
550	8.49914
560	8.53759
570	8.56454
580	8.58541
590	8.62603
600	8.71115
610	8.8677
620	9.03436
630	9.20103
640	9.3677
650	9.53436
660	9.70103
670	9.8677
680	10.0344
690	10.201
700	10.3674
710	10.4028
720	10.4278
730	10.4347
740	10.4388
750	10.4604
760	10.4782
770	10.4971
780	10.5069
790	10.5208
800	10.5459
810	10.5592
820	10.5793
830	10.589
840	10.6122
850	10.6209
860	10.6389
870	10.637
880	10.6637
890	10.6818
900	10.6588
910	10.6663
920	10.6834
930	10.6986
940	10.7154
950	10.7906
960	10.9416
970	11.1082
980	11.2634
990	11.3697
1000	11.4537
1010	11.556
1020	11.5952
1030	11.5952
1040	11.5952
1050	11.5952
1060	11.5952
1070	11.5952
1080	11.5952
1090	11.5952
74
360	5.6158
370	5.78246
380	5.94913
390	6.1158
400	6.28246
410	6.44913
420	6.6158
430	6.78246
440	6.94913
450	7.1158
460	7.28246
470	7.44913
480	7.6158
490	7.78246
500	7.90404
510	7.94277
520	7.97505
530	8.00333
540	8.02792
550	8.05886
560	8.08196
570	8.10693
580	8.13294
590	8.19222
600	8.32112
610	8.487
620	8.65367
630	8.82034
640	8.987
650	9.15367
660	9.32034
670	9.487
680	9.65367
690	9.82034
700	9.91243
710	9.93237
720	9.95611
730	9.96298
740	9.96711
750	9.98868
760	10.0065
770	10.0254
780	10.0352
790	10.0491
800	10.0742
810	10.0875
820	10.1076
830	10.1173
840	10.1405
850	10.1492
860	10.1672
870	10.1653
880	10.192
890	10.2101
900	10.1871
910	10.1946
920	10.2191
930	10.2269
940	10.2933
950	10.4308
960	10.5975
970	10.7004
980	10.7943
990	10.9296
1000	10.9987
1010	11.1197
1020	11.1197
1030	11.1197
1040	11.1197
1050	11.1197
1060	11.1197
1070	11.1197
1080	11.1197
1090	11.1197
74
360	5.7699
370	5.93656
380	6.10323
390	6.2699
400	6.43656
410	6.60323
420	6.7699
430	6.93656
440	7.10323
450	7.2699
460	7.43656
470	7.60323
480	7.7699
490	7.93656
500	8.04935
510	8.08648
520	8.11436
530	8.1423
540	8.16687
550	8.20193
560	8.22564
570	8.24636
580	8.27663
590	8.3359
600	8.45628
610	8.62216
620	8.78883
630	8.9555
640	9.12216
650	9.28883
660	9.4555
670	9.62216
680	9.78883
690	9.9555
700	10.0476
710	10.0675
720	10.0913
730	10.0981
740	10.1023
750	10.1238
760	10.1417
770	10.1606
780	10.1704
790	10.1843
800	10.2094
810	10.2226
820	10.2427
830	10.2524
840	10.2757
850	10.2843
860	10.3024
870	10.3005
880	10.3272
890	10.3452
900	10.3223
910	10.3298
920	10.3542
930	10.3621
940	10.4285
950	10.566
960	10.7326
970	10.8356
980	10.9295
990	11.0647
1000	11.1338
1010	11.2549
1020	11.2549
1030	11.2549
1040	11.2549
1050	11.2549
1060	11.2549
1070	11.2549
1080	11.2549
1090	11.2549
74
360	5.86197
370	6.02863
380	6.1953
390	6.36197
400	6.52863
410	6.6953
420	6.86197
430	7.02863
440	7.1953
450	7.36197
460	7.52863
470	7.6953
480	7.86197
490	7.97413
500	7.99313
510	8.04272
520	8.06691
530	8.08601
540	8.11032
550	8.14369
560	8.17473
570	8.18897
580	8.22049
590	8.29412
600	8.43973
610	8.6064
620	8.77307
630	8.93973
640	9.1064
650	9.27307
660	9.43973
670	9.6064
680	9.77307
690	9.93973
700	9.99615
710	10.0093
720	10.0331
730	10.04
740	10.044
750	10.0656
760	10.0835
770	10.1023
780	10.1122
790	10.126
800	10.1512
810	10.1644
820	10.1845
830	10.1943
840	10.2177
850	10.2261
860	10.2442
870	10.2424
880	10.2694
890	10.2873
900	10.264
910	10.2723
920	10.2971
930	10.313
940	10.4005
950	10.5564
960	10.7222
970	10.7946
980	10.9359
990	11.0084
1000	11.1113
1010	11.1966
1020	11.1966
1030	11.1966
1040	11.1966
1050	11.1966
1060	11.1966
1070	11.1966
1080	11.1966
1090	11.1966
74
360	6.82009
370	6.98676
380	7.15342
390	7.32009
400	7.48676
410	7.65342
420	7.82009
430	7.98676
440	8.15342
450	8.32009
460	8.48676
470	8.65342
480	8.82008
490	8.84591
500	8.86314
510	8.91363
520	8.93677
530	8.95716
540	8.98581
550	9.01733
560	9.04844
570	9.06091
580	9.09553
590	9.21292
600	9.37923
610	9.5459
620	9.71256
630	9.87923
640	10.0459
650	10.2126
660	10.3792
670	10.5459
680	10.7126
690	10.848
700	10.8719
710	10.8792
720	10.903
730	10.9099
740	10.9139
750	10.9354
760	10.9533
770	10.9722
780	10.982
790	10.9959
800	11.021
810	11.0342
820	11.0543
830	11.0642
840	11.0876
850	11.096
860	11.114
870	11.1123
880	11.1392
890	11.1571
900	11.1339
910	11.1437
920	11.167
930	11.1972
940	11.3096
950	11.4753
960	11.5949
970	11.6918
980	11.84
990	11.8977
1000	12.0353
1010	12.0665
1020	12.0665
1030	12.0665
1040	12.0665
1050	12.0665
1060	12.0665
1070	12.0665
1080	12.0665
1090	12.0665
