113
1
1090	8.09416
2
1080	8.00513
1090	8.13204
3
1070	7.94759
1080	8.08089
1090	8.20779
4
1060	7.88577
1070	8.00442
1080	8.13771
1090	8.26461
5
1050	7.81233
1060	7.92364
1070	8.0423
1080	8.17558
1090	8.30249
6
1040	7.7324
1050	7.85014
1060	7.96152
1070	8.08016
1080	8.21346
1090	8.34037
7
1030	7.72138
1040	7.84604
1050	7.96416
1060	8.07516
1070	8.19393
1080	8.3271
1090	8.45401
8
1020	7.64814
1030	7.77819
1040	7.90286
1050	8.02092
1060	8.13198
1070	8.25073
1080	8.38392
1090	8.51082
9
1010	7.57527
1020	7.68602
1030	7.81607
1040	7.94074
1050	8.05852
1060	8.16986
1070	8.28851
1080	8.4218
1090	8.5487
10
1000	7.51686
1010	7.63212
1020	7.74284
1030	7.87289
1040	7.99755
1050	8.1157
1060	8.22668
1070	8.34545
1080	8.47861
1090	8.60552
11
990	7.46094
1000	7.57431
1010	7.68891
1020	7.79965
1030	7.92971
1040	8.05437
1050	8.17227
1060	8.28349
1070	8.40218
1080	8.53543
1090	8.66234
12
980	7.49106
990	7.61243
1000	7.72567
1010	7.84042
1020	7.95117
1030	8.08122
1040	8.20589
1050	8.32368
1060	8.43501
1070	8.55366
1080	8.68695
1090	8.81385
13
970	7.44386
980	7.5317
990	7.6504
1000	7.76358
1010	7.87833
1020	7.98905
1030	8.1191
1040	8.24377
1050	8.36194
1060	8.47289
1070	8.59167
1080	8.72483
1090	8.85173
14
960	7.42219
970	7.51966
980	7.60477
990	7.72607
1000	7.83938
1010	7.95406
1020	8.0648
1030	8.19486
1040	8.31952
1050	8.43733
1060	8.54864
1070	8.6673
1080	8.80058
1090	8.92749
15
950	7.41712
960	7.53583
970	7.63401
980	7.71904
990	7.83973
1000	7.95261
1010	8.0677
1020	8.17844
1030	8.3085
1040	8.43316
1050	8.55105
1060	8.66228
1070	8.78097
1080	8.91422
1090	9.04113
16
940	7.3938
950	7.51177
960	7.63052
970	7.72739
980	7.81256
990	7.93439
1000	8.0471
1010	8.16238
1020	8.27314
1030	8.40319
1040	8.52786
1050	8.64559
1060	8.75698
1070	8.87561
1080	8.98998
1090	9.11688
17
930	7.35822
940	7.46956
950	7.58758
960	7.70629
970	7.80458
980	7.88962
990	8.01019
1000	8.12375
1010	8.23816
1020	8.3489
1030	8.47895
1040	8.60361
1050	8.72152
1060	8.83274
1070	8.95143
1080	9.06574
1090	9.19264
18
920	7.27824
930	7.39635
940	7.50744
950	7.62548
960	7.74417
970	7.84296
980	7.92796
990	8.04808
1000	8.16089
1010	8.27604
1020	8.38677
1030	8.51683
1040	8.64149
1050	8.75946
1060	8.87062
1070	8.98933
1080	9.10361
1090	9.23052
19
910	7.22808
920	7.33431
930	7.45229
940	7.56426
950	7.68223
960	7.80098
970	7.89799
980	7.98313
990	8.10485
1000	8.21771
1010	8.33284
1020	8.44359
1030	8.57365
1040	8.69831
1050	8.81606
1060	8.92743
1070	9.0334
1080	9.15652
1090	9.2684
20
900	7.14982
910	7.26596
920	7.37244
930	7.49046
940	7.60214
950	7.72013
960	7.83886
970	7.93647
980	8.02156
990	8.14274
1000	8.2562
1010	8.37073
1020	8.48147
1030	8.61153
1040	8.73619
1050	8.85401
1060	8.96531
1070	9.06114
1080	9.17545
1090	9.28734
21
890	7.16869
900	7.28259
910	7.39853
920	7.50579
930	7.62394
940	7.73471
950	7.85278
960	7.97144
970	8.07088
980	8.15583
990	8.27537
1000	8.38887
1010	8.50332
1020	8.61405
1030	8.7441
1040	8.86877
1050	8.98681
1060	9.09789
1070	9.19396
1080	9.30805
1090	9.41992
22
880	7.12212
890	7.24444
900	7.35834
910	7.47429
920	7.58151
930	7.69966
940	7.81047
950	7.92853
960	8.0472
970	8.14656
980	8.23152
990	8.35113
1000	8.46421
1010	8.57908
1020	8.68981
1030	8.81986
1040	8.94452
1050	9.06256
1060	9.17365
1070	9.26971
1080	9.38381
1090	9.49568
23
870	7.02501
880	7.141
890	7.26338
900	7.37705
910	7.49323
920	7.59956
930	7.71756
940	7.82941
950	7.94739
960	8.06613
970	8.16338
980	8.2485
990	8.37001
1000	8.4831
1010	8.59799
1020	8.70874
1030	8.8388
1040	8.96346
1050	9.08124
1060	9.19258
1070	9.28837
1080	9.40272
1090	9.51458
24
860	6.96263
870	7.08183
880	7.19782
890	7.32019
900	7.43386
910	7.55005
920	7.65634
930	7.77434
940	7.88623
950	8.00421
960	8.12295
970	8.22012
980	8.30525
990	8.42682
1000	8.53984
1010	8.65481
1020	8.76556
1030	8.89562
1040	9.02028
1050	9.13805
1060	9.2494
1070	9.34518
1080	9.45954
1090	9.57139
25
850	6.98991
860	7.07664
870	7.1955
880	7.31147
890	7.43384
900	7.54755
910	7.66369
920	7.77017
930	7.88819
940	7.99986
950	8.11786
960	8.23659
970	8.3342
980	8.41929
990	8.54047
1000	8.65339
1010	8.76845
1020	8.8792
1030	9.00925
1040	9.13392
1050	9.25174
1060	9.36304
1070	9.45887
1080	9.57318
1090	9.68504
26
840	6.90436
850	7.0278
860	7.11517
870	7.23344
880	7.34936
890	7.47173
900	7.58551
910	7.70156
920	7.80837
930	7.92645
940	8.03774
950	8.15577
960	8.27447
970	8.37285
980	8.4579
990	8.57837
1000	8.69127
1010	8.80634
1020	8.91708
1030	9.04713
1040	9.1718
1050	9.28972
1060	9.40092
1070	9.49685
1080	9.61107
1090	9.71256
27
830	6.85186
840	6.96138
850	7.08463
860	7.17252
870	7.29031
880	7.4062
890	7.52852
900	7.64239
910	7.75838
920	7.86545
930	7.98357
940	8.09456
950	8.21261
960	8.33129
970	8.43028
980	8.5153
990	8.63521
1000	8.74809
1010	8.86317
1020	8.9739
1030	9.10395
1040	9.22861
1050	9.34662
1060	9.45774
1070	9.55375
1080	9.6679
1090	9.76966
28
820	6.87507
830	6.98445
840	7.0941
850	7.21721
860	7.30549
870	7.42292
880	7.53878
890	7.66112
900	7.77501
910	7.89096
920	7.99822
930	8.11637
940	8.22714
950	8.3452
960	8.46386
970	8.56332
980	8.64832
990	8.7678
1000	8.8806
1010	8.99575
1020	9.10647
1030	9.23653
1040	9.36119
1050	9.47926
1060	9.59031
1070	9.6864
1080	9.80048
1090	9.87452
29
810	6.90492
820	7.0081
830	7.11699
840	7.22604
850	7.34976
860	7.4364
870	7.55534
880	7.67131
890	7.79368
900	7.90738
910	8.02353
920	8.12997
930	8.24799
940	8.35971
950	8.4777
960	8.59644
970	8.69394
980	8.77904
990	8.90032
1000	9.01327
1010	9.1283
1020	9.23905
1030	9.3691
1040	9.49377
1050	9.61157
1060	9.72287
1070	9.80433
1080	9.88254
1090	9.91713
30
800	6.83394
810	6.94254
820	7.04561
830	7.15487
840	7.26379
850	7.38763
860	7.47395
870	7.59319
880	7.70918
890	7.83155
900	7.94522
910	8.06141
920	8.16769
930	8.28568
940	8.39759
950	8.51557
960	8.63431
970	8.73143
980	8.81655
990	8.93818
1000	9.05115
1010	9.16618
1020	9.27693
1030	9.40698
1040	9.53164
1050	9.6494
1060	9.74178
1070	9.82292
1080	9.89099
1090	9.92481
31
790	6.78943
800	6.89126
810	7.00012
820	7.10269
830	7.2117
840	7.32098
850	7.44447
860	7.53173
870	7.6501
880	7.76603
890	7.8884
900	8.00216
910	8.11823
920	8.22498
930	8.34306
940	8.45441
950	8.57243
960	8.69113
970	8.78939
980	8.87445
990	8.99504
1000	9.10824
1010	9.22301
1020	9.33374
1030	9.4638
1040	9.58846
1050	9.70637
1060	9.79864
1070	9.88024
1080	9.917
1090	9.95158
32
780	6.77006
790	6.88413
800	6.986
810	7.09488
820	7.19738
830	7.3064
840	7.41571
850	7.53917
860	7.62651
870	7.7448
880	7.86073
890	7.98309
900	8.09686
910	8.21293
920	8.31972
930	8.4378
940	8.54911
950	8.66713
960	8.78583
970	8.88417
980	8.96923
990	9.08973
1000	9.20294
1010	9.3177
1020	9.42844
1030	9.5585
1040	9.68316
1050	9.78214
1060	9.87439
1070	9.91802
1080	9.94657
1090	9.98061
33
770	6.76858
780	6.8837
790	6.99777
800	7.09987
810	7.20887
820	7.31102
830	7.42004
840	7.52952
850	7.65281
860	7.7406
870	7.85848
880	7.97438
890	8.09671
900	8.21056
910	8.32656
920	8.43358
930	8.5517
940	8.66274
950	8.78079
960	8.89947
970	8.99835
980	9.08337
990	9.20339
1000	9.3166
1010	9.43135
1020	9.54208
1030	9.67213
1040	9.7968
1050	9.88704
1060	9.93583
1070	9.95708
1080	9.99196
1090	10.0239
34
760	6.73306
770	6.844
780	6.95945
790	7.07352
800	7.17514
810	7.28388
820	7.38636
830	7.49579
840	7.60491
850	7.72855
860	7.81541
870	7.93415
880	8.05011
890	8.17248
900	8.2862
910	8.40232
920	8.50887
930	8.6269
940	8.7385
950	8.8565
960	8.97522
970	9.07299
980	9.15807
990	9.27911
1000	9.39188
1010	9.50709
1020	9.61783
1030	9.73518
1040	9.83847
1050	9.92043
1060	9.94848
1070	9.97065
1080	10.009
1090	10.0352
35
750	6.63526
760	6.7517
770	6.86294
780	6.97838
790	7.09246
800	7.19371
810	7.30227
820	7.40529
830	7.51471
840	7.62358
850	7.74747
860	7.83365
870	7.95302
880	8.06903
890	8.1914
900	8.30505
910	8.42126
920	8.52746
930	8.64544
940	8.75744
950	8.87541
960	8.99416
970	9.0911
980	9.17623
990	9.29803
1000	9.41081
1010	9.52602
1020	9.63677
1030	9.75411
1040	9.85743
1050	9.92895
1060	9.95702
1070	9.9792
1080	10.0175
1090	10.0392
36
740	6.60107
750	6.71118
760	6.82784
770	6.93954
780	7.05415
790	7.16822
800	7.26995
810	7.37875
820	7.48208
830	7.59049
840	7.69969
850	7.82325
860	7.91032
870	8.02887
880	8.14481
890	8.26718
900	8.38092
910	8.49702
920	8.60367
930	8.72173
940	8.8332
950	8.95121
960	9.06992
970	9.16794
980	9.25301
990	9.37382
1000	9.48762
1010	9.60179
1020	9.71253
1030	9.82988
1040	9.91238
1050	9.95452
1060	9.97269
1070	10.0048
1080	10.0337
1090	10.0583
37
730	6.59459
740	6.7147
750	6.82481
760	6.94146
770	7.05313
780	7.16778
790	7.28186
800	7.38356
810	7.49235
820	7.59566
830	7.70412
840	7.81331
850	7.93689
860	8.02391
870	8.1425
880	8.25844
890	8.38081
900	8.49455
910	8.61065
920	8.71728
930	8.83533
940	8.94683
950	9.06484
960	9.18356
970	9.28152
980	9.36659
990	9.48745
1000	9.6002
1010	9.71543
1020	9.80965
1030	9.90563
1040	9.95149
1050	9.97903
1060	10.0139
1070	10.0351
1080	10.0598
1090	10.088
38
720	6.49103
730	6.59459
740	6.7147
750	6.82481
760	6.94146
770	7.05313
780	7.16778
790	7.28186
800	7.38356
810	7.49235
820	7.59566
830	7.70412
840	7.81331
850	7.93689
860	8.02391
870	8.1425
880	8.25844
890	8.38081
900	8.49455
910	8.61065
920	8.71728
930	8.83533
940	8.94683
950	9.06484
960	9.18356
970	9.28152
980	9.36659
990	9.48745
1000	9.6002
1010	9.71543
1020	9.80965
1030	9.90563
1040	9.95149
1050	9.97903
1060	10.0139
1070	10.0351
1080	10.0598
1090	10.088
39
710	6.39502
720	6.49103
730	6.59459
740	6.7147
750	6.82481
760	6.94146
770	7.05313
780	7.16778
790	7.28186
800	7.38356
810	7.49235
820	7.59566
830	7.70412
840	7.81331
850	7.93689
860	8.02391
870	8.1425
880	8.25844
890	8.38081
900	8.49455
910	8.61065
920	8.71728
930	8.83533
940	8.94683
950	9.06484
960	9.18356
970	9.28152
980	9.36659
990	9.48745
1000	9.6002
1010	9.71543
1020	9.80965
1030	9.90563
1040	9.95149
1050	9.97903
1060	10.0139
1070	10.0351
1080	10.0598
1090	10.088
40
700	6.31567
710	6.45181
720	6.54783
730	6.6514
740	6.77152
750	6.88161
760	6.99824
770	7.10986
780	7.2246
790	7.33868
800	7.44033
810	7.54909
820	7.6515
830	7.76094
840	7.87009
850	7.9937
860	8.08063
870	8.19931
880	8.31526
890	8.43763
900	8.55136
910	8.66747
920	8.77405
930	8.8921
940	9.00365
950	9.12166
960	9.24038
970	9.33822
980	9.4233
990	9.54427
1000	9.65702
1010	9.77224
1020	9.85616
1030	9.93886
1040	9.96846
1050	9.99607
1060	10.0262
1070	10.0472
1080	10.0767
1090	10.1051
41
690	0.0294633
700	5.78355
710	5.91976
720	6.01572
730	6.11928
740	6.2394
750	6.34955
760	6.46626
770	6.57703
780	6.69248
790	6.80655
800	6.90838
810	7.01724
820	7.11938
830	7.22882
840	7.3381
850	7.46159
860	7.54886
870	7.66722
880	7.78315
890	7.90552
900	8.01928
910	8.13535
920	8.24211
930	8.36018
940	8.47153
950	8.58955
960	8.70826
970	8.80651
980	8.89157
990	9.01216
1000	9.1249
1010	9.24013
1020	9.32411
1030	9.38587
1040	9.4157
1050	9.44312
1060	9.46861
1070	9.49065
1080	9.52401
1090	9.5521
42
680	0.0181422
690	0.0379464
700	5.82143
710	5.95741
720	6.05356
730	6.15716
740	6.27728
750	6.38723
760	6.50367
770	6.6149
780	6.73035
790	6.84443
800	6.94568
810	7.05423
820	7.15726
830	7.26668
840	7.37555
850	7.49944
860	7.58561
870	7.70499
880	7.821
890	7.94337
900	8.05702
910	8.17323
920	8.27942
930	8.3974
940	8.50941
950	8.62738
960	8.74613
970	8.84306
980	8.92819
990	9.05
1000	9.16277
1010	9.27799
1020	9.3518
1030	9.40277
1040	9.42862
1050	9.45563
1060	9.48089
1070	9.50805
1080	9.54018
1090	9.56746
43
670	0.00947224
680	0.0299722
690	0.0505539
700	5.82143
710	5.95741
720	6.05356
730	6.15716
740	6.27728
750	6.38723
760	6.50367
770	6.6149
780	6.73035
790	6.84443
800	6.94568
810	7.05423
820	7.15726
830	7.26668
840	7.37555
850	7.49944
860	7.58561
870	7.70499
880	7.821
890	7.94337
900	8.05702
910	8.17323
920	8.27942
930	8.3974
940	8.50941
950	8.62738
960	8.74613
970	8.84306
980	8.92819
990	9.05
1000	9.16277
1010	9.27799
1020	9.3518
1030	9.40277
1040	9.42862
1050	9.45563
1060	9.48089
1070	9.50805
1080	9.54018
1090	9.56746
44
660	0.0317309
670	0.0218991
680	0.0439881
690	5.71158
700	5.87825
710	6.01473
720	6.11148
730	6.21399
740	6.3341
750	6.44448
760	6.56152
770	6.67198
780	6.78719
790	6.90125
800	7.00377
810	7.11299
820	7.21439
830	7.32354
840	7.43331
850	7.55631
860	7.64488
870	7.76204
880	7.87788
890	8.00022
900	8.11414
910	8.23005
920	8.33746
930	8.45564
940	8.56623
950	8.68431
960	8.80296
970	8.90277
980	8.98775
990	9.10689
1000	9.21994
1010	9.33484
1020	9.39646
1030	9.42871
1040	9.45433
1050	9.47271
1060	9.50037
1070	9.53385
1080	9.56325
1090	9.5894
45
650	0.027786
660	0.039321
670	0.029866
680	5.58279
690	5.74946
700	5.91613
710	6.05251
720	6.14934
730	6.25186
740	6.37198
750	6.48227
760	6.59919
770	6.70985
780	6.82507
790	6.93913
800	7.04139
810	7.15047
820	7.25227
830	7.36141
840	7.471
850	7.59418
860	7.68226
870	7.79987
880	7.91575
890	8.0381
900	8.15196
910	8.26793
920	8.37509
930	8.49323
940	8.60411
950	8.72216
960	8.84083
970	8.94006
980	9.02507
990	9.14475
1000	9.25781
1010	9.35377
1020	9.40495
1030	9.43252
1040	9.46248
1050	9.48123
1060	9.50883
1070	9.54232
1080	9.57126
1090	9.59343
46
640	0.0188191
650	0.043003
660	0.054502
670	0.0531662
680	5.65855
690	5.82522
700	5.99189
710	6.12792
720	6.22495
730	6.32761
740	6.44773
750	6.55773
760	6.67423
770	6.78561
780	6.90081
790	7.01489
800	7.11627
810	7.2249
820	7.32801
830	7.43714
840	7.54611
850	7.6699
860	7.75633
870	7.87547
880	7.99146
890	8.11383
900	8.22751
910	8.34369
920	8.45001
930	8.56801
940	8.67986
950	8.79784
960	8.91658
970	9.01383
980	9.09895
990	9.22649
1000	9.32414
1010	9.40036
1020	9.42574
1030	9.4546
1040	9.48665
1050	9.50326
1060	9.52949
1070	9.56617
1080	9.59394
1090	9.61502
47
630	0.0331443
640	0.0343895
650	0.0590181
660	0.0699279
670	5.56764
680	5.73431
690	5.90098
700	6.06764
710	6.20403
720	6.2998
730	6.40338
740	6.52349
750	6.63379
760	6.75071
770	6.86161
780	6.97658
790	7.09065
800	7.19292
810	7.30201
820	7.40408
830	7.51293
840	7.62252
850	7.7457
860	7.8338
870	7.95139
880	8.06726
890	8.18959
900	8.30348
910	8.41944
920	8.52662
930	8.64476
940	8.75562
950	8.87368
960	8.99235
970	9.09161
980	9.17662
990	9.28352
1000	9.37067
1010	9.42658
1020	9.4513
1030	9.48031
1040	9.50928
1050	9.52887
1060	9.55246
1070	9.58753
1080	9.61631
1090	9.63817
48
620	0.0333461
630	0.0483537
640	0.0496596
650	0.0750881
660	0.0854329
670	5.60552
680	5.77219
690	5.93886
700	6.10552
710	6.2416
720	6.33767
730	6.44125
740	6.56137
750	6.6714
760	6.78796
770	6.89943
780	7.01445
790	7.12852
800	7.23002
810	7.3387
820	7.44188
830	7.55078
840	7.65982
850	7.78354
860	7.87017
870	7.98913
880	8.1051
890	8.22747
900	8.34117
910	8.45732
920	8.56375
930	8.68177
940	8.7935
950	8.91149
960	9.03022
970	9.12771
980	9.21281
990	9.32104
1000	9.40839
1010	9.43889
1020	9.46361
1030	9.4926
1040	9.52034
1050	9.54198
1060	9.56913
1070	9.60416
1080	9.63329
1090	9.65519
49
610	0.0213348
620	0.0447097
630	0.0598555
640	0.0618498
650	0.0881578
660	5.49567
670	5.66234
680	5.82901
690	5.99567
700	6.16234
710	6.29901
720	6.3945
730	6.49808
740	6.6182
750	6.72874
760	6.84483
770	6.95648
780	7.07129
790	7.18534
800	7.28834
810	7.39564
820	7.49816
830	7.60765
840	7.71776
850	7.84037
860	7.92991
870	8.04622
880	8.162
890	8.28429
900	8.39835
910	8.51414
920	8.62202
930	8.73867
940	8.85032
950	8.96844
960	9.08705
970	9.18471
980	9.27289
990	9.36826
1000	9.4239
1010	9.45595
1020	9.48093
1030	9.51103
1040	9.53414
1050	9.55902
1060	9.59048
1070	9.62213
1080	9.6507
1090	9.66776
50
600	0.03706
610	0.0404008
620	0.0636491
630	0.0791898
640	0.0832752
650	5.40476
660	5.57143
670	5.7381
680	5.90476
690	6.07143
700	6.2381
710	6.37408
720	6.47021
730	6.57382
740	6.69394
750	6.80389
760	6.92033
770	7.03156
780	7.14702
790	7.2611
800	7.36234
810	7.47089
820	7.57391
830	7.68335
840	7.79221
850	7.91611
860	8.00227
870	8.12165
880	8.23766
890	8.36004
900	8.47368
910	8.5899
920	8.69609
930	8.81407
940	8.92607
950	9.04404
960	9.16279
970	9.25972
980	9.34466
990	9.42625
1000	9.4494
1010	9.47717
1020	9.49682
1030	9.52563
1040	9.55667
1050	9.57984
1060	9.61395
1070	9.64179
1080	9.6663
1090	9.68426
51
590	0.0244099
600	0.0446384
610	0.0479823
620	0.0712248
630	0.0867753
640	0.0913568
650	5.40476
660	5.57143
670	5.7381
680	5.90476
690	6.07143
700	6.2381
710	6.37408
720	6.47021
730	6.57382
740	6.69394
750	6.80389
760	6.92033
770	7.03156
780	7.14702
790	7.2611
800	7.36234
810	7.47089
820	7.57391
830	7.68335
840	7.79221
850	7.91611
860	8.00227
870	8.12165
880	8.23766
890	8.36004
900	8.47368
910	8.5899
920	8.69609
930	8.81407
940	8.92607
950	9.04404
960	9.16279
970	9.25972
980	9.34466
990	9.42625
1000	9.4494
1010	9.47717
1020	9.49682
1030	9.52563
1040	9.55667
1050	9.57984
1060	9.61395
1070	9.64179
1080	9.6663
1090	9.68426
52
580	0.0333608
590	0.0434723
600	0.0640709
610	0.0677402
620	0.0901991
630	0.107414
640	5.33279
650	5.49946
660	5.66613
670	5.83279
680	5.99946
690	6.16613
700	6.33279
710	6.46943
720	6.56537
730	6.66854
740	6.78865
750	6.89916
760	7.01508
770	7.1265
780	7.24175
790	7.3558
800	7.4587
810	7.56572
820	7.66893
830	7.7781
840	7.88815
850	8.01081
860	8.10019
870	8.21666
880	8.33245
890	8.45474
900	8.56878
910	8.68459
920	8.79238
930	8.90884
940	9.02077
950	9.13889
960	9.2575
970	9.35459
980	9.42451
990	9.46743
1000	9.48918
1010	9.50791
1020	9.53538
1030	9.56353
1040	9.59461
1050	9.62143
1060	9.64788
1070	9.68093
1080	9.70028
1090	9.71928
53
570	0.0328695
580	0.0485124
590	0.0586861
600	0.0795217
610	0.0844475
620	0.105663
630	5.24189
640	5.40855
650	5.57522
660	5.74189
670	5.90855
680	6.07522
690	6.24189
700	6.40855
710	6.54462
720	6.64076
730	6.74428
740	6.8644
750	6.97442
760	7.09097
770	7.20243
780	7.31748
790	7.43155
800	7.53303
810	7.6417
820	7.74437
830	7.85381
840	7.96284
850	8.08657
860	8.17316
870	8.29215
880	8.40813
890	8.5305
900	8.64419
910	8.76035
920	8.86676
930	8.98478
940	9.09653
950	9.21452
960	9.33324
970	9.41877
980	9.46879
990	9.49503
1000	9.5228
1010	9.54628
1020	9.56543
1030	9.5971
1040	9.62892
1050	9.65196
1060	9.6813
1070	9.70592
1080	9.72472
1090	9.74584
55
550	0.0099255
560	0.0181751
570	0.0366601
580	0.0523002
590	0.0624771
600	0.0833103
610	0.0882379
620	0.109733
630	5.24189
640	5.40855
650	5.57522
660	5.74189
670	5.90855
680	6.07522
690	6.24189
700	6.40855
710	6.54462
720	6.64076
730	6.74428
740	6.8644
750	6.97442
760	7.09097
770	7.20243
780	7.31748
790	7.43155
800	7.53303
810	7.6417
820	7.74437
830	7.85381
840	7.96284
850	8.08657
860	8.17316
870	8.29215
880	8.40813
890	8.5305
900	8.64419
910	8.76035
920	8.86676
930	8.98478
940	9.09653
950	9.21452
960	9.33324
970	9.41877
980	9.46879
990	9.49503
1000	9.5228
1010	9.54628
1020	9.56543
1030	9.5971
1040	9.62892
1050	9.65196
1060	9.6813
1070	9.70592
1080	9.72472
1090	9.74584
57
530	0.0271253
540	0.00079752
550	0.0212891
560	0.0295566
570	0.0480853
580	0.0636639
590	0.0739037
600	0.0948415
610	0.101517
620	5.1131
630	5.27976
640	5.44643
650	5.6131
660	5.77976
670	5.94643
680	6.1131
690	6.27976
700	6.44643
710	6.58269
720	6.67866
730	6.78216
740	6.90228
750	7.01247
760	7.12923
770	7.2399
780	7.35536
790	7.46943
800	7.57138
810	7.6803
820	7.78225
830	7.89171
840	8.00107
850	8.12447
860	8.21196
870	8.33012
880	8.44603
890	8.56837
900	8.68219
910	8.79823
920	8.9051
930	9.02319
940	9.13441
950	9.25244
960	9.35798
970	9.43772
980	9.4775
990	9.50356
1000	9.53143
1010	9.55482
1020	9.57505
1030	9.60583
1040	9.63495
1050	9.66051
1060	9.68549
1070	9.71533
1080	9.73218
1090	9.75447
58
520	0.0348825
530	0.0423192
540	0.0160871
550	0.0364406
560	0.0447632
570	0.0634849
580	0.0788154
590	0.0891143
600	0.110294
610	0.119872
620	5.16992
630	5.33658
640	5.50325
650	5.66992
660	5.83658
670	6.00325
680	6.16992
690	6.33658
700	6.50325
710	6.63924
720	6.73554
730	6.83897
740	6.95909
750	7.06905
760	7.1855
770	7.29676
780	7.41217
790	7.52625
800	7.62752
810	7.73609
820	7.83912
830	7.9485
840	8.05738
850	8.18126
860	8.26747
870	8.38681
880	8.50281
890	8.62519
900	8.73884
910	8.85505
920	8.96127
930	9.07925
940	9.19123
950	9.3092
960	9.40422
970	9.45466
980	9.49426
990	9.51818
1000	9.54369
1010	9.57187
1020	9.59209
1030	9.62226
1040	9.65204
1050	9.67454
1060	9.70211
1070	9.72692
1080	9.74024
1090	9.76268
59
510	0.0290733
520	0.0462467
530	0.0537455
540	0.0280557
550	0.0478043
560	0.0562631
570	0.0757717
580	0.090179
590	0.100584
600	0.122676
610	0.142428
620	5.22673
630	5.3934
640	5.56007
650	5.72673
660	5.8934
670	6.06007
680	6.22673
690	6.3934
700	6.56007
710	6.69648
720	6.79266
730	6.8958
740	7.01592
750	7.12624
760	7.2432
770	7.35372
780	7.46901
790	7.58307
800	7.68542
810	7.79455
820	7.89614
830	8.00535
840	8.11501
850	8.23812
860	8.32638
870	8.44383
880	8.55969
890	8.68204
900	8.79592
910	8.91187
920	9.01912
930	9.13728
940	9.24804
950	9.36608
960	9.44079
970	9.48061
980	9.51113
990	9.53902
1000	9.56581
1010	9.58918
1020	9.61766
1030	9.64416
1040	9.67113
1050	9.69546
1060	9.72321
1070	9.74109
1080	9.75788
1090	9.89649
60
500	0.0361469
510	0.0480127
520	0.0651914
530	0.0727595
540	0.0470071
550	0.0667437
560	0.0753609
570	0.0947977
580	0.109118
590	0.120055
600	0.142692
610	5.13582
620	5.30249
630	5.46916
640	5.63582
650	5.80249
660	5.96916
670	6.13582
680	6.30249
690	6.46916
700	6.63582
710	6.77183
720	6.86842
730	6.97155
740	7.09167
750	7.20164
760	7.31812
770	7.42942
780	7.54475
790	7.65883
800	7.76014
810	7.86873
820	7.9718
830	8.08108
840	8.18999
850	8.31384
860	8.40013
870	8.5194
880	8.63539
890	8.75777
900	8.87143
910	8.98762
920	9.09388
930	9.21187
940	9.29997
950	9.38483
960	9.449
970	9.48873
980	9.52084
990	9.54666
1000	9.56961
1010	9.5977
1020	9.62215
1030	9.64863
1040	9.67515
1050	9.69925
1060	9.727
1070	9.74488
1080	9.76638
1090	9.89649
61
490	0.0276431
500	0.0438031
510	0.0555885
520	0.0727721
530	0.0804785
540	0.0551183
550	0.0743196
560	0.083162
570	0.103299
580	0.116694
590	0.128295
600	5.00704
610	5.1737
620	5.34037
630	5.50704
640	5.6737
650	5.84037
660	6.00704
670	6.1737
680	6.34037
690	6.50704
700	6.6737
710	6.81008
720	6.90649
730	7.00944
740	7.12955
750	7.23984
760	7.35675
770	7.46729
780	7.58264
790	7.69671
800	7.79895
810	7.90803
820	8.00968
830	8.11899
840	8.22857
850	8.35176
860	8.43982
870	8.55745
880	8.67332
890	8.79566
900	8.90953
910	9.0255
920	9.13266
930	9.2508
940	9.33824
950	9.4235
960	9.46687
970	9.50614
980	9.53935
990	9.56129
1000	9.58719
1010	9.61519
1020	9.63928
1030	9.66224
1040	9.68423
1050	9.70731
1060	9.73597
1070	9.75493
1080	9.78201
1090	9.89649
62
480	0.0302029
490	0.0466036
500	0.0629948
510	0.0745279
520	0.0917223
530	0.0995509
540	0.0741948
550	0.0932591
560	0.102197
570	0.122345
580	0.135634
590	4.91613
600	5.08279
610	5.24946
620	5.41613
630	5.58279
640	5.74946
650	5.91613
660	6.08279
670	6.24946
680	6.41613
690	6.58279
700	6.74946
710	6.88576
720	6.98216
730	7.08519
740	7.20531
750	7.31553
760	7.43234
770	7.54305
780	7.6584
790	7.77246
800	7.8745
810	7.98347
820	8.08543
830	8.19474
840	8.30417
850	8.42751
860	8.51517
870	8.63317
880	8.74907
890	8.8714
900	8.98524
910	9.10126
920	9.20822
930	9.32629
940	9.41347
950	9.46789
960	9.49999
970	9.5351
980	9.56198
990	9.58822
1000	9.61592
1010	9.64496
1020	9.66434
1030	9.69025
1040	9.71396
1050	9.73559
1060	9.7615
1070	9.77996
1080	9.87398
1090	10.0269
63
470	0.0345417
480	0.0453545
490	0.0617588
500	0.078554
510	0.0896794
520	0.106878
530	0.114918
540	0.0900618
550	0.108415
560	0.117733
570	0.139377
580	0.162494
590	4.99189
600	5.15855
610	5.32522
620	5.49189
630	5.65855
640	5.82522
650	5.99189
660	6.15855
670	6.32522
680	6.49189
690	6.65855
700	6.82522
710	6.96157
720	7.05767
730	7.16095
740	7.28107
750	7.39134
760	7.50822
770	7.61906
780	7.73416
790	7.84822
800	7.95041
810	8.05946
820	8.1615
830	8.2705
840	8.38004
850	8.50327
860	8.59123
870	8.70895
880	8.82484
890	8.94716
900	9.06103
910	9.17702
920	9.28411
930	9.39298
940	9.46551
950	9.49371
960	9.52812
970	9.55702
980	9.58789
990	9.60762
1000	9.63498
1010	9.65741
1020	9.68129
1030	9.71217
1040	9.73446
1050	9.74818
1060	9.77468
1070	9.8586
1080	10.0042
1090	10.1708
64
460	0.0273995
470	0.0459878
480	0.0567181
490	0.0731263
500	0.0900245
510	0.101043
520	0.118245
530	0.126454
540	0.10183
550	0.119786
560	0.129543
570	0.1517
580	4.88204
590	5.0487
600	5.21537
610	5.38204
620	5.5487
630	5.71537
640	5.88204
650	6.0487
660	6.21537
670	6.38204
680	6.5487
690	6.71537
700	6.88204
710	7.01825
720	7.11449
730	7.21777
740	7.33788
750	7.44804
760	7.56476
770	7.67556
780	7.79097
790	7.90504
800	8.00688
810	8.11575
820	8.21793
830	8.32731
840	8.4366
850	8.56007
860	8.64737
870	8.76571
880	8.88163
890	9.004
900	9.11777
910	9.23384
920	9.34057
930	9.44979
940	9.48645
950	9.51441
960	9.55358
970	9.57871
980	9.60768
990	9.62583
1000	9.65373
1010	9.67976
1020	9.7067
1030	9.7329
1040	9.74616
1050	9.76067
1060	9.82081
1070	9.9671
1080	10.1338
1090	10.3004
65
450	0.0315241
460	0.0388032
470	0.0575993
480	0.0680817
490	0.0845223
500	0.101488
510	0.112407
520	0.129616
530	0.138086
540	0.113602
550	0.131193
560	0.141695
570	0.165414
580	4.93886
590	5.10552
600	5.27219
610	5.43886
620	5.60552
630	5.77219
640	5.93886
650	6.10552
660	6.27219
670	6.43886
680	6.60552
690	6.77219
700	6.93886
710	7.07509
720	7.17131
730	7.27459
740	7.3947
750	7.50487
760	7.62162
770	7.73238
780	7.84779
790	7.96186
800	8.06375
810	8.17264
820	8.27474
830	8.38413
840	8.49346
850	8.61689
860	8.70429
870	8.82253
880	8.93846
890	9.06082
900	9.1746
910	9.29065
920	9.38298
930	9.46873
940	9.49498
950	9.52298
960	9.56212
970	9.5873
980	9.61622
990	9.63225
1000	9.66233
1010	9.68829
1020	9.71525
1030	9.73726
1040	9.75015
1050	9.76578
1060	9.82933
1070	9.9671
1080	10.1338
1090	10.3004
66
440	0.02623
450	0.0390999
460	0.0464286
470	0.065268
480	0.0756575
490	0.0921397
500	0.109106
510	0.119982
520	0.137204
530	0.145757
540	0.121211
550	0.13887
560	0.15031
570	4.81336
580	4.97673
590	5.1434
600	5.31007
610	5.47673
620	5.6434
630	5.81007
640	5.97673
650	6.1434
660	6.31007
670	6.47673
680	6.6434
690	6.81007
700	6.97673
710	7.11303
720	7.20919
730	7.31247
740	7.43258
750	7.5428
760	7.65961
770	7.77025
780	7.88567
790	7.99974
800	8.10177
810	8.21073
820	8.31262
830	8.42201
840	8.53144
850	8.65478
860	8.74243
870	8.86044
880	8.97634
890	9.09866
900	9.21251
910	9.32853
920	9.42108
930	9.4876
940	9.51206
950	9.54012
960	9.57273
970	9.60518
980	9.63085
990	9.65025
1000	9.67953
1010	9.70424
1020	9.72744
1030	9.74536
1040	9.75802
1050	9.80053
1060	9.92585
1070	10.0909
1080	10.2576
1090	10.4243
74
360	0
370	-0.0292953
380	-0.00752206
390	-0.00125273
400	0.0125039
410	0.00213816
420	0.00765748
430	0.0174183
440	0.0300179
450	0.0428878
460	0.0502257
470	0.0690628
480	0.0794454
490	0.0959275
500	0.112904
510	0.12377
520	0.14101
530	0.149544
540	0.125005
550	0.142747
560	0.155219
570	4.8323
580	4.99567
590	5.16234
600	5.32901
610	5.49567
620	5.66234
630	5.82901
640	5.99567
650	6.16234
660	6.32901
670	6.49567
680	6.66234
690	6.82901
700	6.99567
710	7.13166
720	7.22794
730	7.3314
740	7.45152
750	7.56148
760	7.67793
770	7.78918
780	7.90459
790	8.01867
800	8.11994
810	8.22851
820	8.33154
830	8.44093
840	8.54981
850	8.67369
860	8.75989
870	8.87924
880	8.99524
890	9.1176
900	9.23127
910	9.34747
920	9.43854
930	9.49611
940	9.52033
950	9.54976
960	9.5811
970	9.6137
980	9.63465
990	9.65821
1000	9.68742
1010	9.70804
1020	9.73123
1030	9.74915
1040	9.76219
1050	9.80905
1060	9.92585
1070	10.0909
1080	10.2576
1090	10.4243
74
360	0.0530303
370	0.0237356
380	0.0455389
390	0.0520462
400	0.0655343
410	0.0551687
420	0.0607394
430	0.0709906
440	0.0830484
450	0.0959237
460	0.10359
470	0.12318
480	0.132476
490	0.149406
500	0.167408
510	0.176801
520	0.194454
530	0.204709
540	0.197135
550	4.78808
560	4.90874
570	5.02549
580	5.18886
590	5.35552
600	5.52219
610	5.68886
620	5.85552
630	6.02219
640	6.18886
650	6.35552
660	6.52219
670	6.68886
680	6.85552
690	7.02219
700	7.18886
710	7.32542
720	7.42219
730	7.5246
740	7.64471
750	7.75516
760	7.8723
770	7.98343
780	8.0978
790	8.21186
800	8.31459
810	8.42392
820	8.5258
830	8.63415
840	8.74408
850	8.8669
860	8.95591
870	9.07269
880	9.1885
890	9.30995
900	9.40599
910	9.50857
920	9.54632
930	9.56927
940	9.60073
950	9.6257
960	9.66232
970	9.68389
980	9.70578
990	9.73283
1000	9.74157
1010	9.7493
1020	9.7779
1030	9.81408
1040	9.93305
1050	10.1053
1060	10.272
1070	10.4387
1080	10.6053
1090	10.772
74
360	0.106061
370	0.0767682
380	0.0985949
390	0.105536
400	0.118565
410	0.108212
420	0.113854
430	0.124826
440	0.13608
450	0.148986
460	0.157037
470	0.176924
480	0.185506
490	0.202847
500	0.221934
510	0.229831
520	4.71144
530	4.82617
540	4.94925
550	5.0522
560	5.17389
570	5.29064
580	5.45401
590	5.62067
600	5.78734
610	5.95401
620	6.12067
630	6.28734
640	6.45401
650	6.62067
660	6.78734
670	6.95401
680	7.12067
690	7.28734
700	7.45401
710	7.59034
720	7.68719
730	7.78974
740	7.90986
750	8.02011
760	8.13697
770	8.2479
780	8.36294
790	8.47701
800	8.57916
810	8.68818
820	8.79035
830	8.89929
840	9.0088
850	9.13119
860	9.21993
870	9.33773
880	9.43588
890	9.51527
900	9.56475
910	9.58975
920	9.62231
930	9.64662
940	9.67885
950	9.70623
960	9.73766
970	9.76615
980	9.75436
990	9.78043
1000	9.79654
1010	9.82138
1020	9.88327
1030	10.0456
1040	10.2123
1050	10.3789
1060	10.5456
1070	10.7123
1080	10.8789
1090	11.0456
74
360	0.159091
370	0.129802
380	0.151698
390	0.159361
400	0.171595
410	0.161256
420	0.16701
430	0.178634
440	0.18911
450	0.202111
460	0.210676
470	0.231794
480	0.239191
490	4.54235
500	4.62868
510	4.72519
520	4.86296
530	4.97769
540	5.10083
550	5.20418
560	5.32541
570	5.44215
580	5.60552
590	5.77219
600	5.93886
610	6.10552
620	6.27219
630	6.43886
640	6.60552
650	6.77219
660	6.93886
670	7.10552
680	7.27219
690	7.43886
700	7.60552
710	7.74196
720	7.83768
730	7.94126
740	8.06137
750	8.17172
760	8.2887
770	8.3998
780	8.51446
790	8.62853
800	8.73093
810	8.839
820	8.94234
830	9.05081
840	9.16052
850	9.27367
860	9.35287
870	9.47039
880	9.55808
890	9.59523
900	9.61902
910	9.6498
920	9.67651
930	9.70878
940	9.73302
950	9.75478
960	9.76956
970	9.7927
980	9.78775
990	9.82314
1000	9.85141
1010	9.99436
1020	10.1582
1030	10.3249
1040	10.4916
1050	10.6582
1060	10.8249
1070	10.9916
1080	11.1582
1090	11.2228
74
360	0.212121
370	0.182833
380	0.205106
390	0.213403
400	0.224626
410	0.214312
420	0.220516
430	0.233081
440	0.242141
450	0.255499
460	0.265416
470	0.290339
480	4.61943
490	4.73173
500	4.81836
510	4.91111
520	5.05236
530	5.1671
540	5.29034
550	5.39209
560	5.5148
570	5.63155
580	5.79492
590	5.96158
600	6.12825
610	6.29492
620	6.46158
630	6.62825
640	6.79492
650	6.96158
660	7.12825
670	7.29492
680	7.46158
690	7.62825
700	7.79492
710	7.93152
720	8.02709
730	8.13066
740	8.25077
750	8.36126
760	8.47742
770	8.58904
780	8.70387
790	8.81792
800	8.92075
810	9.02823
820	9.12809
830	9.24022
840	9.35024
850	9.47112
860	9.52314
870	9.59598
880	9.62469
890	9.65395
900	9.68606
910	9.70882
920	9.74083
930	9.75176
940	9.76459
950	9.78684
960	9.81409
970	9.82933
980	9.84446
990	9.90768
1000	10.0736
1010	10.2403
1020	10.4069
1030	10.5736
1040	10.7403
1050	10.9069
1060	11.0736
1070	11.2116
1080	11.2304
1090	11.2304
74
360	0.265152
370	0.235863
380	0.258621
390	0.266947
400	0.277656
410	0.267536
420	0.27417
430	0.287174
440	0.295371
450	0.311461
460	4.51738
470	4.641
480	4.77089
490	4.88334
500	4.96962
510	5.06273
520	5.20387
530	5.3186
540	5.44175
550	5.54517
560	5.66632
570	5.78306
580	5.94643
590	6.1131
600	6.27976
610	6.44643
620	6.6131
630	6.77976
640	6.94643
650	7.1131
660	7.27976
670	7.44643
680	7.6131
690	7.77976
700	7.94643
710	8.08289
720	8.17866
730	8.28217
740	8.40228
750	8.51265
760	8.62965
770	8.73986
780	8.85537
790	8.96943
800	9.07189
810	9.18108
820	9.27961
830	9.39172
840	9.50146
850	9.58164
860	9.61423
870	9.64834
880	9.67595
890	9.69664
900	9.72834
910	9.75467
920	9.77988
930	9.78399
940	9.80533
950	9.83353
960	9.84099
970	9.86262
980	9.9111
990	10.0761
1000	10.2427
1010	10.4094
1020	10.5761
1030	10.7427
1040	10.9094
1050	11.0761
1060	11.2101
1070	11.238
1080	11.238
1090	11.238
74
360	0.318182
370	0.288911
380	0.312629
390	0.322284
400	0.330688
410	0.321164
420	0.330347
430	4.32151
440	4.4473
450	4.56375
460	4.68795
470	4.81146
480	4.94137
490	5.05375
500	5.14019
510	5.2352
520	5.37433
530	5.48906
540	5.61225
550	5.71596
560	5.83677
570	5.95352
580	6.11689
590	6.28355
600	6.45022
610	6.61689
620	6.78355
630	6.95022
640	7.11689
650	7.28355
660	7.45022
670	7.61689
680	7.78355
690	7.95022
700	8.11689
710	8.25341
720	8.35056
730	8.45262
740	8.57274
750	8.68317
760	8.80025
770	8.91106
780	9.02584
790	9.13989
800	9.24254
810	9.35096
820	9.45006
830	9.55554
840	9.62613
850	9.65246
860	9.67801
870	9.70535
880	9.73591
890	9.76323
900	9.77226
910	9.79451
920	9.81505
930	9.84019
940	9.86382
950	9.87745
960	9.89464
970	10.0113
980	10.172
990	10.3387
1000	10.5053
1010	10.672
1020	10.8387
1030	11.0053
1040	11.172
1050	11.2493
1060	11.2493
1070	11.2493
1080	11.2493
1090	11.2493
74
360	0.371212
370	0.342105
380	0.366514
390	0.376912
400	0.384102
410	4.16096
420	4.27165
430	4.39728
440	4.52307
450	4.63952
460	4.76378
470	4.88722
480	5.01714
490	5.12955
500	5.21602
510	5.31103
520	5.45009
530	5.56482
540	5.68804
550	5.79191
560	5.91253
570	6.02927
580	6.19264
590	6.35931
600	6.52598
610	6.69264
620	6.85931
630	7.02598
640	7.19264
650	7.35931
660	7.52598
670	7.69264
680	7.85931
690	8.02598
700	8.19264
710	8.32921
720	8.42631
730	8.52838
740	8.6485
750	8.75897
760	8.87609
770	8.98655
780	9.10161
790	9.21565
800	9.3184
810	9.42292
820	9.52582
830	9.61152
840	9.64839
850	9.68118
860	9.70437
870	9.7315
880	9.75824
890	9.78385
900	9.78536
910	9.80933
920	9.83174
930	9.85634
940	9.87589
950	9.89113
960	9.97859
970	10.1257
980	10.2924
990	10.459
1000	10.6257
1010	10.7924
1020	10.959
1030	11.1257
1040	11.2426
1050	11.2531
1060	11.2531
1070	11.2531
1080	11.2531
1090	11.2531
74
360	0.424242
370	0.395613
380	0.421164
390	0.442539
400	4.11257
410	4.23674
420	4.34788
430	4.47304
440	4.59884
450	4.71528
460	4.83957
470	4.96298
480	5.09291
490	5.20524
500	5.29181
510	5.38621
520	5.52585
530	5.64058
540	5.76381
550	5.86603
560	5.98828
570	6.10503
580	6.2684
590	6.43507
600	6.60173
610	6.7684
620	6.93507
630	7.10173
640	7.2684
650	7.43507
660	7.60173
670	7.7684
680	7.93507
690	8.10173
700	8.2684
710	8.40499
720	8.50185
730	8.60414
740	8.72426
750	8.83474
760	8.95189
770	9.06221
780	9.17737
790	9.2914
800	9.39421
810	9.49258
820	9.58483
830	9.64099
840	9.67411
850	9.70678
860	9.72529
870	9.74924
880	9.77451
890	9.7967
900	9.80951
910	9.82742
920	9.85
930	9.86803
940	9.88774
950	9.9369
960	10.0964
970	10.263
980	10.4297
990	10.5964
1000	10.763
1010	10.9297
1020	11.0964
1030	11.2427
1040	11.2569
1050	11.2569
1060	11.2569
1070	11.2569
1080	11.2569
1090	11.2569
74
360	0.477365
370	3.98249
380	4.10013
390	4.22521
400	4.33988
410	4.46403
420	4.57552
430	4.70036
440	4.82615
450	4.9426
460	5.06684
470	5.1903
480	5.32022
490	5.43259
500	5.51909
510	5.61484
520	5.75317
530	5.8679
540	5.99111
550	6.09495
560	6.21561
570	6.33236
580	6.49572
590	6.66239
600	6.82906
610	6.99572
620	7.16239
630	7.32906
640	7.49572
650	7.66239
660	7.82906
670	7.99572
680	8.16239
690	8.32906
700	8.49572
710	8.63228
720	8.72928
730	8.83146
740	8.95158
750	9.06204
760	9.17915
770	9.29031
780	9.40469
790	9.51873
800	9.62146
810	9.67277
820	9.70075
830	9.71939
840	9.75493
850	9.77366
860	9.79998
870	9.82047
880	9.84475
890	9.87482
900	9.86665
910	9.87261
920	9.92835
930	10.0838
940	10.2505
950	10.4171
960	10.5838
970	10.7505
980	10.9171
990	11.0838
1000	11.257
1010	11.2721
1020	11.2721
1030	11.2721
1040	11.2721
1050	11.2721
1060	11.2721
1070	11.2721
1080	11.2721
1090	11.2721
74
360	0.530773
370	4.07261
380	4.19021
390	4.31529
400	4.42997
410	4.55416
420	4.66582
430	4.79045
440	4.91624
450	5.03268
460	5.157
470	5.28039
480	5.41032
490	5.52269
500	5.60925
510	5.70482
520	5.84325
530	5.95799
540	6.08122
550	6.18524
560	6.30569
570	6.42243
580	6.5858
590	6.75247
600	6.91914
610	7.0858
620	7.25247
630	7.41914
640	7.5858
650	7.75247
660	7.91914
670	8.0858
680	8.25247
690	8.41914
700	8.5858
710	8.72241
720	8.81936
730	8.92154
740	9.04166
750	9.15216
760	9.26933
770	9.37989
780	9.49477
790	9.59844
800	9.68509
810	9.70662
820	9.736
830	9.7594
840	9.79101
850	9.80672
860	9.83379
870	9.85712
880	9.87609
890	9.90084
900	9.89277
910	9.92379
920	10.0753
930	10.2409
940	10.4075
950	10.5742
960	10.7409
970	10.9075
980	11.0742
990	11.2409
1000	11.2902
1010	11.2902
1020	11.2902
1030	11.2902
1040	11.2902
1050	11.2902
1060	11.2902
1070	11.2902
1080	11.2902
1090	11.2902
74
360	3.93507
370	7.46853
380	7.58677
390	7.71183
400	7.82647
410	7.9505
420	8.0615
430	8.18695
440	8.31273
450	8.42921
460	8.55317
470	8.67692
480	8.80678
490	8.91925
500	9.00541
510	9.10021
520	9.2398
530	9.35453
540	9.47763
550	9.58075
560	9.70224
570	9.81899
580	9.98236
590	10.149
600	10.3157
610	10.4824
620	10.649
630	10.8157
640	10.9824
650	11.149
660	11.3157
670	11.4824
680	11.649
690	11.8157
700	11.9824
710	12.1187
720	12.2159
730	12.3181
740	12.4382
750	12.5485
760	12.6654
770	12.7764
780	12.8913
790	12.995
800	13.0712
810	13.0928
820	13.1174
830	13.1451
840	13.1764
850	13.1949
860	13.2199
870	13.2431
880	13.2575
890	13.2823
900	13.2746
910	13.3099
920	13.4529
930	13.6185
940	13.7852
950	13.9518
960	14.1185
970	14.2852
980	14.4518
990	14.6185
1000	14.6678
1010	14.6678
1020	14.6678
1030	14.6678
1040	14.6678
1050	14.6678
1060	14.6678
1070	14.6678
1080	14.6678
1090	14.6678
74
360	3.98813
370	4.09171
380	4.20995
390	4.33502
400	4.44965
410	4.57369
420	4.68469
430	4.81014
440	4.93592
450	5.0524
460	5.17636
470	5.30011
480	5.42997
490	5.54243
500	5.6286
510	5.7234
520	5.86299
530	5.97772
540	6.10082
550	6.20394
560	6.32543
570	6.44218
580	6.60555
590	6.77221
600	6.93888
610	7.10555
620	7.27221
630	7.43888
640	7.60555
650	7.77221
660	7.93888
670	8.10555
680	8.27221
690	8.43888
700	8.60555
710	8.74193
720	8.83911
730	8.94128
740	9.0614
750	9.17169
760	9.2886
770	9.39963
780	9.51449
790	9.61817
800	9.69435
810	9.71595
820	9.74059
830	9.76828
840	9.79959
850	9.81807
860	9.84311
870	9.8663
880	9.88069
890	9.90544
900	9.89776
910	9.93312
920	10.0761
930	10.2417
940	10.4083
950	10.575
960	10.7417
970	10.9083
980	11.075
990	11.2417
1000	11.291
1010	11.291
1020	11.291
1030	11.291
1040	11.291
1050	11.291
1060	11.291
1070	11.291
1080	11.291
1090	11.291
74
360	4.04469
370	4.14833
380	4.26648
390	4.39154
400	4.50619
410	4.63024
420	4.74131
430	4.86667
440	4.99245
450	5.10893
460	5.23294
470	5.35664
480	5.48651
490	5.59889
500	5.68518
510	5.77992
520	5.91951
530	6.03424
540	6.15736
550	6.26061
560	6.38196
570	6.4987
580	6.66207
590	6.82874
600	6.99541
610	7.16207
620	7.32874
630	7.49541
640	7.66207
650	7.82874
660	7.99541
670	8.16207
680	8.32874
690	8.49541
700	8.66207
710	8.79848
720	8.89563
730	8.99781
740	9.11792
750	9.22825
760	9.3452
770	9.45629
780	9.57102
790	9.66427
800	9.71106
810	9.7327
820	9.75736
830	9.78909
840	9.81649
850	9.83482
860	9.85983
870	9.87732
880	9.88816
890	9.91388
900	9.90727
910	9.94987
920	10.0758
930	10.2414
940	10.408
950	10.5747
960	10.7414
970	10.908
980	11.0747
990	11.2414
1000	11.2907
1010	11.2907
1020	11.2907
1030	11.2907
1040	11.2907
1050	11.2907
1060	11.2907
1070	11.2907
1080	11.2907
1090	11.2907
74
360	4.10161
370	4.2046
380	4.32375
390	4.4488
400	4.56337
410	4.68719
420	4.79831
430	4.92386
440	5.04962
450	5.16616
460	5.2896
470	5.41389
480	5.54365
490	5.65614
500	5.74185
510	5.83707
520	5.97678
530	6.0915
540	6.21441
550	6.31625
560	6.43923
570	6.55598
580	6.71935
590	6.88602
600	7.05268
610	7.21935
620	7.38602
630	7.55268
640	7.71935
650	7.88602
660	8.05268
670	8.21935
680	8.38602
690	8.55268
700	8.71935
710	8.85541
720	8.95222
730	9.05508
740	9.17519
750	9.28519
760	9.40174
770	9.51317
780	9.62827
790	9.70093
800	9.73269
810	9.75474
820	9.78249
830	9.81429
840	9.83083
850	9.85614
860	9.87165
870	9.88923
880	9.90037
890	9.92727
900	9.93668
910	10.0843
920	10.25
930	10.4167
940	10.5834
950	10.75
960	10.9167
970	11.0834
980	11.25
990	11.295
1000	11.295
1010	11.295
1020	11.295
1030	11.295
1040	11.295
1050	11.295
1060	11.295
1070	11.295
1080	11.295
1090	11.295
74
360	4.1582
370	4.2614
380	4.38024
390	4.50529
400	4.61988
410	4.74377
420	4.85515
430	4.98037
440	5.10613
450	5.22266
460	5.34628
470	5.47038
480	5.60017
490	5.71266
500	5.79852
510	5.89289
520	6.03326
530	6.14799
540	6.27096
550	6.37323
560	6.49572
570	6.61246
580	6.77583
590	6.9425
600	7.10917
610	7.27583
620	7.4425
630	7.60917
640	7.77583
650	7.9425
660	8.10917
670	8.27583
680	8.4425
690	8.60917
700	8.77583
710	8.912
720	9.0087
730	9.11156
740	9.23168
750	9.34178
760	9.45845
770	9.5635
780	9.64683
790	9.7091
800	9.74062
810	9.76293
820	9.786
830	9.81777
840	9.83825
850	9.86148
860	9.87511
870	9.8927
880	9.90383
890	9.93105
900	9.94487
910	10.084
920	10.2497
930	10.4164
940	10.583
950	10.7497
960	10.9164
970	11.083
980	11.2497
990	11.2946
1000	11.2946
1010	11.2946
1020	11.2946
1030	11.2946
1040	11.2946
1050	11.2946
1060	11.2946
1070	11.2946
1080	11.2946
1090	11.2946
74
360	4.21542
370	4.31939
380	4.43703
390	4.56211
400	4.67679
410	4.80096
420	4.91176
430	5.03727
440	5.16306
450	5.2795
460	5.4038
470	5.52721
480	5.65713
490	5.76944
500	5.85604
510	5.95131
520	6.09007
530	6.20481
540	6.32804
550	6.43199
560	6.55251
570	6.66926
580	6.83263
590	6.99929
600	7.16596
610	7.33263
620	7.49929
630	7.66596
640	7.83263
650	7.99929
660	8.16596
670	8.33263
680	8.49929
690	8.66596
700	8.83263
710	8.96922
720	9.06639
730	9.16837
740	9.28848
750	9.39897
760	9.51612
770	9.6203
780	9.70438
790	9.73563
800	9.76121
810	9.78417
820	9.80737
830	9.83411
840	9.85277
850	9.87375
860	9.88647
870	9.90442
880	9.91696
890	9.9429
900	9.97045
910	10.084
920	10.2497
930	10.4164
940	10.583
950	10.7497
960	10.9164
970	11.083
980	11.2497
990	11.2946
1000	11.2946
1010	11.2946
1020	11.2946
1030	11.2946
1040	11.2946
1050	11.2946
1060	11.2946
1070	11.2946
1080	11.2946
1090	11.2946
74
360	4.27228
370	4.37537
380	4.49438
390	4.61943
400	4.734
410	4.85786
420	4.96909
430	5.09449
440	5.22026
450	5.33679
460	5.46031
470	5.58452
480	5.71429
490	5.82678
500	5.91256
510	6.00807
520	6.1474
530	6.26213
540	6.38506
550	6.48709
560	6.60986
570	6.7266
580	6.88997
590	7.05664
600	7.22331
610	7.38997
620	7.55664
630	7.72331
640	7.88997
650	8.05664
660	8.22331
670	8.38997
680	8.55664
690	8.72331
700	8.88997
710	9.02608
720	9.12374
730	9.2257
740	9.34582
750	9.45586
760	9.57584
770	9.67763
780	9.73126
790	9.7527
800	9.78602
810	9.80375
820	9.83283
830	9.85265
840	9.86468
850	9.88565
860	9.89839
870	9.91643
880	9.92929
890	9.95482
900	10.0415
910	10.1948
920	10.3615
930	10.5281
940	10.6948
950	10.8615
960	11.0281
970	11.1948
980	11.2928
990	11.2989
1000	11.2989
1010	11.2989
1020	11.2989
1030	11.2989
1040	11.2989
1050	11.2989
1060	11.2989
1070	11.2989
1080	11.2989
1090	11.2989
74
360	4.32877
370	4.43254
380	4.5505
390	4.67557
400	4.79023
410	4.91432
420	5.02531
430	5.1507
440	5.27649
450	5.39295
460	5.51707
470	5.64066
480	5.77055
490	5.88291
500	5.96931
510	6.06418
520	6.20353
530	6.31827
540	6.44143
550	6.54494
560	6.66598
570	6.78272
580	6.94609
590	7.11276
600	7.27942
610	7.44609
620	7.61276
630	7.77942
640	7.94609
650	8.11276
660	8.27942
670	8.44609
680	8.61276
690	8.77942
700	8.94609
710	9.08257
720	9.17869
730	9.28183
740	9.40194
750	9.51233
760	9.61254
770	9.69589
780	9.73935
790	9.76133
800	9.791
810	9.81162
820	9.84067
830	9.8607
840	9.86811
850	9.88907
860	9.90149
870	9.91996
880	9.93404
890	9.99938
900	10.1592
910	10.3259
920	10.4926
930	10.6592
940	10.8259
950	10.9926
960	11.1592
970	11.2895
980	11.302
990	11.302
1000	11.302
1010	11.302
1020	11.302
1030	11.302
1040	11.302
1050	11.302
1060	11.302
1070	11.302
1080	11.302
1090	11.302
74
360	4.386
370	4.48909
380	4.60808
390	4.73313
400	4.84771
410	4.97157
420	5.08282
430	5.2082
440	5.33396
450	5.4505
460	5.57403
470	5.69822
480	5.828
490	5.94049
500	6.02628
510	6.12043
520	6.26111
530	6.37583
540	6.49878
550	6.60083
560	6.72356
570	6.84031
580	7.00368
590	7.17035
600	7.33701
610	7.50368
620	7.67035
630	7.83701
640	8.00368
650	8.17035
660	8.33701
670	8.50368
680	8.67035
690	8.83701
700	9.00368
710	9.13979
720	9.23628
730	9.33941
740	9.45952
750	9.56958
760	9.66858
770	9.73864
780	9.76118
790	9.78685
800	9.81206
810	9.83317
820	9.85738
830	9.87714
840	9.8803
850	9.90134
860	9.91376
870	9.93262
880	9.97919
890	10.135
900	10.3016
910	10.4683
920	10.635
930	10.8016
940	10.9683
950	11.135
960	11.2918
970	11.3066
980	11.3066
990	11.3066
1000	11.3066
1010	11.3066
1020	11.3066
1030	11.3066
1040	11.3066
1050	11.3066
1060	11.3066
1070	11.3066
1080	11.3066
1090	11.3066
74
360	4.44254
370	4.54552
380	4.66468
390	4.78973
400	4.9043
410	5.02811
420	5.13922
430	5.26479
440	5.39054
450	5.50709
460	5.63053
470	5.75482
480	5.88458
490	5.99707
500	6.08277
510	6.17788
520	6.31771
530	6.43243
540	6.55533
550	6.65715
560	6.78016
570	6.89691
580	7.06028
590	7.22695
600	7.39361
610	7.56028
620	7.72695
630	7.89361
640	8.06028
650	8.22695
660	8.39361
670	8.56028
680	8.72695
690	8.89361
700	9.06028
710	9.19633
720	9.29361
730	9.39601
740	9.51612
750	9.62609
760	9.7137
770	9.75927
780	9.78317
790	9.80628
800	9.82321
810	9.84435
820	9.86854
830	9.88834
840	9.89172
850	9.9127
860	9.92524
870	9.94548
880	10.0045
890	10.1348
900	10.3014
910	10.4681
920	10.6348
930	10.8014
940	10.9681
950	11.1348
960	11.2916
970	11.3064
980	11.3064
990	11.3064
1000	11.3064
1010	11.3064
1020	11.3064
1030	11.3064
1040	11.3064
1050	11.3064
1060	11.3064
1070	11.3064
1080	11.3064
1090	11.3064
74
360	4.49923
370	4.60224
380	4.72137
390	4.84641
400	4.96098
410	5.08481
420	5.19595
430	5.32147
440	5.44723
450	5.56378
460	5.68723
470	5.8115
480	5.94126
490	6.05376
500	6.13948
510	6.23406
520	6.37439
530	6.48911
540	6.61203
550	6.7139
560	6.83685
570	6.95359
580	7.11696
590	7.28363
600	7.45029
610	7.61696
620	7.78363
630	7.95029
640	8.11696
650	8.28363
660	8.45029
670	8.61696
680	8.78363
690	8.95029
700	9.11696
710	9.25303
720	9.34986
730	9.45269
740	9.5728
750	9.66743
760	9.75144
770	9.77317
780	9.7936
790	9.81405
800	9.83065
810	9.85184
820	9.876
830	9.89596
840	9.89978
850	9.92111
860	9.93333
870	9.97835
880	10.0948
890	10.26
900	10.4267
910	10.5934
920	10.76
930	10.9267
940	11.0934
950	11.26
960	11.31
970	11.31
980	11.31
990	11.31
1000	11.31
1010	11.31
1020	11.31
1030	11.31
1040	11.31
1050	11.31
1060	11.31
1070	11.31
1080	11.31
1090	11.31
74
360	4.55627
370	4.65918
380	4.77845
390	4.90349
400	5.01805
410	5.14185
420	5.25287
430	5.37855
440	5.5043
450	5.62086
460	5.74423
470	5.86858
480	5.99833
490	6.11083
500	6.19648
510	6.29094
520	6.43147
530	6.54619
540	6.66908
550	6.77075
560	6.89393
570	7.01068
580	7.17405
590	7.34071
600	7.50738
610	7.67405
620	7.84071
630	8.00738
640	8.17405
650	8.34071
660	8.50738
670	8.67405
680	8.84071
690	9.00738
700	9.17405
710	9.31006
720	9.40677
730	9.50977
740	9.62989
750	9.71473
760	9.7686
770	9.79047
780	9.8015
790	9.8221
800	9.83849
810	9.85971
820	9.88388
830	9.90395
840	9.90786
850	9.92974
860	9.95444
870	10.0552
880	10.2152
890	10.3818
900	10.5485
910	10.7152
920	10.8818
930	11.0485
940	11.2152
950	11.3088
960	11.3141
970	11.3141
980	11.3141
990	11.3141
1000	11.3141
1010	11.3141
1020	11.3141
1030	11.3141
1040	11.3141
1050	11.3141
1060	11.3141
1070	11.3141
1080	11.3141
1090	11.3141
74
360	4.61295
370	4.71589
380	4.83512
390	4.96016
400	5.07473
410	5.19853
420	5.30958
430	5.43522
440	5.56097
450	5.67753
460	5.80092
470	5.92525
480	6.055
490	6.1675
500	6.25317
510	6.34786
520	6.48814
530	6.60286
540	6.72576
550	6.82748
560	6.9506
570	7.06735
580	7.23072
590	7.39738
600	7.56405
610	7.73072
620	7.89738
630	8.06405
640	8.23072
650	8.39738
660	8.56405
670	8.73072
680	8.89738
690	9.06405
700	9.23072
710	9.36675
720	9.46302
730	9.56644
740	9.66761
750	9.75355
760	9.78052
770	9.80265
780	9.80925
790	9.82989
800	9.84592
810	9.86723
820	9.89133
830	9.91159
840	9.91608
850	9.9384
860	10.0269
870	10.1823
880	10.349
890	10.5157
900	10.6823
910	10.849
920	11.0157
930	11.1823
940	11.3102
950	11.3177
960	11.3177
970	11.3177
980	11.3177
990	11.3177
1000	11.3177
1010	11.3177
1020	11.3177
1030	11.3177
1040	11.3177
1050	11.3177
1060	11.3177
1070	11.3177
1080	11.3177
1090	11.3177
74
360	4.67012
370	4.77425
380	4.89166
390	5.01674
400	5.13144
410	5.25566
420	5.36705
430	5.49191
440	5.61771
450	5.73414
460	5.85856
470	5.98184
480	6.11179
490	6.22412
500	6.31081
510	6.40369
520	6.5447
530	6.65944
540	6.78271
550	6.88699
560	7.00714
570	7.12388
580	7.28725
590	7.45392
600	7.62058
610	7.78725
620	7.95392
630	8.12058
640	8.28725
650	8.45392
660	8.62058
670	8.78725
680	8.95392
690	9.12058
700	9.28725
710	9.42392
720	9.51959
730	9.62299
740	9.72471
750	9.7791
760	9.79874
770	9.8189
780	9.82112
790	9.84182
800	9.85708
810	9.87864
820	9.90249
830	9.92344
840	9.93068
850	9.9952
860	10.1643
870	10.331
880	10.4977
890	10.6643
900	10.831
910	10.9977
920	11.1643
930	11.3107
940	11.325
950	11.325
960	11.325
970	11.325
980	11.325
990	11.325
1000	11.325
1010	11.325
1020	11.325
1030	11.325
1040	11.325
1050	11.325
1060	11.325
1070	11.325
1080	11.325
1090	11.325
74
360	4.72635
370	4.82951
380	4.9484
390	5.07345
400	5.18804
410	5.31192
420	5.42326
430	5.54853
440	5.67429
450	5.79082
460	5.91441
470	6.03854
480	6.16833
490	6.28082
500	6.36666
510	6.46035
520	6.60142
530	6.71615
540	6.83911
550	6.94133
560	7.06388
570	7.18062
580	7.34399
590	7.51066
600	7.67733
610	7.84399
620	8.01066
630	8.17733
640	8.34399
650	8.51066
660	8.67733
670	8.84399
680	9.01066
690	9.17733
700	9.34399
710	9.48015
720	9.57626
730	9.67972
740	9.76314
750	9.79015
760	9.81097
770	9.82643
780	9.82863
790	9.84932
800	9.86504
810	9.88614
820	9.91006
830	9.93094
840	9.93951
850	10.0122
860	10.1643
870	10.3309
880	10.4976
890	10.6643
900	10.8309
910	10.9976
920	11.1643
930	11.3107
940	11.3249
950	11.3249
960	11.3249
970	11.3249
980	11.3249
990	11.3249
1000	11.3249
1010	11.3249
1020	11.3249
1030	11.3249
1040	11.3249
1050	11.3249
1060	11.3249
1070	11.3249
1080	11.3249
1090	11.3249
74
360	4.78354
370	4.88672
380	5.00557
390	5.13062
400	5.24521
410	5.36911
420	5.48047
430	5.6057
440	5.73147
450	5.84799
460	5.9716
470	6.09572
480	6.22551
490	6.33799
500	6.42385
510	6.51841
520	6.6586
530	6.77332
540	6.8963
550	6.99855
560	7.12105
570	7.2378
580	7.40117
590	7.56783
600	7.7345
610	7.90117
620	8.06783
630	8.2345
640	8.40117
650	8.56783
660	8.7345
670	8.90117
680	9.06783
690	9.2345
700	9.40117
710	9.53733
720	9.63418
730	9.72077
740	9.78058
750	9.80761
760	9.82218
770	9.83442
780	9.83725
790	9.85812
800	9.87358
810	9.8944
820	9.91818
830	9.93945
840	9.98853
850	10.1467
860	10.3133
870	10.48
880	10.6467
890	10.8133
900	10.98
910	11.1467
920	11.3139
930	11.3291
940	11.3291
950	11.3291
960	11.3291
970	11.3291
980	11.3291
990	11.3291
1000	11.3291
1010	11.3291
1020	11.3291
1030	11.3291
1040	11.3291
1050	11.3291
1060	11.3291
1070	11.3291
1080	11.3291
1090	11.3291
74
360	4.84019
370	4.94311
380	5.06237
390	5.18741
400	5.30197
410	5.42577
420	5.5368
430	5.66247
440	5.78822
450	5.90478
460	6.02816
470	6.1525
480	6.28225
490	6.39475
500	6.4804
510	6.57492
520	6.71539
530	6.83011
540	6.953
550	7.05466
560	7.17785
570	7.2946
580	7.45797
590	7.62463
600	7.7913
610	7.95797
620	8.12463
630	8.2913
640	8.45797
650	8.62463
660	8.7913
670	8.95797
680	9.12463
690	9.2913
700	9.45797
710	9.59399
720	9.68692
730	9.7674
740	9.80581
750	9.83193
760	9.8356
770	9.84581
780	9.84973
790	9.87049
800	9.8854
810	9.90634
820	9.93005
830	9.95203
840	10.0141
850	10.1467
860	10.3133
870	10.48
880	10.6467
890	10.8133
900	10.98
910	11.1467
920	11.3139
930	11.329
940	11.329
950	11.329
960	11.329
970	11.329
980	11.329
990	11.329
1000	11.329
1010	11.329
1020	11.329
1030	11.329
1040	11.329
1050	11.329
1060	11.329
1070	11.329
1080	11.329
1090	11.329
74
360	4.89721
370	5.00038
380	5.11926
390	5.24431
400	5.3589
410	5.48279
420	5.59413
430	5.71939
440	5.84515
450	5.96168
460	6.08528
470	6.2094
480	6.33919
490	6.45168
500	6.53752
510	6.63311
520	6.77229
530	6.88701
540	7.00998
550	7.1122
560	7.22516
570	7.33255
580	7.49592
590	7.66258
600	7.82925
610	7.99592
620	8.16258
630	8.32925
640	8.49592
650	8.66258
660	8.82925
670	8.99592
680	9.16258
690	9.32925
700	9.49592
710	9.63207
720	9.72488
730	9.79483
740	9.82314
750	9.84965
760	9.84324
770	9.85356
780	9.86133
790	9.8789
800	9.89877
810	9.91859
820	9.93884
830	9.98785
840	10.11
850	10.2762
860	10.4429
870	10.6096
880	10.7762
890	10.9429
900	11.1096
910	11.2762
920	11.3329
930	11.3329
940	11.3329
950	11.3329
960	11.3329
970	11.3329
980	11.3329
990	11.3329
1000	11.3329
1010	11.3329
1020	11.3329
1030	11.3329
1040	11.3329
1050	11.3329
1060	11.3329
1070	11.3329
1080	11.3329
1090	11.3329
74
360	4.95389
370	5.05737
380	5.17577
390	5.30083
400	5.41545
410	5.53945
420	5.65118
430	5.77593
440	5.90171
450	6.0182
460	6.14207
470	6.26592
480	6.39576
490	6.50823
500	6.59432
510	6.68961
520	6.8288
530	6.94353
540	7.06659
550	7.1695
560	7.28166
570	7.38905
580	7.55242
590	7.71909
600	7.88575
610	8.05242
620	8.21909
630	8.38575
640	8.55242
650	8.71909
660	8.88575
670	9.05242
680	9.21909
690	9.38575
700	9.55242
710	9.68874
720	9.77101
730	9.82008
740	9.84413
750	9.86673
760	9.85429
770	9.86477
780	9.87839
790	9.89143
800	9.91937
810	9.9424
820	9.97104
830	10.0863
840	10.2498
850	10.4164
860	10.5831
870	10.7498
880	10.9164
890	11.0831
900	11.2498
910	11.3364
920	11.3364
930	11.3364
940	11.3364
950	11.3364
960	11.3364
970	11.3364
980	11.3364
990	11.3364
1000	11.3364
1010	11.3364
1020	11.3364
1030	11.3364
1040	11.3364
1050	11.3364
1060	11.3364
1070	11.3364
1080	11.3364
1090	11.3364
74
360	5.01052
370	5.11356
380	5.23264
390	5.35769
400	5.47226
410	5.5961
420	5.70727
430	5.83275
440	5.95851
450	6.07505
460	6.19853
470	6.32278
480	6.45255
490	6.56504
500	6.65078
510	6.74641
520	6.88567
530	7.00039
540	7.12331
550	7.22523
560	7.33854
570	7.44593
580	7.6093
590	7.77597
600	7.94263
610	8.1093
620	8.27597
630	8.44263
640	8.6093
650	8.77597
660	8.94263
670	9.1093
680	9.27597
690	9.44263
700	9.6093
710	9.74538
720	9.82081
730	9.83925
740	9.86534
750	9.87817
760	9.86572
770	9.87645
780	9.90863
790	9.90922
800	9.93954
810	9.96213
820	10.0988
830	10.2604
840	10.427
850	10.5937
860	10.7604
870	10.927
880	11.0937
890	11.2604
900	11.3298
910	11.3402
920	11.3402
930	11.3402
940	11.3402
950	11.3402
960	11.3402
970	11.3402
980	11.3402
990	11.3402
1000	11.3402
1010	11.3402
1020	11.3402
1030	11.3402
1040	11.3402
1050	11.3402
1060	11.3402
1070	11.3402
1080	11.3402
1090	11.3402
74
360	5.06747
370	5.17038
380	5.28966
390	5.4147
400	5.52926
410	5.65305
420	5.76407
430	5.88975
440	6.01551
450	6.13206
460	6.25543
470	6.37979
480	6.50954
490	6.62204
500	6.70768
510	6.80212
520	6.94268
530	7.0574
540	7.18028
550	7.28193
560	7.39317
570	7.50294
580	7.66631
590	7.83298
600	7.99965
610	8.16631
620	8.33298
630	8.49965
640	8.66631
650	8.83298
660	8.99965
670	9.16631
680	9.33298
690	9.49965
700	9.66631
710	9.80233
720	9.84185
730	9.86407
740	9.88416
750	9.88998
760	9.87728
770	9.8887
780	9.92028
790	9.93663
800	9.96077
810	9.98307
820	10.099
830	10.2606
840	10.4272
850	10.5939
860	10.7606
870	10.9272
880	11.0939
890	11.2606
900	11.33
910	11.3404
920	11.3404
930	11.3404
940	11.3404
950	11.3404
960	11.3404
970	11.3404
980	11.3404
990	11.3404
1000	11.3404
1010	11.3404
1020	11.3404
1030	11.3404
1040	11.3404
1050	11.3404
1060	11.3404
1070	11.3404
1080	11.3404
1090	11.3404
74
360	5.12425
370	5.22718
380	5.34642
390	5.47147
400	5.58603
410	5.70983
420	5.82087
430	5.94652
440	6.07227
450	6.18883
460	6.31222
470	6.43655
480	6.5663
490	6.6788
500	6.76446
510	6.85909
520	6.99944
530	7.11416
540	7.23705
550	7.33874
560	7.41206
570	7.52183
580	7.6852
590	7.85187
600	8.01853
610	8.1852
620	8.35187
630	8.51853
640	8.6852
650	8.85187
660	9.01853
670	9.1852
680	9.35187
690	9.51853
700	9.6852
710	9.82123
720	9.85026
730	9.86788
740	9.88802
750	9.89387
760	9.88101
770	9.89296
780	9.92402
790	9.94411
800	9.96929
810	9.98787
820	10.0989
830	10.2605
840	10.4272
850	10.5938
860	10.7605
870	10.9272
880	11.0938
890	11.2605
900	11.33
910	11.3404
920	11.3404
930	11.3404
940	11.3404
950	11.3404
960	11.3404
970	11.3404
980	11.3404
990	11.3404
1000	11.3404
1010	11.3404
1020	11.3404
1030	11.3404
1040	11.3404
1050	11.3404
1060	11.3404
1070	11.3404
1080	11.3404
1090	11.3404
74
360	5.18116
370	5.28478
380	5.40296
390	5.52802
400	5.64266
410	5.76671
420	5.87864
430	6.00314
440	6.12893
450	6.2454
460	6.3694
470	6.49312
480	6.62298
490	6.73544
500	6.82164
510	6.91608
520	7.05599
530	7.17072
540	7.29384
550	7.39021
560	7.45446
570	7.63834
580	7.8008
590	7.96747
600	8.13414
610	8.3008
620	8.46747
630	8.63414
640	8.8008
650	8.96747
660	9.13414
670	9.3008
680	9.46747
690	9.63414
700	9.8008
710	9.83208
720	9.85377
730	9.87144
740	9.89157
750	9.89738
760	9.88451
770	9.89734
780	9.92756
790	9.94765
800	9.97302
810	9.9958
820	10.0986
830	10.2602
840	10.4269
850	10.5936
860	10.7602
870	10.9269
880	11.0936
890	11.2602
900	11.3297
910	11.3401
920	11.3401
930	11.3401
940	11.3401
950	11.3401
960	11.3401
970	11.3401
980	11.3401
990	11.3401
1000	11.3401
1010	11.3401
1020	11.3401
1030	11.3401
1040	11.3401
1050	11.3401
1060	11.3401
1070	11.3401
1080	11.3401
1090	11.3401
74
360	5.23794
370	5.34093
380	5.46008
390	5.58512
400	5.69969
410	5.82351
420	5.93464
430	6.06018
440	6.18594
450	6.30249
460	6.42593
470	6.55021
480	6.67997
490	6.79247
500	6.87818
510	6.97182
520	7.1131
530	7.22782
540	7.35073
550	7.44733
560	7.48031
570	7.63865
580	7.80111
590	7.96777
600	8.13444
610	8.30111
620	8.46777
630	8.63444
640	8.80111
650	8.96777
660	9.13444
670	9.30111
680	9.46777
690	9.63444
700	9.80111
710	9.83239
720	9.85407
730	9.87174
740	9.89188
750	9.89768
760	9.88482
770	9.89765
780	9.92787
790	9.94795
800	9.97333
810	9.99611
820	10.099
830	10.2605
840	10.4272
850	10.5939
860	10.7605
870	10.9272
880	11.0939
890	11.2605
900	11.33
910	11.3404
920	11.3404
930	11.3404
940	11.3404
950	11.3404
960	11.3404
970	11.3404
980	11.3404
990	11.3404
1000	11.3404
1010	11.3404
1020	11.3404
1030	11.3404
1040	11.3404
1050	11.3404
1060	11.3404
1070	11.3404
1080	11.3404
1090	11.3404
74
360	5.29473
370	5.39815
380	5.51664
390	5.6417
400	5.75632
410	5.88029
420	5.99196
430	6.1168
440	6.24257
450	6.35907
460	6.48289
470	6.60679
480	6.73662
490	6.84909
500	6.93514
510	7.02839
520	7.16967
530	7.2844
540	7.38863
550	7.46304
560	7.4966
570	7.63839
580	7.80085
590	7.96752
600	8.13418
610	8.30085
620	8.46752
630	8.63418
640	8.80085
650	8.96752
660	9.13418
670	9.30085
680	9.46752
690	9.63418
700	9.80085
710	9.83213
720	9.85382
730	9.87148
740	9.89162
750	9.89742
760	9.88456
770	9.89739
780	9.92761
790	9.9477
800	9.97307
810	9.99585
820	10.0987
830	10.2603
840	10.4269
850	10.5936
860	10.7603
870	10.9269
880	11.0936
890	11.2603
900	11.3297
910	11.3401
920	11.3401
930	11.3401
940	11.3401
950	11.3401
960	11.3401
970	11.3401
980	11.3401
990	11.3401
1000	11.3401
1010	11.3401
1020	11.3401
1030	11.3401
1040	11.3401
1050	11.3401
1060	11.3401
1070	11.3401
1080	11.3401
1090	11.3401
74
360	5.35158
370	5.45542
380	5.57326
390	5.69833
400	5.813
410	5.93713
420	6.04833
430	6.17348
440	6.29927
450	6.41572
460	6.5399
470	6.66343
480	6.79333
490	6.90569
500	6.99215
510	7.08509
520	7.2263
530	7.32532
540	7.42665
550	7.47518
560	7.51345
570	7.63819
580	7.80065
590	7.96732
600	8.13399
610	8.30065
620	8.46732
630	8.63399
640	8.80065
650	8.96732
660	9.13399
670	9.30065
680	9.46732
690	9.63399
700	9.80065
710	9.83193
720	9.85362
730	9.87129
740	9.89142
750	9.89722
760	9.88436
770	9.89719
780	9.92741
790	9.9475
800	9.97287
810	9.99565
820	10.0985
830	10.2601
840	10.4267
850	10.5934
860	10.7601
870	10.9267
880	11.0934
890	11.2601
900	11.3295
910	11.3399
920	11.3399
930	11.3399
940	11.3399
950	11.3399
960	11.3399
970	11.3399
980	11.3399
990	11.3399
1000	11.3399
1010	11.3399
1020	11.3399
1030	11.3399
1040	11.3399
1050	11.3399
1060	11.3399
1070	11.3399
1080	11.3399
1090	11.3399
74
360	5.40868
370	5.51151
380	5.63092
390	5.75596
400	5.8705
410	5.99427
420	6.10517
430	6.231
440	6.35675
450	6.47331
460	6.59661
470	6.72104
480	6.85078
490	6.96328
500	7.04886
510	7.14245
520	7.28394
530	7.37262
540	7.46545
550	7.49306
560	7.53129
570	7.63903
580	7.80149
590	7.96816
600	8.13483
610	8.30149
620	8.46816
630	8.63483
640	8.80149
650	8.96816
660	9.13483
670	9.30149
680	9.46816
690	9.63483
700	9.80149
710	9.83277
720	9.85446
730	9.87212
740	9.89226
750	9.89806
760	9.8852
770	9.89803
780	9.92825
790	9.94834
800	9.97371
810	9.99649
820	10.0993
830	10.2609
840	10.4276
850	10.5942
860	10.7609
870	10.9276
880	11.0942
890	11.2609
900	11.3304
910	11.3408
920	11.3408
930	11.3408
940	11.3408
950	11.3408
960	11.3408
970	11.3408
980	11.3408
990	11.3408
1000	11.3408
1010	11.3408
1020	11.3408
1030	11.3408
1040	11.3408
1050	11.3408
1060	11.3408
1070	11.3408
1080	11.3408
1090	11.3408
74
360	5.46559
370	5.56892
380	5.68755
390	5.8126
400	5.92721
410	6.05115
420	6.1627
430	6.2877
440	6.41347
450	6.52998
460	6.65371
470	6.77769
480	6.90751
490	7.01999
500	7.10596
510	7.20026
520	7.34058
530	7.42966
540	7.49061
550	7.5178
560	7.66847
570	7.83281
580	7.99947
590	8.16614
600	8.33281
610	8.49947
620	8.66614
630	8.83281
640	8.99947
650	9.16614
660	9.33281
670	9.49947
680	9.66614
690	9.81588
700	9.84494
710	9.8391
720	9.85807
730	9.87581
740	9.89614
750	9.90203
760	9.8888
770	9.90338
780	9.93206
790	9.95227
800	9.9843
810	10.0043
820	10.0991
830	10.2607
840	10.4274
850	10.5941
860	10.7607
870	10.9274
880	11.0941
890	11.2607
900	11.3302
910	11.3406
920	11.3406
930	11.3406
940	11.3406
950	11.3406
960	11.3406
970	11.3406
980	11.3406
990	11.3406
1000	11.3406
1010	11.3406
1020	11.3406
1030	11.3406
1040	11.3406
1050	11.3406
1060	11.3406
1070	11.3406
1080	11.3406
1090	11.3406
74
360	5.52232
370	5.62576
380	5.74423
390	5.86929
400	5.98391
410	6.10789
420	6.21957
430	6.34439
440	6.47017
450	6.58667
460	6.71049
470	6.83438
480	6.96422
490	7.07669
500	7.16274
510	7.25694
520	7.37832
530	7.46749
540	7.50722
550	7.53471
560	7.66834
570	7.83267
580	7.99934
590	8.166
600	8.33267
610	8.49934
620	8.666
630	8.83267
640	8.99934
650	9.166
660	9.33267
670	9.49934
680	9.666
690	9.81574
700	9.8448
710	9.83896
720	9.85793
730	9.87568
740	9.896
750	9.9019
760	9.88866
770	9.90324
780	9.93192
790	9.95214
800	9.98416
810	10.0042
820	10.099
830	10.2606
840	10.4272
850	10.5939
860	10.7606
870	10.9272
880	11.0939
890	11.2606
900	11.33
910	11.3404
920	11.3404
930	11.3404
940	11.3404
950	11.3404
960	11.3404
970	11.3404
980	11.3404
990	11.3404
1000	11.3404
1010	11.3404
1020	11.3404
1030	11.3404
1040	11.3404
1050	11.3404
1060	11.3404
1070	11.3404
1080	11.3404
1090	11.3404
74
360	5.57907
370	5.68282
380	5.8008
390	5.92587
400	6.04053
410	6.16462
420	6.27671
430	6.401
440	6.52679
450	6.64326
460	6.76736
470	6.89096
480	7.02085
490	7.1333
500	7.21961
510	7.31351
520	7.42603
530	7.48891
540	7.52003
550	7.55151
560	7.66809
570	7.83242
580	7.99909
590	8.16575
600	8.33242
610	8.49909
620	8.66575
630	8.83242
640	8.99909
650	9.16575
660	9.33242
670	9.49909
680	9.66575
690	9.8155
700	9.84455
710	9.83871
720	9.85768
730	9.87543
740	9.89576
750	9.90165
760	9.88842
770	9.90299
780	9.93167
790	9.95189
800	9.98392
810	10.004
820	10.0988
830	10.2603
840	10.427
850	10.5937
860	10.7603
870	10.927
880	11.0937
890	11.2603
900	11.3298
910	11.3402
920	11.3402
930	11.3402
940	11.3402
950	11.3402
960	11.3402
970	11.3402
980	11.3402
990	11.3402
1000	11.3402
1010	11.3402
1020	11.3402
1030	11.3402
1040	11.3402
1050	11.3402
1060	11.3402
1070	11.3402
1080	11.3402
1090	11.3402
74
360	5.63559
370	5.73891
380	5.85755
390	5.98261
400	6.09721
410	6.22115
420	6.33269
430	6.4577
440	6.58347
450	6.69998
460	6.82371
470	6.94769
480	7.07751
490	7.18999
500	7.27596
510	7.36402
520	7.45343
530	7.50556
540	7.5362
550	7.67418
560	7.83138
570	7.99805
580	8.16471
590	8.33138
600	8.49805
610	8.66471
620	8.83138
630	8.99805
640	9.16471
650	9.33138
660	9.49805
670	9.66471
680	9.80863
690	9.83395
700	9.84828
710	9.84243
720	9.86141
730	9.87916
740	9.89948
750	9.90538
760	9.89261
770	9.90831
780	9.93983
790	9.9597
800	9.99075
810	10.0105
820	10.0987
830	10.2603
840	10.4269
850	10.5936
860	10.7603
870	10.9269
880	11.0936
890	11.2603
900	11.3297
910	11.3401
920	11.3401
930	11.3401
940	11.3401
950	11.3401
960	11.3401
970	11.3401
980	11.3401
990	11.3401
1000	11.3401
1010	11.3401
1020	11.3401
1030	11.3401
1040	11.3401
1050	11.3401
1060	11.3401
1070	11.3401
1080	11.3401
1090	11.3401
74
360	5.69258
370	5.79601
380	5.91448
390	6.03954
400	6.15416
410	6.27814
420	6.38982
430	6.51464
440	6.64042
450	6.74991
460	6.86181
470	6.98569
480	7.11553
490	7.228
500	7.31405
510	7.40202
520	7.48195
530	7.52283
540	7.54977
550	7.6743
560	7.83149
570	7.99816
580	8.16483
590	8.33149
600	8.49816
610	8.66483
620	8.83149
630	8.99816
640	9.16483
650	9.33149
660	9.49816
670	9.66483
680	9.80874
690	9.83406
700	9.84839
710	9.84255
720	9.86152
730	9.87927
740	9.89959
750	9.90549
760	9.89272
770	9.90842
780	9.93995
790	9.95982
800	9.99087
810	10.0107
820	10.0988
830	10.2604
840	10.427
850	10.5937
860	10.7604
870	10.927
880	11.0937
890	11.2604
900	11.3298
910	11.3402
920	11.3402
930	11.3402
940	11.3402
950	11.3402
960	11.3402
970	11.3402
980	11.3402
990	11.3402
1000	11.3402
1010	11.3402
1020	11.3402
1030	11.3402
1040	11.3402
1050	11.3402
1060	11.3402
1070	11.3402
1080	11.3402
1090	11.3402
74
360	5.74907
370	5.852
380	5.97125
390	6.09629
400	6.21085
410	6.33465
420	6.44569
430	6.57134
440	6.6971
450	6.80668
460	6.91773
470	7.03505
480	7.17219
490	7.28469
500	7.37034
510	7.45878
520	7.51809
530	7.54319
540	7.57016
550	7.67425
560	7.83144
570	7.99811
580	8.16477
590	8.33144
600	8.49811
610	8.66477
620	8.83144
630	8.99811
640	9.16477
650	9.33144
660	9.49811
670	9.66477
680	9.80869
690	9.83401
700	9.84834
710	9.8425
720	9.86147
730	9.87922
740	9.89954
750	9.90544
760	9.89267
770	9.90837
780	9.93989
790	9.95977
800	9.99082
810	10.0106
820	10.0988
830	10.2603
840	10.427
850	10.5937
860	10.7603
870	10.927
880	11.0937
890	11.2603
900	11.3298
910	11.3402
920	11.3402
930	11.3402
940	11.3402
950	11.3402
960	11.3402
970	11.3402
980	11.3402
990	11.3402
1000	11.3402
1010	11.3402
1020	11.3402
1030	11.3402
1040	11.3402
1050	11.3402
1060	11.3402
1070	11.3402
1080	11.3402
1090	11.3402
74
360	5.80634
370	5.90945
380	6.02841
390	6.15346
400	6.26805
410	6.39191
420	6.5032
430	6.62854
440	6.7543
450	6.85331
460	6.95625
470	7.07328
480	7.21045
490	7.32208
500	7.40875
510	7.48674
520	7.53554
530	7.55701
540	7.58796
550	7.67459
560	7.83179
570	7.99846
580	8.16512
590	8.33179
600	8.49846
610	8.66512
620	8.83179
630	8.99846
640	9.16512
650	9.33179
660	9.49846
670	9.66512
680	9.80904
690	9.83436
700	9.84869
710	9.84284
720	9.86182
730	9.87957
740	9.89989
750	9.90579
760	9.89302
770	9.90872
780	9.94024
790	9.96011
800	9.99117
810	10.011
820	10.0991
830	10.2607
840	10.4273
850	10.594
860	10.7607
870	10.9273
880	11.094
890	11.2607
900	11.3301
910	11.3405
920	11.3405
930	11.3405
940	11.3405
950	11.3405
960	11.3405
970	11.3405
980	11.3405
990	11.3405
1000	11.3405
1010	11.3405
1020	11.3405
1030	11.3405
1040	11.3405
1050	11.3405
1060	11.3405
1070	11.3405
1080	11.3405
1090	11.3405
74
360	5.8633
370	5.96727
380	6.08494
390	6.21001
400	6.32469
410	6.44885
420	6.55996
430	6.68517
440	6.81096
450	6.91025
460	7.01422
470	7.1298
480	7.26719
490	7.3677
500	7.44709
510	7.52464
520	7.54799
530	7.57166
540	7.6178
550	7.804
560	7.96874
570	8.1354
580	8.30207
590	8.46874
600	8.6354
610	8.80207
620	8.96874
630	9.1354
640	9.30207
650	9.46874
660	9.6354
670	9.80207
680	9.84427
690	9.84164
700	9.85607
710	9.85012
720	9.86911
730	9.8869
740	9.90719
750	9.91322
760	9.90311
770	9.93001
780	9.95182
790	9.97756
800	10.0005
810	10.1149
820	10.2724
830	10.439
840	10.6057
850	10.7724
860	10.939
870	11.1057
880	11.2724
890	11.3478
900	11.3478
910	11.3478
920	11.3478
930	11.3478
940	11.3478
950	11.3478
960	11.3478
970	11.3478
980	11.3478
990	11.3478
1000	11.3478
1010	11.3478
1020	11.3478
1030	11.3478
1040	11.3478
1050	11.3478
1060	11.3478
1070	11.3478
1080	11.3478
1090	11.3478
74
360	5.91956
370	6.02281
380	6.14156
390	6.26662
400	6.38121
410	6.50513
420	6.61658
430	6.7417
440	6.86747
450	6.96653
460	7.06963
470	7.18642
480	7.32357
490	7.41384
500	7.48391
510	7.54135
520	7.56114
530	7.58585
540	7.63439
550	7.8038
560	7.96854
570	8.13521
580	8.30188
590	8.46854
600	8.63521
610	8.80188
620	8.96854
630	9.13521
640	9.30188
650	9.46854
660	9.63521
670	9.80188
680	9.84407
690	9.84145
700	9.85588
710	9.84993
720	9.86892
730	9.8867
740	9.907
750	9.91303
760	9.90292
770	9.92982
780	9.95163
790	9.97737
800	10.0003
810	10.1147
820	10.2722
830	10.4388
840	10.6055
850	10.7722
860	10.9388
870	11.1055
880	11.2722
890	11.3476
900	11.3476
910	11.3476
920	11.3476
930	11.3476
940	11.3476
950	11.3476
960	11.3476
970	11.3476
980	11.3476
990	11.3476
1000	11.3476
1010	11.3476
1020	11.3476
1030	11.3476
1040	11.3476
1050	11.3476
1060	11.3476
1070	11.3476
1080	11.3476
1090	11.3476
74
360	5.97653
370	6.07964
380	6.19861
390	6.32366
400	6.43824
410	6.56211
420	6.67339
430	6.79873
440	6.92449
450	7.02351
460	7.12644
470	7.24347
480	7.36226
490	7.45185
500	7.50766
510	7.55444
520	7.57386
530	7.59842
540	7.6516
550	7.80403
560	7.96877
570	8.13544
580	8.3021
590	8.46877
600	8.63544
610	8.8021
620	8.96877
630	9.13544
640	9.3021
650	9.46877
660	9.63544
670	9.8021
680	9.8443
690	9.84167
700	9.85611
710	9.85016
720	9.86914
730	9.88693
740	9.90723
750	9.91326
760	9.90315
770	9.93004
780	9.95186
790	9.9776
800	10.0005
810	10.1149
820	10.2724
830	10.4391
840	10.6057
850	10.7724
860	10.9391
870	11.1057
880	11.2724
890	11.3479
900	11.3479
910	11.3479
920	11.3479
930	11.3479
940	11.3479
950	11.3479
960	11.3479
970	11.3479
980	11.3479
990	11.3479
1000	11.3479
1010	11.3479
1020	11.3479
1030	11.3479
1040	11.3479
1050	11.3479
1060	11.3479
1070	11.3479
1080	11.3479
1090	11.3479
74
360	6.0334
370	6.13625
380	6.2556
390	6.38064
400	6.49519
410	6.61898
420	6.72995
430	6.85569
440	6.98144
450	7.08038
460	7.18301
470	7.30046
480	7.41925
490	7.50866
500	7.55461
510	7.58016
520	7.5964
530	7.62304
540	7.67722
550	7.8042
560	7.96895
570	8.13561
580	8.30228
590	8.46895
600	8.63561
610	8.80228
620	8.96895
630	9.13561
640	9.30228
650	9.46895
660	9.63561
670	9.80228
680	9.84447
690	9.84185
700	9.85628
710	9.85033
720	9.86932
730	9.88711
740	9.9074
750	9.91343
760	9.90332
770	9.93022
780	9.95203
790	9.97777
800	10.0007
810	10.1151
820	10.2726
830	10.4392
840	10.6059
850	10.7726
860	10.9392
870	11.1059
880	11.2726
890	11.348
900	11.348
910	11.348
920	11.348
930	11.348
940	11.348
950	11.348
960	11.348
970	11.348
980	11.348
990	11.348
1000	11.348
1010	11.348
1020	11.348
1030	11.348
1040	11.348
1050	11.348
1060	11.348
1070	11.348
1080	11.348
1090	11.348
