138
1
1090	0.0361679
2
1080	0.0535821
1090	0.167461
3
1070	0.076148
1080	0.226868
1090	0.296436
4
1060	0.0801628
1070	0.199562
1080	0.276767
1090	0.424057
5
1050	0.121419
1060	0.175025
1070	0.29923
1080	0.388992
1090	0.496208
6
1040	0.0986393
1050	0.174273
1060	0.294181
1070	0.365791
1080	0.478419
1090	0.560624
7
1030	0.0874897
1040	0.141724
1050	0.265222
1060	0.321978
1070	0.429207
1080	0.515755
1090	0.582801
8
1020	0.0861764
1030	0.146782
1040	0.232428
1050	0.321599
1060	0.392568
1070	0.505239
1080	0.565833
1090	0.676046
9
1010	0.0928316
1020	0.137338
1030	0.201216
1040	0.322186
1050	0.371813
1060	0.493475
1070	0.552066
1080	0.661827
1090	0.825846
10
1000	0.0818076
1010	0.109256
1020	0.177775
1030	0.302374
1040	0.358314
1050	0.48718
1060	0.540085
1070	0.65861
1080	0.82461
1090	0.991276
11
990	0.0988158
1000	0.127175
1010	0.20659
1020	0.287174
1030	0.408912
1040	0.46375
1050	0.598511
1060	0.765178
1070	0.931845
1080	1.05198
1090	1.09942
12
980	0.0852192
990	0.117074
1000	0.182871
1010	0.321248
1020	0.393147
1030	0.460406
1040	0.600055
1050	0.766721
1060	0.933388
1070	1.0538
1080	1.10234
1090	1.224
13
970	0.0626806
980	0.118048
990	0.149869
1000	0.25987
1010	0.392141
1020	0.431427
1030	0.549285
1040	0.715374
1050	0.882041
1060	1.04857
1070	1.07874
1080	1.17774
1090	1.29615
14
960	0.0491592
970	0.0986295
980	0.135095
990	0.218331
1000	0.372575
1010	0.412436
1020	0.505095
1030	0.664073
1040	0.83074
1050	0.997407
1060	1.06636
1070	1.13861
1080	1.28588
1090	1.31918
15
950	0.0555511
960	0.102771
970	0.138308
980	0.216754
990	0.366914
1000	0.414584
1010	0.498361
1020	0.651845
1030	0.818511
1040	0.985178
1050	1.07021
1060	1.13267
1070	1.27062
1080	1.31994
1090	1.40813
16
940	0.0603881
950	0.10326
960	0.143488
970	0.221142
980	0.349424
990	0.417741
1000	0.493778
1010	0.644876
1020	0.811543
1030	0.978209
1040	1.07446
1050	1.14325
1060	1.28953
1070	1.32471
1080	1.42339
1090	1.46095
17
930	0.0732071
940	0.132231
950	0.162113
960	0.250648
970	0.396306
980	0.434106
990	0.547822
1000	0.713205
1010	0.879871
1020	1.04644
1030	1.08624
1040	1.19435
1050	1.3138
1060	1.34252
1070	1.44814
1080	1.47517
1090	1.56837
18
920	0.0793703
930	0.132466
940	0.163124
950	0.238745
960	0.374607
970	0.432865
980	0.562729
990	0.729396
1000	0.896063
1010	1.0477
1020	1.08718
1030	1.20575
1040	1.30732
1050	1.33522
1060	1.41409
1070	1.47564
1080	1.56187
1090	1.68617
19
910	0.0848265
920	0.103117
930	0.154916
940	0.203794
950	0.330742
960	0.392317
970	0.504847
980	0.670334
990	0.837001
1000	1.00367
1010	1.06389
1020	1.1693
1030	1.26358
1040	1.3306
1050	1.3766
1060	1.45335
1070	1.51757
1080	1.65984
1090	1.71002
20
900	0.07133
910	0.10805
920	0.125806
930	0.194966
940	0.309801
950	0.389253
960	0.541191
970	0.707857
980	0.874524
990	1.00232
1000	1.05548
1010	1.1674
1020	1.23845
1030	1.34039
1040	1.37083
1050	1.44107
1060	1.51648
1070	1.64465
1080	1.70266
1090	1.73973
21
890	0.0781783
900	0.115358
910	0.155622
920	0.271034
930	0.297464
940	0.397125
950	0.558248
960	0.724914
970	0.87453
980	0.968714
990	1.03971
1000	1.17291
1010	1.2208
1020	1.33425
1030	1.35893
1040	1.41413
1050	1.52711
1060	1.6284
1070	1.70391
1080	1.74497
1090	1.82474
22
880	0.0772565
890	0.120953
900	0.161234
910	0.274747
920	0.298306
930	0.391319
940	0.548622
950	0.68622
960	0.833903
970	0.930567
980	1.02507
990	1.12841
1000	1.22254
1010	1.30698
1020	1.3595
1030	1.40052
1040	1.51477
1050	1.61371
1060	1.70208
1070	1.75055
1080	1.82379
1090	1.94801
23
870	0.0593168
880	0.134865
890	0.161086
900	0.261647
910	0.300663
920	0.386857
930	0.507621
940	0.665419
950	0.832086
960	0.906967
970	1.01333
980	1.09841
990	1.20127
1000	1.2906
1010	1.36666
1020	1.40393
1030	1.51643
1040	1.58991
1050	1.68991
1060	1.75459
1070	1.81281
1080	1.92631
1090	1.96883
24
860	0.0749524
870	0.1529
880	0.194428
890	0.288699
900	0.334809
910	0.447647
920	0.612302
930	0.778603
940	0.846342
950	0.969754
960	1.04147
970	1.16395
980	1.23812
990	1.34834
1000	1.37936
1010	1.4474
1020	1.53684
1030	1.65776
1040	1.73532
1050	1.77934
1060	1.85559
1070	1.9702
1080	2.01292
1090	2.08107
25
850	0.101399
860	0.157464
870	0.214283
880	0.266729
890	0.378565
900	0.542357
910	0.688405
920	0.760704
930	0.897676
940	0.959656
950	1.06164
960	1.16458
970	1.25466
980	1.35727
990	1.38549
1000	1.49358
1010	1.6302
1020	1.67013
1030	1.77446
1040	1.80964
1050	1.91514
1060	1.9813
1070	2.05031
1080	2.09368
1090	2.17048
26
840	0.110488
850	0.153388
860	0.174634
870	0.23373
880	0.345669
890	0.51106
900	0.626243
910	0.720751
920	0.842543
930	0.920631
940	1.00041
950	1.14143
960	1.22433
970	1.30947
980	1.37071
990	1.45002
1000	1.60302
1010	1.64883
1020	1.74158
1030	1.78795
1040	1.86062
1050	1.98425
1060	2.00818
1070	2.0935
1080	2.12477
1090	2.23621
27
830	0.116722
840	0.16027
850	0.209194
860	0.328714
870	0.47103
880	0.546588
890	0.643184
900	0.737222
910	0.837038
920	0.904619
930	1.03017
940	1.18133
950	1.24059
960	1.35059
970	1.39474
980	1.50028
990	1.6385
1000	1.67517
1010	1.76439
1020	1.79902
1030	1.85268
1040	1.97693
1050	2.0171
1060	2.10274
1070	2.13617
1080	2.23765
1090	2.36044
28
820	0.124152
830	0.166143
840	0.226282
850	0.363945
860	0.465841
870	0.560985
880	0.650812
890	0.752623
900	0.819318
910	0.956075
920	1.08459
930	1.17398
940	1.24896
950	1.32648
960	1.41624
970	1.57388
980	1.65019
990	1.67407
1000	1.77043
1010	1.81372
1020	1.88989
1030	2.00856
1040	2.03911
1050	2.11332
1060	2.15729
1070	2.27978
1080	2.36968
1090	2.40391
29
810	0.112264
820	0.176735
830	0.244071
840	0.370608
850	0.490689
860	0.58327
870	0.653941
880	0.763799
890	0.92351
900	0.985829
910	1.11628
920	1.19184
930	1.24081
940	1.34344
950	1.50647
960	1.56368
970	1.66293
980	1.69129
990	1.79837
1000	1.83358
1010	1.92948
1020	2.01127
1030	2.0752
1040	2.12817
1050	2.20169
1060	2.33259
1070	2.38576
1080	2.41675
1090	2.47723
30
800	0.108207
810	0.161447
820	0.260662
830	0.384114
840	0.45662
850	0.557989
860	0.639249
870	0.786898
880	0.865908
890	0.97923
900	1.10562
910	1.18446
920	1.22758
930	1.34157
940	1.50605
950	1.55846
960	1.66648
970	1.69141
980	1.78284
990	1.83545
1000	1.92434
1010	2.01449
1020	2.07146
1030	2.13105
1040	2.19071
1050	2.3215
1060	2.39014
1070	2.4217
1080	2.4779
1090	2.50237
31
790	0.0883014
800	0.17942
810	0.289023
820	0.372747
830	0.473969
840	0.558802
850	0.701728
860	0.770408
870	0.910694
880	1.00297
890	1.10598
900	1.19051
910	1.27056
920	1.42033
930	1.51167
940	1.58605
950	1.67916
960	1.72548
970	1.82128
980	1.85587
990	1.96395
1000	2.02798
1010	2.09783
1020	2.14546
1030	2.21752
1040	2.36143
1050	2.40583
1060	2.43643
1070	2.4953
1080	2.52276
1090	2.55326
32
780	0.117817
790	0.176466
800	0.251634
810	0.348623
820	0.431984
830	0.5499
840	0.66145
850	0.725173
860	0.867058
870	0.96046
880	1.06412
890	1.17048
900	1.2329
910	1.37376
920	1.49649
930	1.55328
940	1.68184
950	1.70808
960	1.81277
970	1.8397
980	1.92528
990	2.02618
1000	2.06937
1010	2.14042
1020	2.1932
1030	2.32531
1040	2.39866
1050	2.43627
1060	2.47626
1070	2.51039
1080	2.54437
1090	2.60995
33
770	0.117833
780	0.164351
790	0.224396
800	0.352112
810	0.390394
820	0.503188
830	0.652548
840	0.696566
850	0.818498
860	0.926525
870	1.01489
880	1.15894
890	1.20759
900	1.33504
910	1.49014
920	1.52638
930	1.64144
940	1.69191
950	1.75188
960	1.83429
970	1.87347
980	1.99057
990	2.04252
1000	2.12008
1010	2.16122
1020	2.24918
1030	2.38255
1040	2.42532
1050	2.45462
1060	2.50685
1070	2.54669
1080	2.57441
1090	2.68076
34
760	0.100123
770	0.165426
780	0.236793
790	0.35865
800	0.39602
810	0.491067
820	0.611904
830	0.67727
840	0.809137
850	0.902946
860	1.00427
870	1.13725
880	1.20292
890	1.34706
900	1.48711
910	1.52966
920	1.63505
930	1.70036
940	1.73468
950	1.84302
960	1.8725
970	1.98198
980	2.04678
990	2.12382
1000	2.16531
1010	2.25371
1020	2.39777
1030	2.4266
1040	2.45955
1050	2.51442
1060	2.55043
1070	2.57836
1080	2.66675
1090	2.7762
35
750	0.114884
760	0.172839
770	0.248919
780	0.349542
790	0.386797
800	0.480875
810	0.58118
820	0.664868
830	0.82071
840	0.885672
850	1.00041
860	1.09977
870	1.20724
880	1.37186
890	1.47601
900	1.53246
910	1.59918
920	1.69996
930	1.73613
940	1.84688
950	1.87506
960	1.98386
970	2.04971
980	2.1217
990	2.16686
1000	2.25031
1010	2.36916
1020	2.42368
1030	2.46347
1040	2.52182
1050	2.54743
1060	2.57407
1070	2.65728
1080	2.75204
1090	2.80615
36
740	0.116406
750	0.186329
760	0.259461
770	0.375583
780	0.417388
790	0.501975
800	0.580031
810	0.729414
820	0.795233
830	0.92985
840	1.0225
850	1.10708
860	1.26141
870	1.42808
880	1.48694
890	1.51308
900	1.61473
910	1.71126
920	1.76593
930	1.85573
940	1.89809
950	2.01746
960	2.06442
970	2.1499
980	2.18371
990	2.27535
1000	2.41392
1010	2.44652
1020	2.4805
1030	2.53509
1040	2.56291
1050	2.58546
1060	2.66863
1070	2.80372
1080	2.819
1090	2.85838
37
730	0.0925334
740	0.179966
750	0.262313
760	0.379389
770	0.417496
780	0.481357
790	0.571597
800	0.69205
810	0.774857
820	0.92779
830	1.01429
840	1.11509
850	1.27669
860	1.44317
870	1.48535
880	1.51163
890	1.59775
900	1.71917
910	1.75977
920	1.86519
930	1.8935
940	1.99639
950	2.06768
960	2.14584
970	2.18692
980	2.26999
990	2.4229
1000	2.43949
1010	2.48407
1020	2.53437
1030	2.55523
1040	2.58555
1050	2.63966
1060	2.76961
1070	2.81766
1080	2.86787
1090	2.89606
38
720	0.0657502
730	0.194218
740	0.319993
750	0.382362
760	0.40911
770	0.458493
780	0.558404
790	0.655835
800	0.813826
810	0.91848
820	0.996036
830	1.14767
840	1.30371
850	1.44396
860	1.48217
870	1.51561
880	1.6002
890	1.71874
900	1.77142
910	1.86658
920	1.91053
930	2.01607
940	2.06845
950	2.13976
960	2.18832
970	2.2588
980	2.37063
990	2.43853
1000	2.49443
1010	2.52163
1020	2.55832
1030	2.59523
1040	2.62449
1050	2.72061
1060	2.82645
1070	2.85929
1080	2.89064
1090	2.97393
39
710	0.0524533
720	0.185168
730	0.325413
740	0.367361
750	0.418032
760	0.455518
770	0.526257
780	0.646425
790	0.811897
800	0.900867
810	0.963261
820	1.07074
830	1.23345
840	1.40012
850	1.46078
860	1.51035
870	1.56043
880	1.67332
890	1.73806
900	1.85541
910	1.88275
920	1.95919
930	2.07027
940	2.09787
950	2.1906
960	2.21753
970	2.30801
980	2.44055
990	2.47183
1000	2.50418
1010	2.5641
1020	2.57692
1030	2.60558
1040	2.66798
1050	2.77545
1060	2.83933
1070	2.88638
1080	2.925
1090	3.02153
40
700	0.00110407
710	0.0660281
720	0.185168
730	0.325413
740	0.367361
750	0.418032
760	0.455518
770	0.526257
780	0.646425
790	0.811897
800	0.900867
810	0.963261
820	1.07074
830	1.23345
840	1.40012
850	1.46078
860	1.51035
870	1.56043
880	1.67332
890	1.73806
900	1.85541
910	1.88275
920	1.95919
930	2.07027
940	2.09787
950	2.1906
960	2.21753
970	2.30801
980	2.44055
990	2.47183
1000	2.50418
1010	2.5641
1020	2.57692
1030	2.60558
1040	2.66798
1050	2.77545
1060	2.83933
1070	2.88638
1080	2.925
1090	3.02153
74
360	0
370	0
380	0
390	0
400	0
410	0
420	0
430	0
440	0
450	0
460	0
470	0
480	0
490	0
500	0
510	0
520	0
530	0
540	0
550	0
560	0
570	0
580	0
590	0
600	0
610	0
620	0
630	0
640	0
650	0
660	0
670	0
680	0
690	0
700	0.00906772
710	0.0860427
720	0.204108
730	0.337982
740	0.378214
750	0.426619
760	0.46053
770	0.534813
780	0.646425
790	0.811897
800	0.900867
810	0.963261
820	1.07074
830	1.23345
840	1.40012
850	1.46078
860	1.51035
870	1.56043
880	1.67332
890	1.73806
900	1.85541
910	1.88275
920	1.95919
930	2.07027
940	2.09787
950	2.1906
960	2.21753
970	2.30801
980	2.44055
990	2.47183
1000	2.50418
1010	2.5641
1020	2.57692
1030	2.60558
1040	2.66798
1050	2.77545
1060	2.83933
1070	2.88638
1080	2.925
1090	3.02153
74
360	0.0530303
370	0.0530303
380	0.0530303
390	0.0530303
400	0.0530303
410	0.0530303
420	0.0530303
430	0.0530303
440	0.0530303
450	0.0530303
460	0.0530303
470	0.0530303
480	0.0530303
490	0.0530303
500	0.0530303
510	0.0530303
520	0.0530303
530	0.0530303
540	0.0530303
550	0.0530303
560	0.0530303
570	0.0530303
580	0.0530303
590	0.0530303
600	0.0530303
610	0.0530303
620	0.0530303
630	0.0530303
640	0.0530303
650	0.0530303
660	0.0530303
670	0.0530303
680	0.0866665
690	0.192273
700	0.334208
710	0.390425
720	0.41589
730	0.483649
740	0.552106
750	0.660284
760	0.824212
770	0.917533
780	0.975395
790	1.1092
800	1.27587
810	1.42907
820	1.48944
830	1.52954
840	1.55481
850	1.64769
860	1.77492
870	1.83538
880	1.91005
890	1.95497
900	2.0654
910	2.11263
920	2.18952
930	2.23222
940	2.31392
950	2.45036
960	2.49085
970	2.52891
980	2.55374
990	2.60131
1000	2.63523
1010	2.67482
1020	2.79054
1030	2.86272
1040	2.91678
1050	2.94494
1060	3.04848
1070	3.15796
1080	3.20212
1090	3.24357
74
360	0.106061
370	0.106061
380	0.106061
390	0.106061
400	0.106061
410	0.106061
420	0.106061
430	0.106061
440	0.106061
450	0.106061
460	0.106061
470	0.106061
480	0.106061
490	0.106061
500	0.106061
510	0.106061
520	0.106061
530	0.106061
540	0.106061
550	0.106061
560	0.106061
570	0.106061
580	0.106061
590	0.106061
600	0.106061
610	0.106061
620	0.106061
630	0.106061
640	0.106061
650	0.112763
660	0.180188
670	0.327202
680	0.418412
690	0.442531
700	0.491381
710	0.575057
720	0.711645
730	0.878108
740	0.939059
750	0.962155
760	1.05489
770	1.19156
780	1.33689
790	1.40628
800	1.51143
810	1.55374
820	1.60232
830	1.72026
840	1.8688
850	1.88999
860	1.94289
870	1.98558
880	2.05735
890	2.16775
900	2.24378
910	2.28359
920	2.36355
930	2.50221
940	2.53006
950	2.56777
960	2.61603
970	2.65649
980	2.67953
990	2.77227
1000	2.87517
1010	2.92412
1020	2.95461
1030	3.03777
1040	3.16856
1050	3.20689
1060	3.25826
1070	3.30195
1080	3.33312
1090	3.43763
74
360	0.159091
370	0.159091
380	0.159091
390	0.159091
400	0.159091
410	0.159091
420	0.159091
430	0.159091
440	0.159091
450	0.159091
460	0.159091
470	0.159091
480	0.159091
490	0.159091
500	0.159091
510	0.159091
520	0.159091
530	0.159091
540	0.159091
550	0.159091
560	0.159091
570	0.159091
580	0.159091
590	0.159091
600	0.159091
610	0.159091
620	0.159091
630	0.179434
640	0.272256
650	0.401252
660	0.472113
670	0.543148
680	0.601777
690	0.731164
700	0.879288
710	0.894528
720	0.963467
730	0.998885
740	1.11003
750	1.20507
760	1.35674
770	1.43165
780	1.50536
790	1.57407
800	1.63959
810	1.74456
820	1.83746
830	1.88881
840	1.95657
850	2.00407
860	2.13339
870	2.21744
880	2.2644
890	2.30293
900	2.42302
910	2.51872
920	2.55805
930	2.59266
940	2.63177
950	2.67648
960	2.71344
970	2.82577
980	2.89006
990	2.94002
1000	2.97514
1010	3.06523
1020	3.1808
1030	3.22666
1040	3.27992
1050	3.31897
1060	3.36483
1070	3.47779
1080	3.50533
1090	3.597
74
360	0.212121
370	0.212121
380	0.212121
390	0.212121
400	0.212121
410	0.212121
420	0.212121
430	0.212121
440	0.212121
450	0.212121
460	0.212121
470	0.212121
480	0.212121
490	0.212121
500	0.212121
510	0.212121
520	0.212121
530	0.212121
540	0.212121
550	0.212121
560	0.212121
570	0.212121
580	0.212121
590	0.212121
600	0.212629
610	0.256386
620	0.370719
630	0.444492
640	0.493894
650	0.613873
660	0.779445
670	0.818422
680	0.891153
690	0.920948
700	0.98962
710	1.01919
720	1.11862
730	1.27806
740	1.44302
750	1.45982
760	1.5438
770	1.59986
780	1.66337
790	1.79742
800	1.87937
810	1.93795
820	1.98255
830	2.0496
840	2.18695
850	2.25046
860	2.29081
870	2.33809
880	2.45596
890	2.54325
900	2.6011
910	2.62891
920	2.66196
930	2.69929
940	2.75638
950	2.88405
960	2.91999
970	2.98173
980	3.01914
990	3.12712
1000	3.19766
1010	3.28451
1020	3.31357
1030	3.34555
1040	3.41323
1050	3.49561
1060	3.55539
1070	3.61527
1080	3.66962
1090	3.75997
74
360	0.265152
370	0.265152
380	0.265152
390	0.265152
400	0.265152
410	0.265152
420	0.265152
430	0.265152
440	0.265152
450	0.265152
460	0.265152
470	0.265152
480	0.265152
490	0.265152
500	0.265152
510	0.265152
520	0.265152
530	0.265152
540	0.265152
550	0.265152
560	0.265152
570	0.265152
580	0.281307
590	0.371464
600	0.475574
610	0.510531
620	0.603354
630	0.670602
640	0.814927
650	0.871935
660	0.935571
670	0.976274
680	1.02242
690	1.09406
700	1.2174
710	1.3744
720	1.46935
730	1.53041
740	1.61566
750	1.66857
760	1.78854
770	1.89543
780	1.93939
790	1.99886
800	2.0591
810	2.18773
820	2.25346
830	2.31336
840	2.34489
850	2.45684
860	2.5459
870	2.62019
880	2.64714
890	2.67779
900	2.71346
910	2.7737
920	2.87471
930	2.92883
940	3.00207
950	3.03881
960	3.15684
970	3.19574
980	3.28219
990	3.32555
1000	3.36148
1010	3.40951
1020	3.50955
1030	3.53565
1040	3.63764
1050	3.66054
1060	3.75636
1070	3.79346
1080	3.84223
1090	3.887
74
360	0.318182
370	0.318182
380	0.318182
390	0.318182
400	0.318182
410	0.318182
420	0.318182
430	0.318182
440	0.318182
450	0.318182
460	0.318182
470	0.318182
480	0.318182
490	0.318182
500	0.318182
510	0.318182
520	0.318182
530	0.318182
540	0.318182
550	0.323506
560	0.405167
570	0.527107
580	0.565516
590	0.647138
600	0.799738
610	0.841886
620	0.925818
630	0.970565
640	1.04069
650	1.06472
660	1.16404
670	1.3027
680	1.46937
690	1.51112
700	1.60045
710	1.6474
720	1.72748
730	1.86609
740	1.93055
750	2.00447
760	2.03704
770	2.12636
780	2.2527
790	2.2819
800	2.33202
810	2.36093
820	2.43947
830	2.57336
840	2.63969
850	2.68804
860	2.73048
870	2.75745
880	2.85987
890	2.91378
900	2.99309
910	3.03456
920	3.09
930	3.15203
940	3.22116
950	3.28146
960	3.35389
970	3.39539
980	3.43087
990	3.53897
1000	3.56361
1010	3.66365
1020	3.68984
1030	3.78301
1040	3.82402
1050	3.87719
1060	3.91416
1070	3.96022
1080	3.99194
1090	4.04045
74
360	0.371212
370	0.371212
380	0.371212
390	0.371212
400	0.371212
410	0.371212
420	0.371212
430	0.371212
440	0.371212
450	0.371212
460	0.371212
470	0.371212
480	0.371212
490	0.371212
500	0.371212
510	0.371212
520	0.372005
530	0.417833
540	0.534164
550	0.602533
560	0.699628
570	0.834758
580	0.882527
590	0.996072
600	1.0224
610	1.07473
620	1.13485
630	1.26533
640	1.43198
650	1.52651
660	1.58954
670	1.66441
680	1.72086
690	1.84767
700	1.94438
710	1.99981
720	2.05097
730	2.13691
740	2.23258
750	2.30015
760	2.3286
770	2.3826
780	2.42825
790	2.54426
800	2.64858
810	2.70363
820	2.73485
830	2.76738
840	2.83038
850	2.928
860	2.971
870	3.04805
880	3.07854
890	3.10975
900	3.21107
910	3.26016
920	3.33818
930	3.39773
940	3.43817
950	3.46359
960	3.55858
970	3.59506
980	3.67457
990	3.72087
1000	3.78912
1010	3.85903
1020	3.91429
1030	3.93939
1040	4.00081
1050	4.03368
1060	4.06251
1070	4.16068
1080	4.21751
1090	4.2925
74
360	0.424242
370	0.424242
380	0.424242
390	0.424242
400	0.424242
410	0.424242
420	0.424242
430	0.424242
440	0.424242
450	0.424242
460	0.424242
470	0.424242
480	0.424242
490	0.424242
500	0.435621
510	0.515466
520	0.567757
530	0.686733
540	0.805329
550	0.845911
560	0.964535
570	1.02327
580	1.08383
590	1.11685
600	1.22767
610	1.37711
620	1.53753
630	1.55354
640	1.63393
650	1.6934
660	1.81377
670	1.94979
680	1.98261
690	2.00759
700	2.10904
710	2.2222
720	2.25742
730	2.33151
740	2.37209
750	2.40969
760	2.47993
770	2.61395
780	2.67677
790	2.74503
800	2.77211
810	2.79788
820	2.88139
830	2.95194
840	3.01672
850	3.07306
860	3.1008
870	3.15855
880	3.26627
890	3.30228
900	3.39255
910	3.42039
920	3.46536
930	3.49101
940	3.59324
950	3.62427
960	3.72026
970	3.7501
980	3.84687
990	3.88959
1000	3.94209
1010	3.98735
1020	4.02586
1030	4.05624
1040	4.11555
1050	4.2238
1060	4.25755
1070	4.32384
1080	4.36988
1090	4.49221
74
360	0.477273
370	0.477273
380	0.477273
390	0.477273
400	0.477273
410	0.477273
420	0.477273
430	0.477273
440	0.477273
450	0.477273
460	0.477273
470	0.477273
480	0.511744
490	0.622442
500	0.648997
510	0.746013
520	0.832551
530	0.91197
540	1.03803
550	1.05467
560	1.11005
570	1.1513
580	1.26894
590	1.40515
600	1.51394
610	1.567
620	1.65429
630	1.80874
640	1.87091
650	1.97236
660	2.00803
670	2.0343
680	2.13514
690	2.24401
700	2.29214
710	2.35735
720	2.41159
730	2.44123
740	2.52831
750	2.67969
760	2.71117
770	2.76926
780	2.80586
790	2.84036
800	2.95112
810	2.98741
820	3.06641
830	3.09247
840	3.12747
850	3.17122
860	3.26275
870	3.36696
880	3.41432
890	3.45206
900	3.48996
910	3.54038
920	3.62339
930	3.66617
940	3.74976
950	3.78795
960	3.8997
970	3.92006
980	3.96795
990	4.01913
1000	4.05333
1010	4.08297
1020	4.14179
1030	4.25184
1040	4.27816
1050	4.3507
1060	4.38889
1070	4.50348
1080	4.5571
1090	4.61898
74
360	0.530303
370	0.530303
380	0.530303
390	0.530303
400	0.530303
410	0.530303
420	0.530303
430	0.530303
440	0.530303
450	0.542759
460	0.612043
470	0.651941
480	0.760877
490	0.82775
500	0.916083
510	0.996504
520	1.07399
530	1.13066
540	1.15908
550	1.24633
560	1.3864
570	1.51319
580	1.57701
590	1.67788
600	1.74554
610	1.88666
620	1.99564
630	2.03319
640	2.06873
650	2.17878
660	2.24236
670	2.32372
680	2.38571
690	2.4492
700	2.47247
710	2.547
720	2.62735
730	2.73006
740	2.79888
750	2.83253
760	2.85389
770	2.93157
780	2.99414
790	3.03029
800	3.10958
810	3.15285
820	3.1783
830	3.27599
840	3.39114
850	3.4329
860	3.47547
870	3.51917
880	3.56018
890	3.64589
900	3.68392
910	3.76997
920	3.80725
930	3.91776
940	3.94128
950	3.99278
960	4.02311
970	4.07808
980	4.10529
990	4.13041
1000	4.21393
1010	4.28977
1020	4.34868
1030	4.39305
1040	4.46613
1050	4.58544
1060	4.617
1070	4.68784
1080	4.7296
1090	4.84594
74
360	0.583333
370	0.583333
380	0.583333
390	0.583333
400	0.583333
410	0.583333
420	0.586105
430	0.648416
440	0.681217
450	0.764026
460	0.891633
470	0.917903
480	1.0033
490	1.10029
500	1.13324
510	1.18348
520	1.24333
530	1.34982
540	1.49737
550	1.66093
560	1.68975
570	1.79798
580	1.96278
590	2.0296
600	2.0646
610	2.11871
620	2.18748
630	2.26116
640	2.30462
650	2.41786
660	2.44889
670	2.48608
680	2.57757
690	2.64561
700	2.69943
710	2.82683
720	2.85668
730	2.88306
740	2.97325
750	3.02032
760	3.08592
770	3.13909
780	3.18274
790	3.21744
800	3.30935
810	3.41493
820	3.4458
830	3.50196
840	3.55316
850	3.58563
860	3.6819
870	3.70859
880	3.73293
890	3.83706
900	3.88925
910	3.96087
920	3.99407
930	4.03489
940	4.1013
950	4.12971
960	4.15813
970	4.2352
980	4.32574
990	4.35606
1000	4.42305
1010	4.47388
1020	4.59224
1030	4.63418
1040	4.71453
1050	4.74531
1060	4.84206
1070	4.96435
1080	5.08959
1090	5.13223
74
360	0.636364
370	0.636364
380	0.636364
390	0.636364
400	0.675074
410	0.724433
420	0.77874
430	0.895689
440	0.946346
450	1.02973
460	1.13779
470	1.18716
480	1.2208
490	1.30486
500	1.42994
510	1.5966
520	1.68256
530	1.78092
540	1.88273
550	1.96623
560	2.05676
570	2.09488
580	2.13124
590	2.22018
600	2.291
610	2.38086
620	2.43441
630	2.47301
640	2.5232
650	2.61585
660	2.67066
670	2.7488
680	2.84783
690	2.87112
700	2.90425
710	2.9635
720	3.05581
730	3.08761
740	3.17172
750	3.20889
760	3.24008
770	3.34195
780	3.44099
790	3.48979
800	3.53474
810	3.57924
820	3.62943
830	3.70479
840	3.73295
850	3.77574
860	3.87528
870	3.9156
880	3.99182
890	4.02515
900	4.0659
910	4.13659
920	4.16301
930	4.19071
940	4.25977
950	4.35448
960	4.39163
970	4.45327
980	4.51251
990	4.63236
1000	4.67246
1010	4.75878
1020	4.78381
1030	4.86536
1040	5.00664
1050	5.12306
1060	5.17325
1070	5.24602
1080	5.30012
1090	5.39619
74
360	0.689394
370	0.695149
380	0.765298
390	0.801908
400	0.876839
410	0.947991
420	0.999008
430	1.11287
440	1.1621
450	1.22295
460	1.26805
470	1.39248
480	1.54732
490	1.6221
500	1.77127
510	1.81753
520	1.90681
530	2.0645
540	2.09483
550	2.12448
560	2.21057
570	2.27373
580	2.31231
590	2.39068
600	2.44795
610	2.49711
620	2.52299
630	2.62662
640	2.73102
650	2.77646
660	2.88206
670	2.91363
680	2.93864
690	3.03582
700	3.07836
710	3.16127
720	3.20016
730	3.2321
740	3.29587
750	3.41793
760	3.46891
770	3.54468
780	3.5728
790	3.60529
800	3.67624
810	3.72856
820	3.75774
830	3.81434
840	3.92092
850	3.95249
860	4.01605
870	4.06388
880	4.09296
890	4.16129
900	4.19077
910	4.21838
920	4.2957
930	4.37784
940	4.42726
950	4.47878
960	4.54176
970	4.66391
980	4.70095
990	4.78533
1000	4.8155
1010	4.92183
1020	5.06484
1030	5.15211
1040	5.20144
1050	5.25663
1060	5.28515
1070	5.36646
1080	5.44213
1090	5.50431
74
360	0.743595
370	0.829053
380	0.859049
390	0.969163
400	1.00592
410	1.08883
420	1.14759
430	1.1921
440	1.25619
450	1.39408
460	1.49113
470	1.60063
480	1.7656
490	1.81931
500	1.92606
510	2.08593
520	2.11548
530	2.14641
540	2.2332
550	2.28471
560	2.3182
570	2.38472
580	2.44866
590	2.51437
600	2.54323
610	2.63814
620	2.74775
630	2.78912
640	2.91131
650	2.92915
660	2.95589
670	3.03619
680	3.09147
690	3.16123
700	3.21806
710	3.25731
720	3.29786
730	3.41954
740	3.49085
750	3.54114
760	3.58442
770	3.63047
780	3.67427
790	3.74837
800	3.78765
810	3.81695
820	3.92646
830	3.96239
840	4.04567
850	4.06728
860	4.11358
870	4.16792
880	4.20054
890	4.24042
900	4.29152
910	4.40756
920	4.42977
930	4.50316
940	4.53899
950	4.6558
960	4.71531
970	4.7875
980	4.82509
990	4.90702
1000	5.04813
1010	5.13411
1020	5.18621
1030	5.26698
1040	5.30987
1050	5.39828
1060	5.45553
1070	5.526
1080	5.55644
1090	5.66676
74
360	0.812691
370	0.861957
380	0.940911
390	1.0092
400	1.06423
410	1.13983
420	1.2112
430	1.24365
440	1.34978
450	1.4917
460	1.64965
470	1.79987
480	1.82891
490	1.93397
500	2.08535
510	2.12473
520	2.15911
530	2.22889
540	2.29751
550	2.33637
560	2.37395
570	2.46724
580	2.50184
590	2.55118
600	2.61329
610	2.75138
620	2.78639
630	2.87458
640	2.93753
650	2.96927
660	3.01758
670	3.10872
680	3.1463
690	3.23739
700	3.26914
710	3.29548
720	3.3829
730	3.51212
740	3.53636
750	3.59929
760	3.6453
770	3.67245
780	3.76598
790	3.79242
800	3.81931
810	3.89523
820	3.97387
830	4.02601
840	4.07314
850	4.13491
860	4.15945
870	4.21386
880	4.26139
890	4.28438
900	4.38063
910	4.43531
920	4.50203
930	4.53812
940	4.62017
950	4.73154
960	4.77295
970	4.8378
980	4.88688
990	5.00105
1000	5.15421
1010	5.20193
1020	5.28629
1030	5.32694
1040	5.41206
1050	5.4716
1060	5.54291
1070	5.56694
1080	5.6628
1090	5.82256
74
360	0.872964
370	0.92073
380	0.978526
390	1.04386
400	1.12929
410	1.2098
420	1.23861
430	1.34615
440	1.49173
450	1.65839
460	1.79629
470	1.83377
480	1.95091
490	2.09762
500	2.12641
510	2.15738
520	2.23707
530	2.29537
540	2.33192
550	2.37813
560	2.46139
570	2.50362
580	2.54866
590	2.614
600	2.73493
610	2.78129
620	2.86576
630	2.93497
640	2.96723
650	3.01265
660	3.10669
670	3.14115
680	3.23465
690	3.2655
700	3.29203
710	3.38048
720	3.50984
730	3.53814
740	3.59417
750	3.64915
760	3.67039
770	3.7671
780	3.78871
790	3.81602
800	3.89252
810	3.97076
820	4.02255
830	4.07003
840	4.1319
850	4.15739
860	4.21086
870	4.25873
880	4.28055
890	4.37856
900	4.43259
910	4.50431
920	4.53673
930	4.62677
940	4.72973
950	4.76878
960	4.83523
970	4.88941
980	5.01381
990	5.17084
1000	5.20532
1010	5.30253
1020	5.32916
1030	5.42717
1040	5.46783
1050	5.54268
1060	5.56818
1070	5.66973
1080	5.80865
1090	5.91488
74
360	0.970771
370	1.07432
380	1.14089
390	1.18733
400	1.27438
410	1.30909
420	1.42557
430	1.59172
440	1.75839
450	1.86168
460	1.89639
470	2.01287
480	2.15008
490	2.19888
500	2.22683
510	2.3228
520	2.36301
530	2.39593
540	2.45335
550	2.5253
560	2.57206
570	2.6136
580	2.68167
590	2.8159
600	2.84252
610	2.9188
620	2.99966
630	3.03215
640	3.07808
650	3.17068
660	3.21169
670	3.29867
680	3.33414
690	3.35861
700	3.45294
710	3.57542
720	3.59974
730	3.659
740	3.70904
750	3.73257
760	3.82608
770	3.85045
780	3.88009
790	3.95555
800	4.03576
810	4.08825
820	4.13583
830	4.19626
840	4.22589
850	4.27612
860	4.32146
870	4.35694
880	4.47423
890	4.50256
900	4.58292
910	4.60983
920	4.71728
930	4.79383
940	4.83648
950	4.90048
960	4.95789
970	5.09558
980	5.24568
990	5.26965
1000	5.36805
1010	5.39578
1020	5.49831
1030	5.53587
1040	5.60418
1050	5.64357
1060	5.76496
1070	5.88799
1080	5.97637
1090	6.01987
74
360	1.02293
370	1.10761
380	1.13909
390	1.23173
400	1.26228
410	1.37101
420	1.53194
430	1.68257
440	1.79189
450	1.83753
460	1.92026
470	2.07356
480	2.13918
490	2.1797
500	2.25613
510	2.31798
520	2.35821
530	2.38535
540	2.48175
550	2.50834
560	2.57306
570	2.60937
580	2.71028
590	2.79854
600	2.85132
610	2.96077
620	2.99485
630	3.01956
640	3.12006
650	3.15116
660	3.23999
670	3.27496
680	3.30849
690	3.37074
700	3.49006
710	3.5471
720	3.62244
730	3.64401
740	3.68258
750	3.74325
760	3.80015
770	3.83689
780	3.88022
790	3.99477
800	4.02224
810	4.09346
820	4.13522
830	4.16927
840	4.23735
850	4.26866
860	4.29775
870	4.38127
880	4.45257
890	4.51324
900	4.55448
910	4.62854
920	4.74609
930	4.77663
940	4.86235
950	4.89226
960	5.0002
970	5.15312
980	5.22025
990	5.2951
1000	5.3451
1010	5.4231
1020	5.48668
1030	5.55522
1040	5.58552
1050	5.67543
1060	5.80323
1070	5.94323
1080	5.96908
1090	6.06475
74
360	1.08427
370	1.12667
380	1.2142
390	1.25631
400	1.33827
410	1.45761
420	1.60509
430	1.7476
440	1.83894
450	1.89902
460	2.03512
470	2.09773
480	2.18556
490	2.22457
500	2.33255
510	2.34406
520	2.376
530	2.4353
540	2.50487
550	2.55403
560	2.59555
570	2.66967
580	2.8078
590	2.83734
600	2.94079
610	2.98389
620	3.01319
630	3.07873
640	3.1499
650	3.19749
660	3.27677
670	3.31909
680	3.34596
690	3.43837
700	3.55376
710	3.58678
720	3.63914
730	3.69332
740	3.72023
750	3.80991
760	3.83815
770	3.86437
780	3.9541
790	4.01562
800	4.08818
810	4.12099
820	4.17254
830	4.22169
840	4.25764
850	4.29949
860	4.35098
870	4.46115
880	4.4881
890	4.56027
900	4.59851
910	4.71438
920	4.77537
930	4.84481
940	4.88566
950	4.96914
960	5.11535
970	5.22252
980	5.27245
990	5.34718
1000	5.39789
1010	5.49332
1020	5.53003
1030	5.58279
1040	5.64209
1050	5.7497
1060	5.90895
1070	5.96066
1080	6.0184
1090	6.10399
74
360	1.15352
370	1.2456
380	1.2727
390	1.34097
400	1.48049
410	1.64715
420	1.81382
430	1.86423
440	1.94184
450	2.02084
460	2.13317
470	2.20152
480	2.24805
490	2.32007
500	2.36487
510	2.39717
520	2.46112
530	2.52391
540	2.58886
550	2.61998
560	2.71135
570	2.82622
580	2.85598
590	2.9573
600	3.00449
610	3.03332
620	3.09512
630	3.16884
640	3.21914
650	3.29498
660	3.3381
670	3.36655
680	3.46565
690	3.57123
700	3.62247
710	3.66278
720	3.71162
730	3.75043
740	3.82479
750	3.8611
760	3.89285
770	3.99633
780	4.03828
790	4.11874
800	4.14514
810	4.19154
820	4.24332
830	4.28059
840	4.3189
850	4.37352
860	4.47901
870	4.51373
880	4.57884
890	4.62703
900	4.74708
910	4.79755
920	4.88035
930	4.90956
940	4.99867
950	5.15328
960	5.24381
970	5.30784
980	5.36688
990	5.43404
1000	5.51023
1010	5.56351
1020	5.60378
1030	5.67061
1040	5.80886
1050	5.95621
1060	5.98068
1070	6.02452
1080	6.12505
1090	6.15481
74
360	1.2069
370	1.26603
380	1.33893
390	1.48637
400	1.65304
410	1.81971
420	1.86219
430	1.92727
440	1.99105
450	2.12691
460	2.1975
470	2.22439
480	2.31955
490	2.35782
500	2.39701
510	2.45083
520	2.51978
530	2.593
540	2.6205
550	2.72034
560	2.81375
570	2.84288
580	2.924
590	3.0021
600	3.03335
610	3.07859
620	3.17055
630	3.21033
640	3.29583
650	3.33717
660	3.36273
670	3.46101
680	3.57023
690	3.61547
700	3.65998
710	3.71474
720	3.74426
730	3.82556
740	3.86075
750	3.88337
760	3.97541
770	4.03438
780	4.10536
790	4.13977
800	4.1919
810	4.2387
820	4.27419
830	4.3204
840	4.36877
850	4.48079
860	4.5083
870	4.57895
880	4.62107
890	4.74119
900	4.79357
910	4.87313
920	4.90647
930	4.99227
940	5.13361
950	5.2375
960	5.31877
970	5.36556
980	5.4459
990	5.51007
1000	5.55297
1010	5.60256
1020	5.64624
1030	5.76729
1040	5.91953
1050	5.98554
1060	6.00689
1070	6.10361
1080	6.14275
1090	6.21634
74
360	1.29927
370	1.44185
380	1.60851
390	1.77518
400	1.86381
410	1.90305
420	1.9599
430	2.08665
440	2.15342
450	2.24869
460	2.27515
470	2.36579
480	2.39372
490	2.44352
500	2.48438
510	2.55297
520	2.63917
530	2.68142
540	2.76268
550	2.85946
560	2.89187
570	2.98559
580	3.04967
590	3.07893
600	3.13885
610	3.21389
620	3.26766
630	3.33954
640	3.38529
650	3.41176
660	3.51392
670	3.61774
680	3.65168
690	3.70477
700	3.76204
710	3.78548
720	3.87269
730	3.90142
740	3.93257
750	4.02869
760	4.08264
770	4.16022
780	4.18926
790	4.23716
800	4.2917
810	4.32326
820	4.36544
830	4.42305
840	4.52651
850	4.55492
860	4.62378
870	4.6668
880	4.78664
890	4.83815
900	4.9119
910	4.95067
920	5.03056
930	5.16142
940	5.28583
950	5.37578
960	5.40772
970	5.48607
980	5.55099
990	5.57664
1000	5.64992
1010	5.68532
1020	5.79747
1030	5.92402
1040	6.02398
1050	6.04676
1060	6.13049
1070	6.1883
1080	6.26179
1090	6.29057
74
360	1.37466
370	1.54063
380	1.7073
390	1.86158
400	1.89979
410	1.93294
420	2.01268
430	2.12418
440	2.19377
450	2.27118
460	2.31381
470	2.38904
480	2.4164
490	2.46594
500	2.50858
510	2.60666
520	2.66417
530	2.72417
540	2.79373
550	2.8939
560	2.93181
570	3.04866
580	3.0835
590	3.10968
600	3.19258
610	3.24354
620	3.32249
630	3.36696
640	3.40785
650	3.45522
660	3.56335
670	3.64105
680	3.69237
690	3.73345
700	3.78446
710	3.8263
720	3.89565
730	3.92986
740	3.97801
750	4.09333
760	4.12118
770	4.19108
780	4.23372
790	4.26766
800	4.32892
810	4.36607
820	4.39677
830	4.48046
840	4.54913
850	4.59413
860	4.64968
870	4.71363
880	4.83777
890	4.87017
900	4.96141
910	4.98761
920	5.08787
930	5.20532
940	5.34991
950	5.41581
960	5.44178
970	5.51802
980	5.57856
990	5.6204
1000	5.67393
1010	5.7363
1020	5.84458
1030	5.99066
1040	6.05581
1050	6.08108
1060	6.17404
1070	6.22591
1080	6.28452
1090	6.34136
74
360	1.46048
370	1.62715
380	1.79381
390	1.84139
400	1.89419
410	1.93007
420	2.03629
430	2.10986
440	2.22278
450	2.25116
460	2.31427
470	2.37805
480	2.41214
490	2.44632
500	2.51542
510	2.62333
520	2.65052
530	2.71158
540	2.82484
550	2.87549
560	2.95006
570	3.03753
580	3.06857
590	3.11288
600	3.20567
610	3.23808
620	3.33078
630	3.36285
640	3.39089
650	3.46616
660	3.60797
670	3.63229
680	3.69403
690	3.74483
700	3.77355
710	3.85741
720	3.89221
730	3.91709
740	4.0022
750	4.06941
760	4.1292
770	4.17454
780	4.22807
790	4.26394
800	4.30835
810	4.35619
820	4.39207
830	4.49829
840	4.53468
850	4.61498
860	4.64246
870	4.73749
880	4.82524
890	4.87659
900	4.93655
910	4.9928
920	5.11939
930	5.26723
940	5.33932
950	5.3931
960	5.43882
970	5.51747
980	5.56052
990	5.63368
1000	5.66333
1010	5.75273
1020	5.90681
1030	5.97889
1040	6.02992
1050	6.08127
1060	6.15509
1070	6.24172
1080	6.27395
1090	6.36247
74
360	1.51338
370	1.68005
380	1.84553
390	1.87236
400	1.91417
410	1.98076
420	2.07416
430	2.14935
440	2.25263
450	2.27725
460	2.33936
470	2.39544
480	2.4514
490	2.48247
500	2.57823
510	2.64425
520	2.66947
530	2.76173
540	2.87909
550	2.91098
560	3.02248
570	3.06223
580	3.09108
590	3.16709
600	3.2238
610	3.28477
620	3.34778
630	3.39366
640	3.42986
650	3.53897
660	3.62458
670	3.67832
680	3.71594
690	3.76699
700	3.81513
710	3.8741
720	3.91418
730	3.9575
740	4.06577
750	4.09867
760	4.17502
770	4.20897
780	4.24752
790	4.31324
800	4.339
810	4.37558
820	4.44217
830	4.53515
840	4.57059
850	4.63159
860	4.68694
870	4.79691
880	4.84856
890	4.92638
900	4.96376
910	5.05521
920	5.19367
930	5.28559
940	5.38238
950	5.40988
960	5.46523
970	5.56519
980	5.59491
990	5.65657
1000	5.7055
1010	5.80975
1020	5.95293
1030	6.01609
1040	6.05561
1050	6.13695
1060	6.1823
1070	6.26757
1080	6.31543
1090	6.40323
74
360	1.58148
370	1.74815
380	1.86451
390	1.90873
400	1.93973
410	2.01586
420	2.09568
430	2.19486
440	2.27544
450	2.29624
460	2.38251
470	2.42258
480	2.47074
490	2.51424
500	2.61507
510	2.66931
520	2.70003
530	2.80299
540	2.89847
550	2.94995
560	3.06368
570	3.09165
580	3.11821
590	3.20304
600	3.24927
610	3.32249
620	3.3742
630	3.414
640	3.46475
650	3.588
660	3.6512
670	3.72139
680	3.74846
690	3.79121
700	3.86013
710	3.90042
720	3.93571
730	3.99226
740	4.098
750	4.13144
760	4.1947
770	4.2411
780	4.27337
790	4.33222
800	4.37064
810	4.40116
820	4.47729
830	4.55542
840	4.60907
850	4.65542
860	4.72212
870	4.8565
880	4.88235
890	4.96557
900	4.9958
910	5.09803
920	5.2521
930	5.3201
940	5.40337
950	5.43345
960	5.49943
970	5.58431
980	5.62999
990	5.67901
1000	5.73918
1010	5.87183
1020	5.97256
1030	6.0624
1040	6.0839
1050	6.15648
1060	6.22363
1070	6.29075
1080	6.36213
1090	6.4256
74
360	1.68226
370	1.84889
380	1.88069
390	1.9269
400	1.98298
410	2.04313
420	2.15371
430	2.2271
440	2.27942
450	2.33949
460	2.40783
470	2.46057
480	2.48231
490	2.56219
500	2.62961
510	2.67481
520	2.74513
530	2.88733
540	2.9163
550	3.00934
560	3.07052
570	3.10187
580	3.16341
590	3.23756
600	3.28737
610	3.35589
620	3.40889
630	3.43617
640	3.5358
650	3.63428
660	3.6913
670	3.7285
680	3.77428
690	3.8254
700	3.88627
710	3.92835
720	3.96212
730	4.06907
740	4.10877
750	4.18874
760	4.21534
770	4.26019
780	4.31733
790	4.34744
800	4.38873
810	4.44806
820	4.55
830	4.57585
840	4.64619
850	4.68355
860	4.79417
870	4.8609
880	4.92903
890	4.97206
900	5.04605
910	5.18096
920	5.26323
930	5.35681
940	5.42631
950	5.45416
960	5.55452
970	5.59536
980	5.67321
990	5.69693
1000	5.79143
1010	5.91741
1020	6.00465
1030	6.06315
1040	6.10812
1050	6.18083
1060	6.26841
1070	6.32194
1080	6.41673
1090	6.45548
74
360	1.73574
370	1.8567
380	1.90084
390	1.93377
400	1.99056
410	2.05902
420	2.17148
430	2.2474
440	2.28677
450	2.37271
460	2.41114
470	2.4663
480	2.49233
490	2.56043
500	2.65392
510	2.68483
520	2.78006
530	2.89085
540	2.93731
550	3.04931
560	3.08433
570	3.11064
580	3.20046
590	3.24436
600	3.32876
610	3.36217
620	3.4069
630	3.46187
640	3.59414
650	3.64027
660	3.71296
670	3.74651
680	3.7783
690	3.85959
700	3.89414
710	3.92848
720	3.99584
730	4.08918
740	4.12636
750	4.18639
760	4.23904
770	4.26951
780	4.3181
790	4.36998
800	4.39767
810	4.48659
820	4.54772
830	4.5903
840	4.64604
850	4.70411
860	4.83918
870	4.87011
880	4.95886
890	4.98553
900	5.08627
910	5.1786
920	5.32237
930	5.36055
940	5.42416
950	5.47526
960	5.57913
970	5.61118
980	5.67082
990	5.72115
1000	5.82715
1010	5.92239
1020	6.03294
1030	6.06086
1040	6.11583
1050	6.24482
1060	6.27428
1070	6.36255
1080	6.41774
1090	6.49207
74
360	1.78825
370	1.81873
380	1.86818
390	1.89281
400	1.96611
410	2.08399
420	2.14876
430	2.22983
440	2.28649
450	2.36155
460	2.39236
470	2.42637
480	2.47054
490	2.56382
500	2.62391
510	2.70337
520	2.82072
530	2.86934
540	2.9758
550	3.01712
560	3.05394
570	3.11908
580	3.18787
590	3.24885
600	3.30482
610	3.35868
620	3.39628
630	3.506
640	3.58251
650	3.64584
660	3.68194
670	3.72262
680	3.78428
690	3.83751
700	3.87862
710	3.91702
720	4.00335
730	4.055
740	4.13416
750	4.16473
760	4.21057
770	4.26855
780	4.29191
790	4.33946
800	4.38758
810	4.47827
820	4.51825
830	4.59857
840	4.63011
850	4.71907
860	4.80969
870	4.86386
880	4.91992
890	4.98011
900	5.08428
910	5.24834
920	5.29269
930	5.37536
940	5.40131
950	5.48243
960	5.54178
970	5.61177
980	5.64228
990	5.71398
1000	5.84304
1010	5.9773
1020	6.01424
1030	6.04226
1040	6.12277
1050	6.2164
1060	6.26473
1070	6.36727
1080	6.40102
1090	6.49231
74
360	1.86236
370	1.9108
380	1.95715
390	2.05854
400	2.11822
410	2.24218
420	2.27221
430	2.32449
440	2.39304
450	2.43565
460	2.46991
470	2.55027
480	2.64508
490	2.69702
500	2.82374
510	2.87391
520	2.95466
530	3.02871
540	3.08052
550	3.11273
560	3.20159
570	3.239
580	3.32973
590	3.36422
600	3.39619
610	3.47246
620	3.60857
630	3.63687
640	3.70029
650	3.7444
660	3.76987
670	3.85586
680	3.88538
690	3.91834
700	3.98339
710	4.07951
720	4.11254
730	4.17566
740	4.22127
750	4.25468
760	4.31223
770	4.34387
780	4.38149
790	4.44579
800	4.53836
810	4.57798
820	4.6365
830	4.68883
840	4.81593
850	4.85345
860	4.92597
870	4.96473
880	5.04324
890	5.18682
900	5.31493
910	5.33653
920	5.41921
930	5.44559
940	5.54578
950	5.58702
960	5.66627
970	5.68868
980	5.78364
990	5.92967
1000	6.01782
1010	6.05227
1020	6.09489
1030	6.21228
1040	6.26381
1050	6.34231
1060	6.40418
1070	6.46998
1080	6.53312
1090	6.59443
74
360	1.92159
370	1.99048
380	2.05806
390	2.15259
400	2.24227
410	2.28058
420	2.36537
430	2.40476
440	2.45399
450	2.50469
460	2.63111
470	2.66452
480	2.76237
490	2.85675
500	2.91051
510	3.02104
520	3.05531
530	3.09017
540	3.16285
550	3.21007
560	3.28276
570	3.33643
580	3.39079
590	3.42011
600	3.52459
610	3.61598
620	3.6516
630	3.709
640	3.76115
650	3.78538
660	3.87554
670	3.89977
680	3.92904
690	4.00324
700	4.08706
710	4.12643
720	4.18432
730	4.23883
740	4.26788
750	4.31942
760	4.36333
770	4.39423
780	4.47221
790	4.54631
800	4.5925
810	4.6459
820	4.70722
830	4.83699
840	4.86418
850	4.94368
860	4.97746
870	5.06604
880	5.20217
890	5.32229
900	5.35095
910	5.42616
920	5.46477
930	5.57891
940	5.60463
950	5.67053
960	5.71293
970	5.83104
980	5.9852
990	6.03153
1000	6.06225
1010	6.12888
1020	6.25312
1030	6.28475
1040	6.3915
1050	6.42306
1060	6.51887
1070	6.55255
1080	6.62481
1090	6.66926
74
360	1.9894
370	2.10214
380	2.16073
390	2.28674
400	2.31542
410	2.40835
420	2.44402
430	2.48134
440	2.55702
450	2.65869
460	2.70284
470	2.82575
480	2.88402
490	2.9534
500	3.04607
510	3.0824
520	3.11595
530	3.18691
540	3.23474
550	3.30254
560	3.36085
570	3.41853
580	3.44129
590	3.54063
600	3.64294
610	3.67486
620	3.73527
630	3.78651
640	3.80862
650	3.90274
660	3.92375
670	3.95433
680	4.02607
690	4.11389
700	4.15331
710	4.21092
720	4.26374
730	4.29186
740	4.34686
750	4.38472
760	4.41932
770	4.495
780	4.57281
790	4.62405
800	4.67255
810	4.73562
820	4.85782
830	4.89129
840	4.97407
850	5.00466
860	5.09689
870	5.21247
880	5.34724
890	5.37842
900	5.44948
910	5.4952
920	5.6028
930	5.63544
940	5.69469
950	5.74988
960	5.88361
970	6.0387
980	6.06641
990	6.09419
1000	6.18407
1010	6.27436
1020	6.33113
1030	6.41895
1040	6.46389
1050	6.53977
1060	6.58865
1070	6.6491
1080	6.70823
1090	6.83358
74
360	2.04935
370	2.16086
380	2.28468
390	2.32232
400	2.41033
410	2.44306
420	2.48283
430	2.54391
440	2.66544
450	2.6905
460	2.78567
470	2.88658
480	2.92422
490	3.03288
500	3.0671
510	3.11795
520	3.1563
530	3.23787
540	3.27338
550	3.3663
560	3.39519
570	3.43245
580	3.49637
590	3.6306
600	3.66392
610	3.74189
620	3.7653
630	3.80135
640	3.86171
650	3.91585
660	3.95603
670	3.99509
680	4.10518
690	4.1379
700	4.21766
710	4.24132
720	4.28947
730	4.33847
740	4.36876
750	4.41962
760	4.46416
770	4.57946
780	4.60286
790	4.67711
800	4.7087
810	4.81105
820	4.88944
830	4.942
840	4.99861
850	5.05614
860	5.18468
870	5.34533
880	5.37454
890	5.45498
900	5.48311
910	5.58183
920	5.62894
930	5.69777
940	5.73927
950	5.85179
960	6.01601
970	6.06187
980	6.09128
990	6.15662
1000	6.27943
1010	6.31071
1020	6.41214
1030	6.44855
1040	6.54027
1050	6.57071
1060	6.65328
1070	6.68808
1080	6.79332
1090	6.91252
74
360	2.1162
370	2.26325
380	2.31748
390	2.39748
400	2.44045
410	2.49982
420	2.52866
430	2.62706
440	2.6905
450	2.74992
460	2.88038
470	2.9165
480	2.98887
490	3.07657
500	3.11619
510	3.14921
520	3.22463
530	3.26814
540	3.34204
550	3.39403
560	3.44696
570	3.48134
580	3.58242
590	3.67246
600	3.7197
610	3.76852
620	3.81764
630	3.84988
640	3.93206
650	3.96156
660	3.98743
670	4.06361
680	4.1445
690	4.18945
700	4.24285
710	4.30303
720	4.32895
730	4.37652
740	4.43137
750	4.45651
760	4.54641
770	4.60483
780	4.66578
790	4.70671
800	4.78289
810	4.9011
820	4.93042
830	5.01562
840	5.04512
850	5.15013
860	5.29056
870	5.37565
880	5.44263
890	5.48125
900	5.54449
910	5.62853
920	5.70879
930	5.73504
940	5.83027
950	5.96479
960	6.07062
970	6.10487
980	6.14448
990	6.25833
1000	6.30794
1010	6.3826
1020	6.44894
1030	6.51293
1040	6.57087
1050	6.63715
1060	6.68345
1070	6.76332
1080	6.91442
1090	6.94992
74
360	2.16778
370	2.32279
380	2.34877
390	2.44431
400	2.46707
410	2.51804
420	2.55949
430	2.67119
440	2.71576
450	2.78953
460	2.91868
470	2.94248
480	3.02468
490	3.09682
500	3.15092
510	3.1757
520	3.2607
530	3.29468
540	3.3788
550	3.42167
560	3.46588
570	3.51295
580	3.63027
590	3.69554
600	3.76158
610	3.79416
620	3.83626
630	3.88122
640	3.95035
650	3.9925
660	4.01404
670	4.09975
680	4.16681
690	4.23125
700	4.26828
710	4.32586
720	4.36362
730	4.40005
740	4.45622
750	4.48539
760	4.58445
770	4.63004
780	4.70451
790	4.73317
800	4.81867
810	4.92542
820	4.96547
830	5.03391
840	5.07797
850	5.19228
860	5.35594
870	5.40547
880	5.47489
890	5.50775
900	5.58643
910	5.65488
920	5.73139
930	5.76582
940	5.87049
950	6.03202
960	6.09429
970	6.12503
980	6.17913
990	6.30348
1000	6.33695
1010	6.42582
1020	6.47744
1030	6.56145
1040	6.59996
1050	6.68409
1060	6.7169
1070	6.81743
1080	6.94811
1090	6.98186
74
360	2.26434
370	2.34133
380	2.40653
390	2.46388
400	2.51713
410	2.54575
420	2.62104
430	2.71923
440	2.75857
450	2.85084
460	2.94108
470	2.9976
480	3.10451
490	3.13854
500	3.17528
510	3.25113
520	3.29307
530	3.36516
540	3.41729
550	3.47625
560	3.50447
570	3.58843
580	3.70252
590	3.73644
600	3.79515
610	3.84184
620	3.8653
630	3.94135
640	3.97689
650	4.01197
660	4.07915
670	4.16725
680	4.21886
690	4.27051
700	4.33105
710	4.35707
720	4.40329
730	4.45879
740	4.48322
750	4.55965
760	4.63153
770	4.68477
780	4.73233
790	4.8038
800	4.91774
810	4.95441
820	5.04213
830	5.07207
840	5.18266
850	5.31749
860	5.38073
870	5.43944
880	5.50861
890	5.56841
900	5.625
910	5.71665
920	5.7585
930	5.85025
940	5.98811
950	6.09753
960	6.13214
970	6.17148
980	6.26109
990	6.33371
1000	6.4144
1010	6.47015
1020	6.54715
1030	6.59462
1040	6.67818
1050	6.70977
1060	6.79339
1070	6.92728
1080	6.97493
1090	7.01758
74
360	2.3161
370	2.38815
380	2.43787
390	2.50226
400	2.5265
410	2.61154
420	2.69073
430	2.74712
440	2.87333
450	2.92061
460	3.00724
470	3.0709
480	3.13322
490	3.16415
500	3.25294
510	3.27938
520	3.3763
530	3.40065
540	3.44687
550	3.49836
560	3.59693
570	3.67433
580	3.73549
590	3.77169
600	3.81698
610	3.85866
620	3.9305
630	3.96837
640	3.99661
650	4.09203
660	4.14269
670	4.2187
680	4.25109
690	4.29952
700	4.34774
710	4.38126
720	4.43378
730	4.47546
740	4.5682
750	4.6122
760	4.69191
770	4.72213
780	4.81772
790	4.90512
800	4.95579
810	5.00823
820	5.07631
830	5.18498
840	5.29671
850	5.3482
860	5.4668
870	5.49483
880	5.52541
890	5.63656
900	5.70126
910	5.76598
920	5.8716
930	6.03508
940	6.07791
950	6.10665
960	6.19001
970	6.27566
980	6.33614
990	6.42188
1000	6.46034
1010	6.54359
1020	6.58854
1030	6.65667
1040	6.70407
1050	6.83203
1060	6.9246
1070	6.972
1080	6.99825
1090	7.04765
74
360	2.37863
370	2.45533
380	2.5036
390	2.53471
400	2.61557
410	2.70802
420	2.75621
430	2.88737
440	2.93673
450	3.02911
460	3.08393
470	3.15566
480	3.16648
490	3.24687
500	3.28579
510	3.36298
520	3.4064
530	3.46847
540	3.49444
550	3.58584
560	3.69342
570	3.73177
580	3.7861
590	3.83746
600	3.86409
610	3.94866
620	3.97872
630	4.00411
640	4.08824
650	4.15791
660	4.21534
670	4.26117
680	4.3191
690	4.35281
700	4.39277
710	4.4538
720	4.47912
730	4.57014
740	4.62514
750	4.69754
760	4.72969
770	4.81651
780	4.92475
790	4.96391
800	5.02332
810	5.08658
820	5.20229
830	5.31441
840	5.36518
850	5.47824
860	5.51195
870	5.535
880	5.62257
890	5.71873
900	5.76367
910	5.89178
920	6.05845
930	6.0945
940	6.12172
950	6.20162
960	6.29495
970	6.33411
980	6.43776
990	6.47222
1000	6.56373
1010	6.59242
1020	6.6739
1030	6.71146
1040	6.80944
1050	6.94386
1060	6.97839
1070	7.01157
1080	7.06276
1090	7.10853
74
360	2.4376
370	2.47149
380	2.52399
390	2.56727
400	2.68047
410	2.72637
420	2.82916
430	2.92177
440	2.98301
450	3.07647
460	3.10607
470	3.15782
480	3.18938
490	3.27948
500	3.30722
510	3.40137
520	3.4263
530	3.47248
540	3.52353
550	3.64453
560	3.7029
570	3.77074
580	3.80353
590	3.84259
600	3.90183
610	3.95539
620	3.99074
630	4.03652
640	4.15206
650	4.1792
660	4.25404
670	4.28832
680	4.32635
690	4.38699
700	4.4161
710	4.45903
720	4.51748
730	4.61953
740	4.65576
750	4.71387
760	4.76143
770	4.87893
780	4.93921
790	5.0177
800	5.04727
810	5.14521
820	5.3036
830	5.33583
840	5.42877
850	5.48689
860	5.51838
870	5.57363
880	5.69882
890	5.73647
900	5.82302
910	5.97512
920	6.07693
930	6.11228
940	6.15074
950	6.25915
960	6.30767
970	6.38435
980	6.44567
990	6.51129
1000	6.57005
1010	6.63142
1020	6.68446
1030	6.75911
1040	6.90251
1050	6.95518
1060	7.00135
1070	7.04262
1080	7.07433
1090	7.14637
74
360	2.49754
370	2.53964
380	2.60845
390	2.68279
400	2.75859
410	2.90908
420	2.93851
430	3.01198
440	3.0726
450	3.10999
460	3.16982
470	3.21542
480	3.29007
490	3.33727
500	3.41442
510	3.45469
520	3.49088
530	3.57089
540	3.69262
550	3.72752
560	3.79535
570	3.83456
580	3.86076
590	3.93732
600	3.97363
610	4.00473
620	4.07594
630	4.16661
640	4.20982
650	4.26626
660	4.32067
670	4.34896
680	4.39717
690	4.44917
700	4.47911
710	4.56452
720	4.63165
730	4.69219
740	4.7318
750	4.81501
760	4.91897
770	4.96857
780	5.02739
790	5.09053
800	5.19393
810	5.32247
820	5.36327
830	5.48379
840	5.51015
850	5.53864
860	5.62715
870	5.72774
880	5.76558
890	5.88335
900	6.04952
910	6.08676
920	6.12794
930	6.18915
940	6.29076
950	6.33224
960	6.43687
970	6.46668
980	6.56735
990	6.59468
1000	6.67572
1010	6.70884
1020	6.80518
1030	6.94847
1040	6.97052
1050	7.01661
1060	7.06861
1070	7.0941
1080	7.17102
1090	7.20724
74
360	2.57377
370	2.66869
380	2.70275
390	2.81387
400	2.91007
410	2.95203
420	3.01393
430	3.1026
440	3.14228
450	3.19294
460	3.25801
470	3.31441
480	3.36361
490	3.43266
500	3.48821
510	3.51976
520	3.60944
530	3.72409
540	3.75127
550	3.8199
560	3.86038
570	3.88782
580	3.98067
590	4.00787
600	4.03583
610	4.1271
620	4.19047
630	4.23571
640	4.28943
650	4.35255
660	4.38068
670	4.42214
680	4.4836
690	4.51343
700	4.62136
710	4.65847
720	4.73525
730	4.77031
740	4.88344
750	4.94137
760	5.0066
770	5.05517
780	5.13401
790	5.26363
800	5.34567
810	5.39408
820	5.50758
830	5.54073
840	5.57165
850	5.68078
860	5.74811
870	5.80605
880	5.94267
890	6.08533
900	6.12299
910	6.15728
920	6.23823
930	6.31923
940	6.36446
950	6.46457
960	6.50114
970	6.59168
980	6.62979
990	6.69565
1000	6.74882
1010	6.8623
1020	6.95046
1030	6.99143
1040	7.04213
1050	7.10056
1060	7.12956
1070	7.20726
1080	7.24537
1090	7.27831
74
360	2.6374
370	2.68013
380	2.77771
390	2.8734
400	2.94853
410	2.97705
420	3.06145
430	3.11163
440	3.18922
450	3.21189
460	3.29018
470	3.3274
480	3.41598
490	3.45058
500	3.5046
510	3.55593
520	3.65527
530	3.7338
540	3.7992
550	3.83335
560	3.87219
570	3.93676
580	3.98572
590	4.01958
600	4.06843
610	4.16344
620	4.20788
630	4.27937
640	4.32242
650	4.35984
660	4.41571
670	4.45151
680	4.48952
690	4.56486
700	4.64088
710	4.69138
720	4.74117
730	4.81299
740	4.92178
750	4.97019
760	5.04278
770	5.09573
780	5.19197
790	5.33822
800	5.3714
810	5.48648
820	5.5219
830	5.54874
840	5.61751
850	5.73626
860	5.77432
870	5.89218
880	6.04778
890	6.09711
900	6.14567
910	6.19742
920	6.29097
930	6.33274
940	6.42381
950	6.47472
960	6.55932
970	6.60072
980	6.68132
990	6.71144
1000	6.78772
1010	6.91986
1020	6.96283
1030	7.03552
1040	7.07447
1050	7.10629
1060	7.17163
1070	7.21426
1080	7.2679
1090	7.30847
74
360	2.71898
370	2.84555
380	2.88661
390	2.97389
400	3.01063
410	3.12216
420	3.14812
430	3.21013
440	3.25362
450	3.32894
460	3.37392
470	3.45295
480	3.49494
490	3.53054
500	3.60476
510	3.74574
520	3.77033
530	3.83742
540	3.87566
550	3.9039
560	3.98412
570	4.01888
580	4.04773
590	4.12046
600	4.197
610	4.25497
620	4.30251
630	4.37149
640	4.39754
650	4.43762
660	4.49792
670	4.52398
680	4.62294
690	4.67046
700	4.74843
710	4.77483
720	4.87182
730	4.92839
740	5.01089
750	5.07194
760	5.14017
770	5.28206
780	5.3574
790	5.42413
800	5.52155
810	5.55776
820	5.58746
830	5.69168
840	5.75339
850	5.82537
860	5.97021
870	6.09956
880	6.13855
890	6.17533
900	6.2473
910	6.3333
920	6.38203
930	6.48049
940	6.51433
950	6.60887
960	6.6379
970	6.71522
980	6.74977
990	6.85923
1000	6.96648
1010	7.00248
1020	7.0596
1030	7.11058
1040	7.13882
1050	7.22279
1060	7.24791
1070	7.2915
1080	7.34323
1090	7.46994
74
360	2.78942
370	2.8844
380	2.9479
390	3.01407
400	3.07621
410	3.16167
420	3.20677
430	3.25248
440	3.31764
450	3.37138
460	3.43684
470	3.49496
480	3.55749
490	3.5811
500	3.67419
510	3.78375
520	3.8223
530	3.87732
540	3.92907
550	3.9524
560	4.04055
570	4.06828
580	4.09645
590	4.18602
600	4.24411
610	4.32735
620	4.35348
630	4.40947
640	4.45748
650	4.48564
660	4.53591
670	4.58392
680	4.6964
690	4.72342
700	4.78754
710	4.83586
720	4.94589
730	4.98436
740	5.0945
750	5.12292
760	5.2153
770	5.37207
780	5.40633
790	5.49361
800	5.563
810	5.59614
820	5.64341
830	5.76342
840	5.80239
850	5.89207
860	6.04739
870	6.13994
880	6.19595
890	6.2231
900	6.31038
910	6.37559
920	6.4396
930	6.51951
940	6.56824
950	6.6472
960	6.69084
970	6.75438
980	6.80384
990	6.92604
1000	7.00592
1010	7.05683
1020	7.10219
1030	7.16228
1040	7.18806
1050	7.26753
1060	7.29831
1070	7.33445
1080	7.40137
1090	7.52701
74
360	2.86366
370	2.9504
380	2.99364
390	3.07369
400	3.13782
410	3.19798
420	3.23485
430	3.31968
440	3.35288
450	3.43472
460	3.4751
470	3.53102
480	3.56599
490	3.67091
500	3.75896
510	3.81629
520	3.85892
530	3.90086
540	3.95396
550	4.01014
560	4.04343
570	4.09823
580	4.19619
590	4.22978
600	4.30227
610	4.3457
620	4.38754
630	4.4389
640	4.48105
650	4.51728
660	4.60761
670	4.66857
680	4.74409
690	4.76996
700	4.8553
710	4.91898
720	4.97984
730	5.07181
740	5.1224
750	5.24293
760	5.35637
770	5.40868
780	5.52434
790	5.54978
800	5.57765
810	5.65614
820	5.75181
830	5.79518
840	5.90849
850	6.07274
860	6.12217
870	6.17697
880	6.21404
890	6.32106
900	6.35578
910	6.43482
920	6.49564
930	6.5551
940	6.62295
950	6.68119
960	6.73145
970	6.7944
980	6.92729
990	6.98282
1000	7.04717
1010	7.08135
1020	7.13575
1030	7.17003
1040	7.24128
1050	7.28045
1060	7.31375
1070	7.39108
1080	7.49915
1090	7.53789
74
360	2.91957
370	2.98716
380	3.04074
390	3.14134
400	3.17471
410	3.22554
420	3.28058
430	3.34845
440	3.39986
450	3.47117
460	3.51896
470	3.55137
480	3.62957
490	3.75718
500	3.79743
510	3.85037
520	3.90366
530	3.93433
540	4.00239
550	4.04784
560	4.07364
570	4.16995
580	4.21906
590	4.30431
600	4.33069
610	4.38117
620	4.44
630	4.46839
640	4.50626
650	4.57572
660	4.6628
670	4.7077
680	4.76305
690	4.81809
700	4.92181
710	4.95778
720	5.06593
730	5.10174
740	5.20234
750	5.35878
760	5.38398
770	5.47957
780	5.54014
790	5.57282
800	5.62351
810	5.74661
820	5.77828
830	5.86663
840	6.02105
850	6.11681
860	6.16967
870	6.19858
880	6.27896
890	6.35246
900	6.40242
910	6.5003
920	6.53297
930	6.62561
940	6.65365
950	6.73469
960	6.76668
970	6.87096
980	6.98704
990	7.0132
1000	7.07945
1010	7.11928
1020	7.15442
1030	7.22611
1040	7.26227
1050	7.3092
1060	7.36122
1070	7.48567
1080	7.52267
1090	7.60739
74
360	2.97291
370	3.02012
380	3.12371
390	3.15315
400	3.20958
410	3.26258
420	3.33453
430	3.38091
440	3.45762
450	3.49809
460	3.53513
470	3.6196
480	3.73402
490	3.78364
500	3.83456
510	3.88469
520	3.9261
530	3.98226
540	4.03227
550	4.06656
560	4.1569
570	4.20414
580	4.28594
590	4.32331
600	4.36214
610	4.42513
620	4.45505
630	4.48777
640	4.55548
650	4.6492
660	4.687
670	4.74783
680	4.80746
690	4.90112
700	4.9475
710	5.04877
720	5.08774
730	5.18763
740	5.33825
750	5.3691
760	5.47263
770	5.52372
780	5.55779
790	5.61078
800	5.70749
810	5.7586
820	5.84391
830	5.97635
840	6.10374
850	6.14351
860	6.17953
870	6.24723
880	6.34041
890	6.37395
900	6.4885
910	6.51085
920	6.59154
930	6.62905
940	6.71847
950	6.74471
960	6.82579
970	6.96444
980	6.99533
990	7.06145
1000	7.11031
1010	7.13972
1020	7.21241
1030	7.24721
1040	7.29034
1050	7.34666
1060	7.44756
1070	7.50399
1080	7.58681
1090	7.63053
74
360	3.03863
370	3.13992
380	3.17875
390	3.24192
400	3.28474
410	3.36833
420	3.41126
430	3.48459
440	3.53165
450	3.56904
460	3.64715
470	3.75303
480	3.80527
490	3.86752
500	3.91413
510	3.95045
520	4.01128
530	4.06577
540	4.09388
550	4.19049
560	4.22845
570	4.31809
580	4.35145
590	4.3946
600	4.45246
610	4.48406
620	4.52163
630	4.5857
640	4.67558
650	4.7194
660	4.77983
670	4.84061
680	4.93458
690	4.97339
700	5.08153
710	5.10824
720	5.20297
730	5.36012
740	5.39291
750	5.46418
760	5.55559
770	5.59538
780	5.62109
790	5.71635
800	5.78844
810	5.84701
820	5.97615
830	6.12346
840	6.15827
850	6.2126
860	6.25141
870	6.36079
880	6.39517
890	6.47914
900	6.5373
910	6.61057
920	6.65978
930	6.7296
940	6.77091
950	6.84659
960	6.99128
970	7.02304
980	7.09828
990	7.12633
1000	7.16948
1010	7.22594
1020	7.27611
1030	7.32375
1040	7.36294
1050	7.4727
1060	7.53461
1070	7.596
1080	7.65939
1090	7.7072
74
360	3.08886
370	3.16161
380	3.21781
390	3.24933
400	3.34086
410	3.37801
420	3.47085
430	3.50609
440	3.55149
450	3.61813
460	3.73927
470	3.77474
480	3.85555
490	3.89891
500	3.9244
510	3.9976
520	4.03538
530	4.06987
540	4.14935
550	4.19959
560	4.27747
570	4.32242
580	4.38494
590	4.41892
600	4.45672
610	4.50953
620	4.54653
630	4.65476
640	4.68707
650	4.76731
660	4.79983
670	4.90799
680	4.94305
690	5.02976
700	5.08302
710	5.15448
720	5.28069
730	5.38043
740	5.41515
750	5.52232
760	5.56381
770	5.5961
780	5.66354
790	5.78063
800	5.80762
810	5.91039
820	6.05085
830	6.13947
840	6.18764
850	6.22012
860	6.30362
870	6.37536
880	6.43317
890	6.51996
900	6.56652
910	6.64565
920	6.68901
930	6.75414
940	6.80392
950	6.9178
960	7.00254
970	7.05955
980	7.10062
990	7.16136
1000	7.19036
1010	7.2637
1020	7.30304
1030	7.33124
1040	7.41956
1050	7.52647
1060	7.55153
1070	7.65278
1080	7.67154
1090	7.7068
74
360	3.14102
370	3.17305
380	3.21896
390	3.28209
400	3.34708
410	3.41079
420	3.46416
430	3.53279
440	3.56839
450	3.6828
460	3.73538
470	3.81822
480	3.8555
490	3.89349
500	3.95503
510	3.99412
520	4.04628
530	4.09047
540	4.17465
550	4.21884
560	4.2967
570	4.34326
580	4.38032
590	4.4338
600	4.47404
610	4.5067
620	4.58876
630	4.65725
640	4.72116
650	4.76089
660	4.83821
670	4.91722
680	4.95746
690	5.06431
700	5.09281
710	5.19585
720	5.31361
730	5.37543
740	5.45275
750	5.53861
760	5.57741
770	5.60866
780	5.7134
790	5.77075
800	5.82992
810	5.95833
820	6.09856
830	6.14209
840	6.19412
850	6.24541
860	6.359
870	6.38425
880	6.48682
890	6.52152
900	6.61118
910	6.64356
920	6.72404
930	6.75714
940	6.84788
950	6.96609
960	7.0046
970	7.08126
980	7.11324
990	7.15423
1000	7.22524
1010	7.26074
1020	7.30429
1030	7.34926
1040	7.45265
1050	7.51606
1060	7.57287
1070	7.64205
1080	7.6886
1090	7.71137
74
360	3.19811
370	3.25375
380	3.3111
390	3.37676
400	3.41266
410	3.4689
420	3.56776
430	3.60208
440	3.71225
450	3.76688
460	3.84412
470	3.88582
480	3.92847
490	3.98404
500	4.02592
510	4.0796
520	4.11753
530	4.20973
540	4.24424
550	4.33129
560	4.36726
570	4.40939
580	4.46992
590	4.50037
600	4.53665
610	4.607
620	4.69199
630	4.73405
640	4.79185
650	4.84384
660	4.95561
670	4.97828
680	5.07539
690	5.11691
700	5.20179
710	5.31956
720	5.40681
730	5.46569
740	5.57615
750	5.60576
760	5.63029
770	5.71517
780	5.80701
790	5.84373
800	5.9569
810	6.12205
820	6.1732
830	6.23024
840	6.26696
850	6.3713
860	6.40826
870	6.48702
880	6.54909
890	6.61561
900	6.67421
910	6.73768
920	6.78476
930	6.85894
940	6.98304
950	7.03559
960	7.11282
970	7.14074
980	7.18694
990	7.24353
1000	7.29132
1010	7.34275
1020	7.36783
1030	7.4658
1040	7.55353
1050	7.58247
1060	7.68105
1070	7.70198
1080	7.73578
1090	7.80155
74
360	3.25544
370	3.33984
380	3.37599
390	3.4007
400	3.48382
410	3.56063
420	3.61415
430	3.74646
440	3.77483
450	3.85879
460	3.89825
470	3.92814
480	3.99766
490	4.02671
500	4.07214
510	4.13048
520	4.20297
530	4.25967
540	4.32361
550	4.38117
560	4.40921
570	4.46414
580	4.50523
590	4.53445
600	4.60398
610	4.68787
620	4.73306
630	4.78836
640	4.84531
650	4.94307
660	4.97504
670	5.07138
680	5.1116
690	5.19706
700	5.33261
710	5.40393
720	5.46817
730	5.57253
740	5.60001
750	5.62921
760	5.71174
770	5.80227
780	5.84665
790	5.9653
800	6.11576
810	6.17105
820	6.22427
830	6.27357
840	6.38554
850	6.41453
860	6.49691
870	6.54774
880	6.62663
890	6.6742
900	6.75121
910	6.78403
920	6.87195
930	7.00014
940	7.03546
950	7.10914
960	7.1353
970	7.18281
980	7.23208
990	7.28694
1000	7.33706
1010	7.36105
1020	7.43851
1030	7.54788
1040	7.58496
1050	7.6715
1060	7.70035
1070	7.73391
1080	7.80598
1090	7.86611
74
360	3.32126
370	3.38137
380	3.41316
390	3.46622
400	3.57848
410	3.61035
420	3.71878
430	3.77753
440	3.85443
450	3.89532
460	3.94391
470	3.98851
480	4.03633
490	4.09403
500	4.12314
510	4.22347
520	4.24997
530	4.34717
540	4.37057
550	4.42316
560	4.47161
570	4.50171
580	4.54978
590	4.59515
600	4.71424
610	4.72763
620	4.81142
630	4.83538
640	4.93227
650	4.98391
660	5.05543
670	5.12332
680	5.17869
690	5.31019
700	5.42616
710	5.45016
720	5.54936
730	5.6055
740	5.63959
750	5.68881
760	5.81493
770	5.84312
780	5.92925
790	6.07832
800	6.18097
810	6.24313
820	6.26967
830	6.3681
840	6.41623
850	6.47699
860	6.56438
870	6.60975
880	6.68763
890	6.73377
900	6.79575
910	6.85112
920	6.98322
930	7.04779
940	7.08931
950	7.14291
960	7.1929
970	7.22276
980	7.30658
990	7.33025
1000	7.36932
1010	7.42622
1020	7.55892
1030	7.58097
1040	7.64864
1050	7.70746
1060	7.75333
1070	7.78658
1080	7.88927
1090	7.91576
74
360	3.39035
370	3.42102
380	3.49424
390	3.58238
400	3.6161
410	3.72443
420	3.78168
430	3.8564
440	3.89834
450	3.94875
460	3.98909
470	4.03978
480	4.09897
490	4.12323
500	4.22036
510	4.24946
520	4.34211
530	4.36807
540	4.42854
550	4.4659
560	4.50215
570	4.55541
580	4.58984
590	4.69724
600	4.72754
610	4.79777
620	4.83313
630	4.91606
640	4.98638
650	5.0484
660	5.12771
670	5.1703
680	5.2876
690	5.42937
700	5.45764
710	5.55973
720	5.60751
730	5.64482
740	5.68293
750	5.79574
760	5.84544
770	5.92538
780	6.05905
790	6.17009
800	6.24458
810	6.28343
820	6.349
830	6.41913
840	6.49437
850	6.56819
860	6.61676
870	6.69105
880	6.73662
890	6.80018
900	6.84501
910	6.96094
920	7.05359
930	7.08043
940	7.14773
950	7.18808
960	7.22362
970	7.29609
980	7.32915
990	7.37347
1000	7.41755
1010	7.53049
1020	7.58346
1030	7.638
1040	7.71061
1050	7.75798
1060	7.78376
1070	7.88164
1080	7.91398
1090	8.00438
74
360	3.45317
370	3.5475
380	3.60722
390	3.67952
400	3.78708
410	3.8233
420	3.90284
430	3.94371
440	3.97644
450	4.05465
460	4.07559
470	4.11805
480	4.17542
490	4.25023
500	4.2911
510	4.37205
520	4.4137
530	4.45384
540	4.51058
550	4.54032
560	4.57848
570	4.64607
580	4.73921
590	4.76895
600	4.83761
610	4.88162
620	5.00092
630	5.02244
640	5.1199
650	5.15744
660	5.24468
670	5.3472
680	5.45218
690	5.49018
700	5.6057
710	5.6385
720	5.6701
730	5.73297
740	5.85475
750	5.88382
760	5.9907
770	6.12359
780	6.21843
790	6.26609
800	6.32267
810	6.42461
820	6.44613
830	6.54359
840	6.59732
850	6.67277
860	6.71532
870	6.76877
880	6.82451
890	6.87795
900	7.00143
910	7.07598
920	7.11842
930	7.17279
940	7.23331
950	7.25663
960	7.34087
970	7.36478
980	7.40027
990	7.46944
1000	7.59916
1010	7.62186
1020	7.72088
1030	7.74578
1040	7.77954
1050	7.84399
1060	7.91506
1070	7.96222
1080	8.08794
1090	8.15251
74
360	3.51122
370	3.60415
380	3.64997
390	3.74558
400	3.80155
410	3.87873
420	3.91939
430	3.97287
440	4.00914
450	4.0623
460	4.11456
470	4.1406
480	4.22185
490	4.26475
500	4.34031
510	4.38784
520	4.45492
530	4.48064
540	4.5214
550	4.58002
560	4.60574
570	4.69136
580	4.75042
590	4.81795
600	4.85678
610	4.9373
620	5.0087
630	5.06175
640	5.14957
650	5.19297
660	5.28747
670	5.44092
680	5.46839
690	5.5455
700	5.63195
710	5.67129
720	5.70101
730	5.79705
740	5.86488
750	5.92838
760	6.05057
770	6.18322
780	6.25652
790	6.29567
800	6.39382
810	6.43239
820	6.48545
830	6.59538
840	6.6309
850	6.7208
860	6.73527
870	6.81349
880	6.84445
890	6.93082
900	7.05437
910	7.09402
920	7.17002
930	7.19636
940	7.24471
950	7.29455
960	7.34923
970	7.40102
980	7.42829
990	7.52897
1000	7.60734
1010	7.66281
1020	7.7334
1030	7.78209
1040	7.80536
1050	7.8895
1060	7.93229
1070	8.01428
1080	8.15221
1090	8.18334
74
360	3.56333
370	3.63366
380	3.68924
390	3.81516
400	3.83958
410	3.92892
420	3.95443
430	4.00063
440	4.04777
450	4.09296
460	4.14849
470	4.17724
480	4.27515
490	4.30287
500	4.39081
510	4.42254
520	4.48168
530	4.51826
540	4.55484
550	4.60678
560	4.64336
570	4.7503
580	4.78706
590	4.86864
600	4.89303
610	4.98525
620	5.04095
630	5.10848
640	5.17863
650	5.23209
660	5.35591
670	5.48206
680	5.50403
690	5.59478
700	5.66216
710	5.69824
720	5.74115
730	5.85442
740	5.89931
750	5.97529
760	6.11916
770	6.21291
780	6.28865
790	6.34626
800	6.42108
810	6.46557
820	6.53556
830	6.62319
840	6.6736
850	6.74755
860	6.7712
870	6.85664
880	6.88205
890	6.97703
900	7.10905
910	7.12936
920	7.20341
930	7.23319
940	7.27494
950	7.33404
960	7.38327
970	7.42777
980	7.46928
990	7.58114
1000	7.63936
1010	7.70619
1020	7.76376
1030	7.80883
1040	7.84265
1050	7.94375
1060	7.97368
1070	8.07143
1080	8.17929
1090	8.2215
74
360	3.62629
370	3.7027
380	3.80185
390	3.83899
400	3.91908
410	3.95337
420	3.98928
430	4.05497
440	4.08975
450	4.13228
460	4.18441
470	4.26545
480	4.3068
490	4.38632
500	4.42629
510	4.46811
520	4.52377
530	4.55515
540	4.59372
550	4.6587
560	4.75294
570	4.79079
580	4.85172
590	4.89885
600	5.01674
610	5.03682
620	5.12609
630	5.16842
640	5.23912
650	5.38036
660	5.46384
670	5.51311
680	5.63277
690	5.65417
700	5.68557
710	5.74484
720	5.87237
730	5.88908
740	5.97263
750	6.10188
760	6.23291
770	6.2736
780	6.35215
790	6.42348
800	6.4799
810	6.58004
820	6.60498
830	6.65711
840	6.73323
850	6.76215
860	6.84204
870	6.87495
880	6.97921
890	7.0917
900	7.13455
910	7.18862
920	7.2436
930	7.27046
940	7.3499
950	7.38128
960	7.41633
970	7.4856
980	7.61176
990	7.64014
1000	7.73851
1010	7.76302
1020	7.79518
1030	7.86334
1040	7.9276
1050	7.98738
1060	8.11854
1070	8.16662
1080	8.22517
1090	8.29033
74
360	3.69996
370	3.82565
380	3.85159
390	3.9423
400	3.96917
410	4.01011
420	4.07235
430	4.10547
440	4.15442
450	4.19908
460	4.28772
470	4.32287
480	4.40863
490	4.43828
500	4.48589
510	4.54299
520	4.56695
530	4.6136
540	4.66192
550	4.77924
560	4.79626
570	4.87713
580	4.90175
590	4.99839
600	5.04871
610	5.11387
620	5.18724
630	5.23702
640	5.36002
650	5.48898
660	5.5142
670	5.61158
680	5.66961
690	5.70802
700	5.7439
710	5.85263
720	5.903
730	5.9623
740	6.08948
750	6.21245
760	6.29061
770	6.35358
780	6.44597
790	6.48843
800	6.56898
810	6.62835
820	6.65009
830	6.74307
840	6.77599
850	6.86382
860	6.88837
870	6.98209
880	7.11547
890	7.14782
900	7.21097
910	7.25783
920	7.28939
930	7.37132
940	7.39572
950	7.43598
960	7.49644
970	7.62996
980	7.6574
990	7.75039
1000	7.78165
1010	7.81486
1020	7.87636
1030	7.94775
1040	7.99314
1050	8.10753
1060	8.18939
1070	8.22313
1080	8.31573
1090	8.33975
74
360	3.77302
370	3.83246
380	3.90428
390	3.94912
400	4.0059
410	4.03862
420	4.09318
430	4.14607
440	4.17081
450	4.25108
460	4.29644
470	4.36782
480	4.41497
490	4.48273
500	4.50636
510	4.55112
520	4.60565
530	4.62916
540	4.7083
550	4.78187
560	4.83227
570	4.88163
580	4.94278
590	5.04507
600	5.07353
610	5.16446
620	5.20304
630	5.29364
640	5.42361
650	5.49387
660	5.55646
670	5.66127
680	5.68988
690	5.71786
700	5.79116
710	5.90081
720	5.92725
730	6.01437
740	6.15737
750	6.28522
760	6.32409
770	6.41767
780	6.46117
790	6.51685
800	6.58053
810	6.63266
820	6.70207
830	6.7616
840	6.8277
850	6.87113
860	6.94054
870	7.06333
880	7.12563
890	7.20579
900	7.23189
910	7.2768
920	7.33133
930	7.37777
940	7.43113
950	7.46687
960	7.56994
970	7.64087
980	7.70698
990	7.76652
1000	7.81144
1010	7.842
1020	7.9314
1030	7.96138
1040	8.03862
1050	8.16257
1060	8.19747
1070	8.2678
1080	8.32003
1090	8.38035
74
360	3.82827
370	3.89925
380	3.94439
390	4.00303
400	4.02827
410	4.08971
420	4.13287
430	4.16192
440	4.24027
450	4.29012
460	4.3532
470	4.40999
480	4.46975
490	4.49633
500	4.54754
510	4.5907
520	4.62068
530	4.6974
540	4.77886
550	4.81791
560	4.87718
570	4.92947
580	5.03316
590	5.06431
600	5.15896
610	5.19701
620	5.28326
630	5.41129
640	5.48916
650	5.54062
660	5.64393
670	5.68081
680	5.71123
690	5.77842
700	5.88902
710	5.92068
720	6.02174
730	6.16027
740	6.28271
750	6.3113
760	6.40354
770	6.45864
780	6.48793
790	6.58368
800	6.62712
810	6.71307
820	6.75869
830	6.83302
840	6.86964
850	6.94997
860	7.07023
870	7.12396
880	7.20345
890	7.23486
900	7.27404
910	7.34651
920	7.37483
930	7.4252
940	7.47334
950	7.57513
960	7.63754
970	7.7078
980	7.76123
990	7.80893
1000	7.83045
1010	7.91848
1020	7.95347
1030	8.02716
1040	8.14217
1050	8.19139
1060	8.25281
1070	8.31568
1080	8.36631
1090	8.43111
74
360	3.88277
370	3.9605
380	3.99648
390	4.03034
400	4.10295
410	4.12729
420	4.17312
430	4.22231
440	4.30742
450	4.33974
460	4.42807
470	4.45761
480	4.50451
490	4.5615
500	4.58515
510	4.63277
520	4.67961
530	4.79496
540	4.81397
550	4.89655
560	4.9203
570	5.02016
580	5.06839
590	5.13865
600	5.20672
610	5.26293
620	5.38279
630	5.50867
640	5.53181
650	5.63093
660	5.68872
670	5.72731
680	5.76329
690	5.87383
700	5.92458
710	5.99796
720	6.12538
730	6.28473
740	6.3118
750	6.38487
760	6.44967
770	6.48949
780	6.5699
790	6.6381
800	6.70446
810	6.77127
820	6.83373
830	6.88237
840	6.95498
850	7.08161
860	7.13677
870	7.21719
880	7.24401
890	7.28697
900	7.34787
910	7.38795
920	7.4429
930	7.47244
940	7.57828
950	7.65256
960	7.6916
970	7.77912
980	7.80935
990	7.83438
1000	7.9023
1010	7.96703
1020	8.00997
1030	8.12399
1040	8.2091
1050	8.24002
1060	8.33527
1070	8.35782
1080	8.45101
1090	8.47124
74
360	3.93676
370	3.98136
380	4.03796
390	4.06639
400	4.12505
410	4.17087
420	4.19951
430	4.27989
440	4.32687
450	4.39072
460	4.44652
470	4.50736
480	4.53413
490	4.58293
500	4.62875
510	4.65818
520	4.7363
530	4.81395
540	4.85601
550	4.91315
560	4.96724
570	5.07699
580	5.10349
590	5.20415
600	5.23598
610	5.32311
620	5.47111
630	5.52517
640	5.57851
650	5.70132
660	5.71868
670	5.74813
680	5.81573
690	5.93184
700	5.96093
710	6.06459
720	6.21169
730	6.31766
740	6.34849
750	6.42043
760	6.48827
770	6.54836
780	6.64518
790	6.68424
800	6.77927
810	6.81246
820	6.88808
830	6.92714
840	7.04132
850	7.13767
860	7.19251
870	7.23917
880	7.29516
890	7.32695
900	7.39147
910	7.43354
920	7.46135
930	7.5222
940	7.65754
950	7.67468
960	7.74529
970	7.79781
980	7.84388
990	7.86852
1000	7.96693
1010	7.9908
1020	8.06516
1030	8.20914
1040	8.22804
1050	8.29038
1060	8.35162
1070	8.40421
1080	8.46682
1090	8.51639
74
360	3.98867
370	4.04225
380	4.07904
390	4.13032
400	4.18657
410	4.20833
420	4.28916
430	4.33377
440	4.40878
450	4.45455
460	4.52151
470	4.54445
480	4.5881
490	4.64355
500	4.66671
510	4.74642
520	4.81893
530	4.87192
540	4.9207
550	4.99004
560	5.0813
570	5.11506
580	5.22348
590	5.25022
600	5.33744
610	5.47967
620	5.53182
630	5.59867
640	5.70427
650	5.73225
660	5.75864
670	5.83685
680	5.93597
690	5.97432
700	6.07226
710	6.22253
720	6.31595
730	6.36976
740	6.47011
750	6.50512
760	6.60398
770	6.6555
780	6.7403
790	6.78405
800	6.86559
810	6.89961
820	6.98075
830	7.1126
840	7.15016
850	7.23062
860	7.25606
870	7.29829
880	7.35455
890	7.39634
900	7.44771
910	7.46795
920	7.53786
930	7.64829
940	7.68317
950	7.75988
960	7.80448
970	7.8482
980	7.87977
990	7.96961
1000	7.99888
1010	8.07672
1020	8.20065
1030	8.23506
1040	8.30661
1050	8.35741
1060	8.41999
1070	8.47233
1080	8.53184
1090	8.5738
74
360	4.04514
370	4.07245
380	4.14483
390	4.17269
400	4.21077
410	4.27236
420	4.34289
430	4.39184
440	4.46325
450	4.50826
460	4.54357
470	4.60283
480	4.62937
490	4.67006
500	4.72927
510	4.83342
520	4.8633
530	4.93103
540	4.97287
550	5.08454
560	5.11336
570	5.20416
580	5.24805
590	5.32464
600	5.44023
610	5.54154
620	5.59049
630	5.7176
640	5.736
650	5.76319
660	5.81924
670	5.93319
680	5.96746
690	6.05668
700	6.19453
710	6.32924
720	6.36487
730	6.47935
740	6.51203
750	6.60756
760	6.66213
770	6.73003
780	6.78954
790	6.85744
800	6.90288
810	6.97473
820	7.08994
830	7.15341
840	7.21657
850	7.25731
860	7.31287
870	7.34007
880	7.4117
890	7.43511
900	7.47813
910	7.51918
920	7.63059
930	7.68891
940	7.74181
950	7.81433
960	7.85854
970	7.87492
980	7.95546
990	8.00373
1000	8.05899
1010	8.17287
1020	8.24436
1030	8.28778
1040	8.37047
1050	8.40316
1060	8.48617
1070	8.51605
1080	8.58588
1090	8.62151
74
360	4.0979
370	4.16308
380	4.1986
390	4.23191
400	4.30267
410	4.36235
420	4.41864
430	4.48249
440	4.53636
450	4.56671
460	4.62091
470	4.65719
480	4.69179
490	4.76335
500	4.85165
510	4.88947
520	4.94986
530	5.00293
540	5.11491
550	5.13752
560	5.23723
570	5.27129
580	5.35894
590	5.49083
600	5.56445
610	5.64938
620	5.71471
630	5.74934
640	5.78364
650	5.84958
660	5.96799
670	6.00202
680	6.11034
690	6.25658
700	6.34792
710	6.40983
720	6.50644
730	6.54825
740	6.66011
750	6.69047
760	6.78817
770	6.81429
780	6.89952
790	6.92691
800	7.01375
810	7.14535
820	7.17381
830	7.24376
840	7.27948
850	7.33132
860	7.36389
870	7.43016
880	7.45852
890	7.49689
900	7.54433
910	7.65867
920	7.70853
930	7.76803
940	7.83331
950	7.8827
960	7.8967
970	7.98434
980	8.02353
990	8.08544
1000	8.20615
1010	8.26329
1020	8.31314
1030	8.38892
1040	8.42753
1050	8.50462
1060	8.54015
1070	8.60435
1080	8.64616
1090	8.75802
74
360	4.16184
370	4.18934
380	4.23928
390	4.27923
400	4.37389
410	4.40112
420	4.49447
430	4.51981
440	4.57007
450	4.62057
460	4.64762
470	4.69888
480	4.73958
490	4.85568
500	4.87928
510	4.96192
520	4.98668
530	5.08543
540	5.13408
550	5.20193
560	5.27258
570	5.32837
580	5.45942
590	5.54673
600	5.6245
610	5.69482
620	5.75325
630	5.79145
640	5.83819
650	5.96032
660	5.99605
670	6.08274
680	6.23755
690	6.35699
700	6.39694
710	6.51228
720	6.53739
730	6.6271
740	6.68781
750	6.7534
760	6.81648
770	6.87001
780	6.92852
790	6.98355
800	7.1136
810	7.18146
820	7.22066
830	7.28262
840	7.33464
850	7.35587
860	7.43502
870	7.45235
880	7.50971
890	7.53035
900	7.62382
910	7.71936
920	7.74922
930	7.84577
940	7.8687
950	7.89801
960	7.9538
970	8.03374
980	8.06564
990	8.17269
1000	8.27585
1010	8.2982
1020	8.39394
1030	8.41702
1040	8.50221
1050	8.53089
1060	8.61306
1070	8.63439
1080	8.72259
1090	8.85864
74
360	4.21459
370	4.26258
380	4.30496
390	4.39667
400	4.42791
410	4.51711
420	4.546
430	4.59411
440	4.64708
450	4.67334
460	4.72225
470	4.76604
480	4.88045
490	4.90801
500	4.98425
510	5.01519
520	5.1163
530	5.1626
540	5.24046
550	5.29857
560	5.36296
570	5.49788
580	5.61867
590	5.6568
600	5.76556
610	5.78674
620	5.81672
630	5.88098
640	6.00182
650	6.0292
660	6.12665
670	6.28519
680	6.38028
690	6.42619
700	6.54204
710	6.56468
720	6.65649
730	6.71246
740	6.77884
750	6.84052
760	6.89561
770	6.95267
780	7.00916
790	7.13628
800	7.20576
810	7.27003
820	7.31037
830	7.36745
840	7.38102
850	7.46012
860	7.47735
870	7.53269
880	7.55586
890	7.64837
900	7.74234
910	7.77489
920	7.86874
930	7.89427
940	7.92222
950	7.97942
960	8.05672
970	8.09133
980	8.19656
990	8.29883
1000	8.32375
1010	8.41838
1020	8.44235
1030	8.52709
1040	8.55613
1050	8.63805
1060	8.65979
1070	8.74736
1080	8.89588
1090	8.93103
74
360	4.28119
370	4.34765
380	4.41183
390	4.4671
400	4.53084
410	4.58331
420	4.6157
430	4.66897
440	4.70688
450	4.74408
460	4.82047
470	4.89538
480	4.94645
490	4.99983
500	5.06206
510	5.15946
520	5.19654
530	5.30174
540	5.32632
550	5.41867
560	5.5707
570	5.63547
580	5.69634
590	5.77835
600	5.81963
610	5.84316
620	5.93062
630	6.01617
640	6.06654
650	6.18688
660	6.32428
670	6.39682
680	6.44999
690	6.55529
700	6.59083
710	6.69599
720	6.73511
730	6.81762
740	6.86393
750	6.94242
760	6.97411
770	7.05667
780	7.20495
790	7.23345
800	7.31097
810	7.33716
820	7.38263
830	7.39977
840	7.45804
850	7.48943
860	7.54787
870	7.57558
880	7.67283
890	7.75727
900	7.80204
910	7.88331
920	7.9183
930	7.93933
940	8.0016
950	8.07208
960	8.11196
970	8.2218
980	8.31402
990	8.34363
1000	8.44022
1010	8.46151
1020	8.55106
1030	8.57508
1040	8.65562
1050	8.67916
1060	8.77151
1070	8.92095
1080	8.94986
1090	9.01493
74
360	4.36033
370	4.4425
380	4.48175
390	4.56195
400	4.59834
410	4.64242
420	4.69989
430	4.7277
440	4.76753
450	4.82962
460	4.92673
470	4.96384
480	5.0274
490	5.0745
500	5.19262
510	5.21483
520	5.30618
530	5.34826
540	5.42604
550	5.57288
560	5.66534
570	5.71744
580	5.81133
590	5.84153
600	5.86766
610	5.94473
620	6.04908
630	6.07863
640	6.17925
650	6.30947
660	6.42743
670	6.47025
680	6.58417
690	6.6098
700	6.70306
710	6.75876
720	6.82798
730	6.88745
740	6.95164
750	6.9982
760	7.06599
770	7.20463
780	7.25741
790	7.33975
800	7.36874
810	7.38881
820	7.41834
830	7.4633
840	7.51721
850	7.57074
860	7.59635
870	7.67699
880	7.79169
890	7.8134
900	7.90474
910	7.93304
920	7.96915
930	8.00697
940	8.10702
950	8.125
960	8.21135
970	8.33815
980	8.36031
990	8.43596
1000	8.48162
1010	8.54728
1020	8.59671
1030	8.66094
1040	8.70049
1050	8.774
1060	8.90244
1070	8.97868
1080	9.01935
1090	9.13104
74
360	4.41422
370	4.44414
380	4.53263
390	4.56397
400	4.60874
410	4.67052
420	4.6932
430	4.7346
440	4.79506
450	4.89362
460	4.92093
470	4.99726
480	5.03623
490	5.15397
500	5.18114
510	5.27576
520	5.31395
530	5.39098
540	5.51651
550	5.63655
560	5.66789
570	5.76744
580	5.7974
590	5.83179
600	5.8964
610	5.99463
620	6.0347
630	6.12166
640	6.27828
650	6.3966
660	6.43884
670	6.54151
680	6.57119
690	6.66064
700	6.72547
710	6.79007
720	6.85283
730	6.92075
740	6.96591
750	7.04459
760	7.14971
770	7.20736
780	7.28567
790	7.32417
800	7.3481
810	7.39083
820	7.41538
830	7.48806
840	7.52086
850	7.5583
860	7.62207
870	7.72037
880	7.77208
890	7.84828
900	7.8949
910	7.94221
920	7.9608
930	8.05405
940	8.08518
950	8.15558
960	8.25335
970	8.32384
980	8.38182
990	8.44852
1000	8.4949
1010	8.56405
1020	8.61043
1030	8.66491
1040	8.72206
1050	8.82088
1060	8.9476
1070	8.97811
1080	9.08933
1090	9.1801
74
360	4.4727
370	4.55923
380	4.59138
390	4.63496
400	4.69666
410	4.71867
420	4.7618
430	4.81782
440	4.92486
450	4.95559
460	5.0229
470	5.06674
480	5.18346
490	5.20707
500	5.30287
510	5.34143
520	5.41694
530	5.54771
540	5.66604
550	5.68708
560	5.78613
570	5.82363
580	5.85885
590	5.9165
600	6.03941
610	6.06717
620	6.16297
630	6.30249
640	6.42603
650	6.45676
660	6.56591
670	6.6014
680	6.69395
690	6.75318
700	6.82381
710	6.87889
720	6.94952
730	6.99199
740	7.06911
750	7.14078
760	7.20726
770	7.30825
780	7.34574
790	7.37363
800	7.42033
810	7.43593
820	7.51753
830	7.54036
840	7.58548
850	7.63906
860	7.76019
870	7.79847
880	7.86829
890	7.9217
900	7.9717
910	7.98268
920	8.06549
930	8.11122
940	8.16805
950	8.29061
960	8.35178
970	8.39643
980	8.47729
990	8.51627
1000	8.5929
1010	8.63269
1020	8.69237
1030	8.74432
1040	8.86474
1050	8.97392
1060	9.01212
1070	9.12639
1080	9.20732
1090	9.25765
74
360	4.52657
370	4.58118
380	4.64557
390	4.66873
400	4.71702
410	4.7671
420	4.79372
430	4.88275
440	4.94634
450	5.00914
460	5.04938
470	5.12569
480	5.20683
490	5.25453
500	5.35206
510	5.38078
520	5.4881
530	5.61951
540	5.68495
550	5.73583
560	5.83162
570	5.86526
580	5.89097
590	5.9808
600	6.06693
610	6.11463
620	6.24102
630	6.37636
640	6.44797
650	6.51315
660	6.60296
670	6.65145
680	6.76564
690	6.79302
700	6.89098
710	6.91903
720	7.00128
730	7.03868
740	7.10581
750	7.17049
760	7.29919
770	7.33542
780	7.36469
790	7.39748
800	7.43852
810	7.48145
820	7.53681
830	7.59007
840	7.61595
850	7.7018
860	7.81134
870	7.83552
880	7.93728
890	7.95151
900	7.98984
910	8.02496
920	8.12773
930	8.14301
940	8.23205
950	8.36982
960	8.3786
970	8.4557
980	8.50178
990	8.57333
1000	8.61772
1010	8.69006
1020	8.72217
1030	8.80643
1040	8.94526
1050	8.9981
1060	9.06885
1070	9.20991
1080	9.23646
1090	9.31913
74
360	4.58401
370	4.64991
380	4.67255
390	4.71918
400	4.77144
410	4.79734
420	4.88672
430	4.94935
440	5.01449
450	5.05268
460	5.12994
470	5.20887
480	5.25886
490	5.35353
500	5.38489
510	5.49169
520	5.63968
530	5.68715
540	5.74018
550	5.83309
560	5.86946
570	5.89469
580	5.98483
590	6.06909
600	6.11984
610	6.24621
620	6.39729
630	6.45465
640	6.53267
650	6.60556
660	6.66237
670	6.76675
680	6.80238
690	6.89212
700	6.92488
710	6.99368
720	7.01519
730	7.09321
740	7.24285
750	7.29816
760	7.33547
770	7.38773
780	7.40074
790	7.4403
800	7.48575
810	7.53913
820	7.59443
830	7.61955
840	7.7059
850	7.81281
860	7.83953
870	7.94051
880	7.95507
890	7.9913
900	8.02918
910	8.1292
920	8.14671
930	8.23609
940	8.37128
950	8.38192
960	8.45994
970	8.5049
980	8.57762
990	8.62087
1000	8.69434
1010	8.72573
1020	8.81056
1030	8.95372
1040	9.004
1050	9.08362
1060	9.21017
1070	9.23209
1080	9.29951
1090	9.35845
74
360	4.65307
370	4.68518
380	4.73867
390	4.77817
400	4.80992
410	4.88587
420	4.96672
430	5.01456
440	5.06701
450	5.12625
460	5.23085
470	5.25576
480	5.35525
490	5.38839
500	5.46889
510	5.60635
520	5.70859
530	5.73602
540	5.83855
550	5.8731
560	5.90517
570	5.97428
580	6.08901
590	6.12548
600	6.23788
610	6.4028
620	6.46694
630	6.54629
640	6.62185
650	6.68615
660	6.77992
670	6.82397
680	6.88746
690	6.92153
700	6.9914
710	7.03046
720	7.1102
730	7.2469
740	7.31263
750	7.35682
760	7.38556
770	7.41481
780	7.46285
790	7.48422
800	7.55998
810	7.59074
820	7.6304
830	7.69116
840	7.80963
850	7.84487
860	7.92006
870	7.96622
880	8.01425
890	8.03029
900	8.11763
910	8.15628
920	8.21932
930	8.33777
940	8.39546
950	8.4471
960	8.5203
970	8.56739
980	8.63612
990	8.68853
1000	8.73816
1010	8.80575
1020	8.94784
1030	9.01481
1040	9.10118
1050	9.18278
1060	9.24932
1070	9.29618
1080	9.37641
1090	9.4197
74
360	4.7193
370	4.76574
380	4.81639
390	4.8431
400	4.92943
410	4.9948
420	5.04902
430	5.0956
440	5.15838
450	5.25705
460	5.29062
470	5.39548
480	5.42156
490	5.51002
500	5.65418
510	5.73235
520	5.79013
530	5.8702
540	5.91859
550	5.94954
560	6.05155
570	6.11536
580	6.1993
590	6.35045
600	6.46794
610	6.51692
620	6.6292
630	6.66017
640	6.75067
650	6.80454
660	6.83343
670	6.93331
680	6.95783
690	7.04052
700	7.06599
710	7.16049
720	7.31554
730	7.34109
740	7.38352
750	7.40253
760	7.44242
770	7.48912
780	7.51521
790	7.58656
800	7.62152
810	7.65956
820	7.72448
830	7.86054
840	7.87428
850	7.95132
860	7.99428
870	8.04095
880	8.05944
890	8.14648
900	8.18456
910	8.24876
920	8.37831
930	8.4263
940	8.49693
950	8.54349
960	8.5868
970	8.65507
980	8.74539
990	8.79671
1000	8.91938
1010	9.00991
1020	9.0745
1030	9.12622
1040	9.23664
1050	9.2879
1060	9.38338
1070	9.40984
1080	9.4536
1090	9.51562
74
360	4.7842
370	4.83135
380	4.87759
390	4.9973
400	5.01098
410	5.09389
420	5.11851
430	5.21736
440	5.2665
450	5.32629
460	5.409
470	5.45922
480	5.58837
490	5.7024
500	5.74251
510	5.81586
520	5.90641
530	5.95743
540	6.08074
550	6.10886
560	6.21569
570	6.36087
580	6.46604
590	6.49696
600	6.60513
610	6.64149
620	6.69525
630	6.78157
640	6.82123
650	6.91131
660	6.95033
670	7.03437
680	7.06108
690	7.16399
700	7.30253
710	7.33796
720	7.36536
730	7.39579
740	7.43875
750	7.48738
760	7.49837
770	7.56932
780	7.59953
790	7.65937
800	7.68552
810	7.78995
820	7.86924
830	7.89872
840	7.99712
850	8.01244
860	8.04791
870	8.08777
880	8.18581
890	8.20424
900	8.29831
910	8.40359
920	8.43029
930	8.50044
940	8.55507
950	8.62921
960	8.74029
970	8.78254
980	8.90193
990	8.97365
1000	9.01706
1010	9.10591
1020	9.23255
1030	9.27161
1040	9.38661
1050	9.40847
1060	9.44649
1070	9.51426
1080	9.65839
1090	9.6851
74
360	4.83591
370	4.86682
380	4.96903
390	5.01202
400	5.08421
410	5.11634
420	5.19854
430	5.26911
440	5.32271
450	5.41267
460	5.45126
470	5.56133
480	5.7017
490	5.7493
500	5.82792
510	5.90975
520	5.95978
530	6.08117
540	6.1064
550	6.19788
560	6.35366
570	6.46576
580	6.5115
590	6.56979
600	6.62371
610	6.67936
620	6.79891
630	6.83643
640	6.93306
650	6.96643
660	7.0308
670	7.07734
680	7.19536
690	7.30337
700	7.33872
710	7.37668
720	7.40034
730	7.44309
740	7.47602
750	7.49919
760	7.55207
770	7.59935
780	7.65724
790	7.67975
800	7.76266
810	7.87401
820	7.89254
830	7.97973
840	8.00983
850	8.05273
860	8.07855
870	8.17504
880	8.20067
890	8.27428
900	8.39596
910	8.43533
920	8.51252
930	8.55916
940	8.63064
950	8.74489
960	8.77383
970	8.87389
980	8.98982
990	9.02627
1000	9.13374
1010	9.23608
1020	9.26765
1030	9.36834
1040	9.41571
1050	9.45156
1060	9.52232
1070	9.66343
1080	9.68759
1090	9.7805
74
360	4.89735
370	5.00919
380	5.04132
390	5.1175
400	5.14669
410	5.23746
420	5.29908
430	5.35986
440	5.44159
450	5.49427
460	5.62748
470	5.74876
480	5.77916
490	5.86506
500	5.94013
510	6.00091
520	6.11024
530	6.14996
540	6.2707
550	6.41972
560	6.4895
570	6.51642
580	6.6169
590	6.65312
600	6.74955
610	6.82409
620	6.89297
630	6.95684
640	7.02248
650	7.06301
660	7.14486
670	7.29927
680	7.33479
690	7.36717
700	7.41648
710	7.42661
720	7.47433
730	7.50091
740	7.5287
750	7.57651
760	7.62819
770	7.68168
780	7.70638
790	7.78903
800	7.90525
810	7.91842
820	8.00513
830	8.03732
840	8.08397
850	8.10382
860	8.20107
870	8.22772
880	8.29903
890	8.44088
900	8.46508
910	8.54774
920	8.59208
930	8.67717
940	8.77561
950	8.80352
960	8.9113
970	9.02106
980	9.05103
990	9.16124
1000	9.26428
1010	9.31792
1020	9.374
1030	9.45739
1040	9.49003
1050	9.58647
1060	9.68727
1070	9.74156
1080	9.87243
1090	9.90072
74
360	4.95009
370	5.04879
380	5.0789
390	5.1465
400	5.19047
410	5.30644
420	5.33014
430	5.4254
440	5.46921
450	5.55633
460	5.68172
470	5.7812
480	5.82598
490	5.94221
500	5.97119
510	6.06645
520	6.13635
530	6.22515
540	6.38254
550	6.45071
560	6.51229
570	6.58068
580	6.65007
590	6.71358
600	6.83387
610	6.85967
620	6.9647
630	6.99113
640	7.06765
650	7.10675
660	7.22724
670	7.33648
680	7.37719
690	7.40103
700	7.4318
710	7.46625
720	7.4918
730	7.54368
740	7.55427
750	7.63651
760	7.65617
770	7.71074
780	7.74671
790	7.85926
800	7.92057
810	7.96047
820	8.04849
830	8.07078
840	8.09987
850	8.15035
860	8.23718
870	8.26324
880	8.36827
890	8.46944
900	8.50541
910	8.59501
920	8.63491
930	8.75154
940	8.79347
950	8.85454
960	8.97269
970	9.03992
980	9.10506
990	9.24901
1000	9.29703
1010	9.33894
1020	9.42653
1030	9.48861
1040	9.56352
1050	9.69287
1060	9.72321
1070	9.8258
1080	9.89338
1090	9.9691
74
360	5.00962
370	5.06735
380	5.12681
390	5.17007
400	5.24325
410	5.32816
420	5.37847
430	5.47154
440	5.50965
450	5.624
460	5.76331
470	5.80508
480	5.87902
490	5.96876
500	6.01907
510	6.12354
520	6.19067
530	6.3321
540	6.40906
550	6.52227
560	6.54879
570	6.65017
580	6.68159
590	6.77383
600	6.85234
610	6.91332
620	6.98571
630	7.04135
640	7.09056
650	7.16273
660	7.30854
670	7.36415
680	7.39632
690	7.44736
700	7.45177
710	7.50521
720	7.52132
730	7.55925
740	7.59222
750	7.65804
760	7.69615
770	7.73124
780	7.7968
790	7.91876
800	7.94254
810	8.01191
820	8.06503
830	8.11485
840	8.12597
850	8.20525
860	8.2546
870	8.30948
880	8.44055
890	8.49223
900	8.56617
910	8.61744
920	8.68833
930	8.80649
940	8.8236
950	8.91279
960	9.04978
970	9.07997
980	9.18593
990	9.29033
1000	9.31788
1010	9.37963
1020	9.49636
1030	9.52724
1040	9.63396
1050	9.71666
1060	9.79125
1070	9.89829
1080	9.94325
1090	10.0644
74
360	5.06066
370	5.12151
380	5.16429
390	5.23847
400	5.32185
410	5.36908
420	5.46392
430	5.50183
440	5.61013
450	5.77301
460	5.80468
470	5.89069
480	5.96076
490	6.00539
500	6.09414
510	6.24789
520	6.32962
530	6.40271
540	6.51319
550	6.54705
560	6.65128
570	6.67746
580	6.76869
590	6.8465
600	6.92987
610	6.97872
620	7.0464
630	7.0886
640	7.18052
650	7.33332
660	7.35934
670	7.38859
680	7.43794
690	7.44362
700	7.49298
710	7.50923
720	7.5541
730	7.5761
740	7.65288
750	7.67896
760	7.72286
770	7.77362
780	7.89489
790	7.93429
800	7.99633
810	8.05892
820	8.09437
830	8.11534
840	8.1788
850	8.24817
860	8.29964
870	8.42161
880	8.48498
890	8.55196
900	8.60878
910	8.668
920	8.79747
930	8.81974
940	8.90998
950	9.03996
960	9.07837
970	9.18694
980	9.26555
990	9.31184
1000	9.37275
1010	9.48959
1020	9.51822
1030	9.61651
1040	9.69411
1050	9.80952
1060	9.89146
1070	9.97507
1080	10.0587
1090	10.1088
74
360	5.11635
370	5.17088
380	5.23009
390	5.33853
400	5.36755
410	5.47099
420	5.49789
430	5.59309
440	5.7242
450	5.80867
460	5.86401
470	5.94323
480	5.98927
490	6.07127
500	6.22308
510	6.32965
520	6.38705
530	6.51932
540	6.54948
550	6.64317
560	6.68136
570	6.75781
580	6.83803
590	6.90604
600	6.98969
610	7.04144
620	7.08387
630	7.16131
640	7.31011
650	7.3615
660	7.40809
670	7.42344
680	7.46313
690	7.47848
700	7.52098
710	7.5548
720	7.577
730	7.63171
740	7.67717
750	7.73713
760	7.75835
770	7.84529
780	7.95011
790	7.97531
800	8.04798
810	8.08198
820	8.12951
830	8.15842
840	8.26078
850	8.28808
860	8.38327
870	8.49693
880	8.5359
890	8.62529
900	8.65049
910	8.74942
920	8.82111
930	8.87582
940	9.00549
950	9.07115
960	9.17036
970	9.2343
980	9.32396
990	9.36593
1000	9.48286
1010	9.52093
1020	9.60526
1030	9.66164
1040	9.78011
1050	9.88338
1060	9.95738
1070	10.0724
1080	10.1077
1090	10.1862
74
360	5.18604
370	5.26591
380	5.34632
390	5.39812
400	5.48226
410	5.52934
420	5.63005
430	5.76467
440	5.81459
450	5.90092
460	5.97353
470	6.03318
480	6.16326
490	6.3032
500	6.34589
510	6.43615
520	6.53494
530	6.58282
540	6.68057
550	6.69423
560	6.77619
570	6.84448
580	6.98426
590	7.01349
600	7.07418
610	7.12205
620	7.24777
630	7.35163
640	7.3948
650	7.41744
660	7.43722
670	7.47247
680	7.49226
690	7.53034
700	7.57115
710	7.58789
720	7.65068
730	7.68851
740	7.75137
750	7.77228
760	7.86077
770	7.95712
780	7.98415
790	8.0766
800	8.10099
810	8.13796
820	8.19603
830	8.27403
840	8.30797
850	8.42
860	8.50655
870	8.55285
880	8.63463
890	8.66571
900	8.7748
910	8.83403
920	8.90466
930	9.00179
940	9.12727
950	9.16645
960	9.28383
970	9.33447
980	9.39647
990	9.48873
1000	9.52697
1010	9.61016
1020	9.75983
1030	9.86161
1040	9.90399
1050	9.99547
1060	10.078
1070	10.1227
1080	10.2459
1090	10.3299
74
360	5.24645
370	5.35893
380	5.39395
390	5.4776
400	5.52585
410	5.6005
420	5.74366
430	5.83236
440	5.88087
450	5.9996
460	6.02436
470	6.11434
480	6.26873
490	6.36257
500	6.41459
510	6.53691
520	6.57966
530	6.65699
540	6.71374
550	6.7503
560	6.82509
570	6.94882
580	7.0235
590	7.08607
600	7.12249
610	7.20649
620	7.35709
630	7.39799
640	7.4506
650	7.45129
660	7.49628
670	7.50632
680	7.55131
690	7.5706
700	7.61752
710	7.63625
720	7.7163
730	7.73879
740	7.78542
750	7.83182
760	7.94851
770	7.99278
780	8.04691
790	8.11691
800	8.1612
810	8.18463
820	8.26688
830	8.31384
840	8.38202
850	8.51646
860	8.5489
870	8.6206
880	8.67321
890	8.73788
900	8.86082
910	8.88562
920	8.97981
930	9.1342
940	9.16947
950	9.2475
960	9.36433
970	9.38255
980	9.46831
990	9.54665
1000	9.59656
1010	9.71677
1020	9.84929
1030	9.90247
1040	9.97066
1050	10.1074
1060	10.1293
1070	10.22
1080	10.3567
1090	10.386
74
360	5.34422
370	5.39822
380	5.46911
390	5.52971
400	5.58914
410	5.72018
420	5.84474
430	5.87246
440	5.97128
450	6.02471
460	6.09488
470	6.23583
480	6.37346
490	6.40856
500	6.51525
510	6.58584
520	6.6543
530	6.72276
540	6.73534
550	6.80408
560	6.9438
570	7.03194
580	7.08923
590	7.1264
600	7.20159
610	7.34661
620	7.40429
630	7.46463
640	7.46463
650	7.48642
660	7.51967
670	7.54145
680	7.57781
690	7.62006
700	7.63646
710	7.69876
720	7.73726
730	7.79854
740	7.82147
750	7.91456
760	8.00425
770	8.0339
780	8.13035
790	8.15158
800	8.18633
810	8.24433
820	8.32054
830	8.36422
840	8.47951
850	8.55446
860	8.60243
870	8.68105
880	8.72329
890	8.83715
900	8.88451
910	8.95826
920	9.10216
930	9.17266
940	9.22637
950	9.35168
960	9.38301
970	9.44459
980	9.55911
990	9.58559
1000	9.68297
1010	9.84078
1020	9.90921
1030	9.95862
1040	10.0796
1050	10.1311
1060	10.2063
1070	10.3513
1080	10.3867
1090	10.4194
74
360	5.40051
370	5.48865
380	5.53054
390	5.60914
400	5.75785
410	5.83824
420	5.89994
430	6.00577
440	6.03962
450	6.14685
460	6.29721
470	6.36945
480	6.43555
490	6.54883
500	6.57157
510	6.62666
520	6.71358
530	6.75178
540	6.86342
550	7.01178
560	7.03931
570	7.10577
580	7.1425
590	7.25267
600	7.38443
610	7.41352
620	7.45908
630	7.45908
640	7.48624
650	7.51411
660	7.54127
670	7.57302
680	7.62223
690	7.63343
700	7.70321
710	7.73471
720	7.79297
730	7.82141
740	7.92277
750	7.99869
760	8.03469
770	8.12479
780	8.15133
790	8.18292
800	8.24829
810	8.31588
820	8.36656
830	8.48903
840	8.55137
850	8.61233
860	8.67644
870	8.72859
880	8.85207
890	8.88378
900	8.96751
910	9.10531
920	9.16887
930	9.22983
940	9.35807
950	9.37992
960	9.44896
970	9.55339
980	9.58724
990	9.69447
1000	9.84169
1010	9.90757
1020	9.97588
1030	10.1017
1040	10.148
1050	10.2665
1060	10.3592
1070	10.4004
1080	10.4342
1090	10.5413
74
360	5.4748
370	5.54523
380	5.59837
390	5.72111
400	5.85892
410	5.89166
420	5.99396
430	6.04157
440	6.11395
450	6.25518
460	6.38937
470	6.42347
480	6.52683
490	6.59087
500	6.61409
510	6.6983
520	6.74858
530	6.81609
540	6.95299
550	7.04719
560	7.09869
570	7.14001
580	7.20573
590	7.34097
600	7.41909
610	7.4865
620	7.4865
630	7.48963
640	7.54153
650	7.54466
660	7.59938
670	7.61233
680	7.65342
690	7.68098
700	7.7522
710	7.78427
720	7.82393
730	7.881
740	8.00766
750	8.03255
760	8.09727
770	8.15514
780	8.20476
790	8.22873
800	8.32129
810	8.35578
820	8.43442
830	8.57479
840	8.59542
850	8.68381
860	8.71692
870	8.79695
880	8.89637
890	8.93674
900	9.0467
910	9.19229
920	9.21292
930	9.3013
940	9.40023
950	9.42718
960	9.52322
970	9.58636
980	9.64899
990	9.78122
1000	9.92796
1010	9.95678
1020	10.0549
1030	10.1374
1040	10.2425
1050	10.381
1060	10.4118
1070	10.4386
1080	10.5151
1090	10.5738
74
360	5.53334
370	5.60738
380	5.73493
390	5.84083
400	5.88391
410	5.97472
420	6.0251
430	6.10877
440	6.24113
450	6.37293
460	6.40799
470	6.47393
480	6.57497
490	6.6038
500	6.71026
510	6.74077
520	6.82866
530	6.96666
540	7.0343
550	7.10512
560	7.1425
570	7.23526
580	7.37819
590	7.41628
600	7.47063
610	7.47063
620	7.47169
630	7.52566
640	7.52673
650	7.58111
660	7.59266
670	7.63755
680	7.66085
690	7.73633
700	7.76418
710	7.80579
720	7.86159
730	7.95903
740	8.01389
750	8.07685
760	8.13728
770	8.18858
780	8.21251
790	8.29341
800	8.33682
810	8.41949
820	8.54064
830	8.57713
840	8.65729
850	8.69739
860	8.7816
870	8.88001
880	8.91898
890	9.02536
900	9.1747
910	9.19286
920	9.26881
930	9.38196
940	9.41704
950	9.53229
960	9.57346
970	9.64981
980	9.77655
990	9.90916
1000	9.95141
1010	10.0155
1020	10.143
1030	10.3096
1040	10.36
1050	10.4027
1060	10.4336
1070	10.5053
1080	10.5529
1090	10.6333
74
360	5.61202
370	5.74819
380	5.87164
390	5.88846
400	5.97801
410	6.04661
420	6.10605
430	6.24223
440	6.37593
450	6.40848
460	6.47411
470	6.59904
480	6.63117
490	6.73965
500	6.7698
510	6.87401
520	7.03544
530	7.04933
540	7.13356
550	7.15851
560	7.25887
570	7.39903
580	7.4317
590	7.50146
600	7.50146
610	7.50146
620	7.52616
630	7.55649
640	7.5812
650	7.61481
660	7.6619
670	7.67425
680	7.74296
690	7.7753
700	7.83525
710	7.86184
720	7.96452
730	8.04099
740	8.0751
750	8.16637
760	8.19626
770	8.22677
780	8.29934
790	8.35817
800	8.41298
810	8.5449
820	8.59327
830	8.65657
840	8.71886
850	8.77831
860	8.90981
870	8.92927
880	9.02269
890	9.17971
900	9.21006
910	9.26951
920	9.40568
930	9.43217
940	9.52867
950	9.59335
960	9.65588
970	9.79473
980	9.91655
990	9.94309
1000	10.0087
1010	10.1501
1020	10.3106
1030	10.3722
1040	10.4173
1050	10.4442
1060	10.5299
1070	10.5774
1080	10.6614
1090	10.8155
74
360	5.67424
370	5.80517
380	5.87823
390	5.92622
400	6.05012
410	6.06982
420	6.16827
430	6.29921
440	6.40799
450	6.44455
460	6.56369
470	6.61484
480	6.70172
490	6.75266
500	6.83209
510	6.96737
520	7.04178
530	7.0848
540	7.14292
550	7.20745
560	7.35032
570	7.41011
580	7.47961
590	7.50778
600	7.50778
610	7.50978
620	7.56282
630	7.56482
640	7.62067
650	7.63229
660	7.6747
670	7.70185
680	7.77346
690	7.8055
700	7.84416
710	7.90621
720	8.04028
730	8.05267
740	8.12383
750	8.17642
760	8.22562
770	8.25622
780	8.36279
790	8.37921
800	8.47271
810	8.59564
820	8.61829
830	8.72076
840	8.74207
850	8.84053
860	8.91684
870	8.96896
880	9.09906
890	9.20268
900	9.23327
910	9.33173
920	9.41824
930	9.47533
940	9.59596
950	9.61801
960	9.71978
970	9.8459
980	9.94236
990	9.97814
1000	10.0965
1010	10.235
1020	10.3378
1030	10.3862
1040	10.4357
1050	10.4919
1060	10.5682
1070	10.6261
1080	10.7631
1090	10.8697
74
360	5.73045
370	5.86445
380	5.89033
390	5.97021
400	6.05298
410	6.10171
420	6.22449
430	6.35849
440	6.41849
450	6.49917
460	6.60433
470	6.64507
480	6.74627
490	6.7772
500	6.88647
510	7.01084
520	7.05731
530	7.13963
540	7.16918
550	7.27742
560	7.40364
570	7.43077
580	7.51016
590	7.51016
600	7.51016
610	7.52652
620	7.56519
630	7.58155
640	7.62304
650	7.65909
660	7.67919
670	7.7375
680	7.77943
690	7.84333
700	7.86187
710	7.95534
720	8.04969
730	8.07399
740	8.17507
750	8.19577
760	8.23113
770	8.29344
780	8.36527
790	8.4092
800	8.52676
810	8.59904
820	8.65176
830	8.72523
840	8.77396
850	8.89333
860	8.9306
870	9.01447
880	9.13682
890	9.21741
900	9.27732
910	9.39871
920	9.43399
930	9.52266
940	9.59923
950	9.65116
960	9.77143
970	9.9068
980	9.9513
990	10.0256
1000	10.1476
1010	10.299
1020	10.3682
1030	10.4359
1040	10.4572
1050	10.5555
1060	10.5855
1070	10.6774
1080	10.7993
1090	10.9597
74
360	5.78186
370	5.91007
380	5.93085
390	6.0266
400	6.08645
410	6.15404
420	6.2759
430	6.43733
440	6.46177
450	6.56
460	6.63605
470	6.6954
480	6.77634
490	6.82497
500	6.93533
510	7.07138
520	7.10403
530	7.16951
540	7.21732
550	7.3273
560	7.43667
570	7.48365
580	7.53989
590	7.53989
600	7.53989
610	7.56966
620	7.59492
630	7.6247
640	7.65383
650	7.70681
660	7.71479
670	7.79227
680	7.81629
690	7.87368
700	7.90559
710	8.00799
720	8.07942
730	8.11981
740	8.2048
750	8.24044
760	8.26762
770	8.34923
780	8.39769
790	8.46033
800	8.57714
810	8.63339
820	8.7051
830	8.7587
840	8.82629
850	8.94537
860	8.97202
870	9.06987
880	9.21003
890	9.25336
900	9.33249
910	9.44879
920	9.47718
930	9.57769
940	9.63341
950	9.7043
960	9.82489
970	9.97365
980	9.99053
990	10.0826
1000	10.2155
1010	10.3821
1020	10.4062
1030	10.4657
1040	10.5021
1050	10.5984
1060	10.6289
1070	10.7301
1080	10.8764
1090	11.0112
74
360	5.84954
370	5.8958
380	5.94461
390	6.067
400	6.08926
410	6.18463
420	6.34365
430	6.42387
440	6.47719
450	6.60559
460	6.63648
470	6.72584
480	6.77142
490	6.84877
500	6.99759
510	7.06035
520	7.12268
530	7.16422
540	7.24082
550	7.38911
560	7.43109
570	7.50693
580	7.52477
590	7.52477
600	7.52793
610	7.57981
620	7.58296
630	7.63765
640	7.65117
650	7.69169
660	7.72077
670	7.79045
680	7.82433
690	7.8624
700	7.92398
710	8.06021
720	8.07124
730	8.14108
740	8.19482
750	8.24261
760	8.27508
770	8.37978
780	8.39818
790	8.48829
800	8.61263
810	8.63726
820	8.73563
830	8.76102
840	8.85564
850	8.93458
860	8.98715
870	9.1148
880	9.22953
890	9.25994
900	9.36507
910	9.4364
920	9.49423
930	9.61295
940	9.63698
950	9.7346
960	9.89435
970	9.95877
980	10.0023
990	10.121
1000	10.2869
1010	10.3776
1020	10.4159
1030	10.4562
1040	10.523
1050	10.5869
1060	10.6485
1070	10.7848
1080	10.9514
1090	11.0124
74
360	5.91289
370	5.98199
380	6.07869
390	6.1235
400	6.24425
410	6.4105
420	6.44749
430	6.53407
440	6.62959
450	6.67135
460	6.77147
470	6.80154
480	6.90711
490	7.0532
500	7.08382
510	7.16497
520	7.19241
530	7.29493
540	7.43129
550	7.46556
560	7.53632
570	7.53632
580	7.53632
590	7.5478
600	7.59135
610	7.60284
620	7.6492
630	7.67728
640	7.70398
650	7.75259
660	7.80367
670	7.85759
680	7.88288
690	7.9649
700	8.07585
710	8.09393
720	8.1843
730	8.2163
740	8.25553
750	8.30793
760	8.39133
770	8.42632
780	8.5372
790	8.62436
800	8.66765
810	8.75089
820	8.79038
830	8.90582
840	8.95266
850	9.02557
860	9.17064
870	9.24255
880	9.29799
890	9.42876
900	9.45588
910	9.5341
920	9.62463
930	9.66716
940	9.78563
950	9.92878
960	9.97744
970	10.0534
980	10.2009
990	10.3364
1000	10.3971
1010	10.4599
1020	10.4942
1030	10.5913
1040	10.6228
1050	10.7295
1060	10.8928
1070	10.9705
1080	11.0935
1090	11.1626
74
360	5.9669
370	6.08998
380	6.11446
390	6.21221
400	6.34692
410	6.44881
420	6.49275
430	6.60257
440	6.65469
450	6.72948
460	6.79276
470	6.8583
480	6.98148
490	7.08419
500	7.13507
510	7.1858
520	7.25211
530	7.39399
540	7.45514
550	7.52838
560	7.553
570	7.553
580	7.553
590	7.58927
600	7.60804
610	7.64431
620	7.66891
630	7.71992
640	7.73201
650	7.81374
660	7.83398
670	7.88679
680	7.92534
690	8.03266
700	8.093
710	8.14003
720	8.21801
730	8.26041
740	8.28518
750	8.37076
760	8.41358
770	8.48142
780	8.60176
790	8.65205
800	8.73301
810	8.77601
820	8.85079
830	8.96131
840	8.99116
850	9.09756
860	9.24381
870	9.27547
880	9.36718
890	9.4619
900	9.49669
910	9.60244
920	9.65006
930	9.72562
940	9.86116
950	9.98379
960	10.0231
970	10.1354
980	10.2818
990	10.3968
1000	10.4566
1010	10.4891
1020	10.5777
1030	10.6185
1040	10.7056
1050	10.8606
1060	10.9321
1070	11.0662
1080	11.1232
1090	11.252
74
360	6.03962
370	6.1043
380	6.17503
390	6.28581
400	6.42076
410	6.47178
420	6.56247
430	6.6542
440	6.70079
450	6.79564
460	6.83085
470	6.9478
480	7.0902
490	7.11683
500	7.18649
510	7.22893
520	7.33547
530	7.45709
540	7.48946
550	7.56292
560	7.56292
570	7.56292
580	7.56957
590	7.61795
600	7.62461
610	7.6758
620	7.69677
630	7.72984
640	7.77061
650	7.82875
660	7.87534
670	7.9044
680	7.98178
690	8.07283
700	8.11458
710	8.20111
720	8.24037
730	8.2809
740	8.32916
750	8.41793
760	8.44522
770	8.54411
780	8.65
790	8.69243
800	8.77741
810	8.81111
820	8.91344
830	8.97581
840	9.0457
850	9.16487
860	9.2676
870	9.31918
880	9.42514
890	9.47782
900	9.55104
910	9.65075
920	9.68751
930	9.80732
940	9.94066
950	10.0031
960	10.0849
970	10.2404
980	10.3902
990	10.4307
1000	10.4821
1010	10.552
1020	10.6101
1030	10.6858
1040	10.8294
1050	10.8849
1060	11.0184
1070	11.0869
1080	11.2006
1090	11.3665
