0	0	60	1890	31.1675	
0	1	60	1931	31.9001	
0	2	60	1924	31.9787	
1	0	60	1893	31.4486	
1	1	60	1944	32.2933	
1	2	60	1954	32.1869	
2	0	60	1922	31.7463	
2	1	60	1960	32.5343	
2	2	60	1969	32.675	
3	0	60	1929	31.9972	
3	1	60	1959	32.5799	
3	2	60	1981	32.8388	
4	0	60	1933	32.151	
4	1	60	1966	32.7431	
4	2	59.1893	2005	33.6122	
5	0	60	1944	32.2398	
5	1	60	1971	32.7411	
5	2	59.2876	2004	33.7374	
6	0	59.0779	1956	32.9823	
6	1	58.2238	1983	33.9236	
6	2	58.1565	2037	34.7638	
7	0	58.2674	1960	33.5502	
7	1	58.7534	1993	33.7131	
7	2	58.691	2054	34.7306	
8	0	57.9825	1986	34.0167	
8	1	57.3404	2022	35.0744	
8	2	55.983	2072	36.7841	
9	0	59.438	2000	33.5194	
9	1	55.7068	2042	36.4267	
9	2	54.8531	2089	37.9678	
10	0	56.3675	2054	36.054	
10	1	54.0176	2088	38.2206	
10	2	52.7438	2142	40.1534	
11	0	58.2073	2065	35.2945	
11	1	50.0831	2086	41.5948	
11	2	50.1712	2145	42.6329	
12	0	53.3312	2084	38.8422	
12	1	56.4144	2094	36.9525	
12	2	52.5236	2162	40.9659	
13	0	50.873	2105	41.0824	
13	1	56.5797	2103	37.0765	
13	2	50.3607	2188	43.1996	
14	0	52.1389	2103	40.2737	
14	1	57.2532	2102	36.6692	
14	2	43.742	2180	49.8836	
15	0	53.8935	2126	39.1909	
15	1	57.6381	2098	36.3366	
15	2	45.6606	2198	47.8216	
16	0	48.3166	2126	43.8019	
16	1	57.2395	2085	36.3698	
16	2	52.1339	2185	41.9101	
17	0	41.7127	2219	52.25	
17	1	46.9498	2177	45.1014	
17	2	42.0939	2263	52.7384	
18	0	34.4448	2217	64.0225	
18	1	35.3334	2171	61.1037	
18	2	34.8329	2257	64.4324	
19	0	32.0048	2246	69.7167	
19	1	35.3928	2201	61.7981	
19	2	34.7848	2270	65.1887	
20	0	29.5201	2256	76.167	
20	1	32.5855	2221	67.898	
20	2	43.3657	2268	52.1536	
20	3	53.6877	1645	30.5109	
21	0	29.6989	2270	76.3728	
21	1	32.322	2220	68.684	
21	2	39.0325	2274	58.0876	
21	3	24.7047	1729	85.3313	
22	0	21.1257	2191	106.086	
22	1	26.1634	2124	83.1673	
22	2	30.3052	2181	73.5399	
23	0	37.0479	2220	59.4236	
23	1	34.6244	2157	61.5996	
23	2	43.3613	2203	50.3721	
23	3	3.28225	1785	376.842	
24	0	31.2268	2334	73.028	
24	1	29.9515	2246	73.5735	
24	2	33.4916	2280	66.8604	
25	0	19.2868	2202	117.965	
25	1	18.2356	2069	118.825	
25	2	20.353	2119	108.703	
26	0	11.5067	2102	188.197	
26	1	11.7449	1976	173.319	
26	2	12.508	2019	166.502	
27	0	12.4967	2150	170.594	
27	1	11.4205	2020	176.041	
27	2	11.6333	2063	176.812	
28	0	11.2977	1938	180.925	
28	1	12.8321	1807	150.292	
28	2	11.5871	1846	171.286	
29	0	7.4244	1804	253.976	
29	1	8.99917	1688	197.193	
29	2	7.9401	1735	227.25	
30	0	7.96406	1803	226.472	
30	1	7.36362	1633	227.727	
30	2	7.34749	1678	234.389	
31	0	7.26472	1899	256.255	
31	1	6.5131	1730	259.952	
31	2	6.8458	1774	254.099	
32	0	12.6705	1990	154.91	
32	1	9.06441	1785	195.273	
32	2	10.1834	1874	179.951	
33	0	26.4075	1825	73.025	
33	1	15.6531	1716	111.621	
33	2	24.387	1779	76.0223	
34	0	20.2713	1654	85.9384	
34	1	21.0525	1546	77.4651	
34	2	20.0379	1606	84.4461	
35	0	15.3884	1568	105.193	
35	1	15.3284	1451	98.0246	
35	2	14.9427	1502	104.398	
36	0	12.527	1438	120.394	
36	1	12.8154	1323	108.136	
36	2	12.091	1382	119.422	
37	0	9.96108	1125	128.575	
37	1	8.76206	1015	133.261	
37	2	9.27544	1078	131.918	
38	0	6.72935	1011	158.201	
38	1	5.91964	908	162.472	
38	2	6.30784	954	161.15	
39	0	5.27081	885	179.835	
39	1	4.52104	779	187.079	
39	2	4.83074	843	185.407	
40	0	4.292	837	201.072	
40	1	3.69667	736	204.587	
40	2	4.03658	796	202.738	
41	0	3.93942	809	210.13	
41	1	3.35311	709	216.2	
41	2	3.66717	751	212.089	
42	0	2.74764	792	293.944	
42	1	3.1124	683	225.311	
42	2	2.30752	722	321.172	
43	0	2.3086	837	356.245	
43	1	1.96341	745	366.798	
43	2	2.05242	805	373.381	
43	3	5.46491	1411	221.278	
44	0	2.61412	920	334.45	
44	1	2.19162	811	353.256	
44	2	2.43822	868	340.247	
44	3	11.9041	1738	131.283	
45	0	2.63152	911	349.872	
45	1	2.51097	846	325.407	
45	2	2.75339	869	315.294	
45	3	31.8247	2130	541.385	
46	0	2.7855	1040	348.666	
46	1	2.73858	1040	347.121	
46	2	2.79377	1042	347.181	
47	0	3.1069	1270	376.637	
47	1	3.53241	1242	322.808	
47	2	3.28084	1255	352.099	
48	0	4.47463	1551	320.038	
48	1	4.33398	1474	313.371	
48	2	4.78612	1506	291.311	
49	0	5.357	1654	302.117	
49	1	4.69487	1577	325.635	
49	2	5.60645	1589	278.734	
50	0	6.88295	1844	255.082	
50	1	6.59847	1739	253.089	
50	2	6.74514	1755	249.446	
51	0	11.3158	2069	173.46	
51	1	10.7942	1944	170.541	
51	2	10.6985	1971	175.322	
51	3	0.564373	360	460.318	
52	0	18.4906	2206	116.401	
52	1	17.4063	2057	116.442	
52	2	17.1007	2096	119.734	
52	3	1.17633	496	365.946	
53	0	32.8299	2231	67.6297	
53	1	29.2353	2088	70.8501	
53	2	26.4521	2147	80.2502	
53	3	2.97055	655	193.827	
54	0	50.5617	2230	43.9555	
54	1	48.8153	2089	42.6995	
54	2	44.8437	2152	47.9585	
54	3	4.09415	738	170.011	
55	0	47.9032	2236	46.3888	
55	1	47.0785	2082	44.1092	
55	2	46.371	2159	46.2977	
55	3	4.89038	791	156.427	
56	0	49.6318	2258	45.1582	
56	1	43.9327	2107	47.5804	
56	2	39.657	2174	54.6748	
56	3	6.02626	912	141.344	
57	0	41.4989	2247	54.3619	
57	1	43.4985	2108	48.3522	
57	2	36.7659	2167	58.9935	
57	3	7.67105	983	123.677	
58	0	36.7913	2250	59.6556	
58	1	44.3804	2101	45.9986	
58	2	28.9057	2164	73.5792	
58	3	6.66756	984	115.537	
59	0	41.4387	2272	54.6155	
59	1	41.9902	2126	50.2052	
59	2	40.8207	2174	53.1843	
59	3	10.7689	1129	97.1178	
60	0	40.8168	2302	55.8809	
60	1	35.9899	2156	59.3443	
60	2	36.6343	2187	59.4379	
60	3	16.4141	1235	71.8564	
61	0	36.5148	2299	62.7652	
61	1	36.7141	2166	58.7064	
61	2	37.0817	2187	58.801	
61	3	21.816	1270	57.1456	
62	0	36.7902	2320	62.6494	
62	1	36.0724	2189	60.3613	
62	2	34.8422	2192	62.6114	
62	3	27.7815	1333	46.9359	
63	0	32.9275	2353	71.0083	
63	1	35.1921	2204	62.4179	
63	2	34.3847	2223	64.078	
63	3	40.9098	1436	33.6961	
64	0	30.4182	2386	78.0631	
64	1	30.1095	2248	74.033	
64	2	32.2137	2296	70.3068	
65	0	22.308	2285	105.065	
65	1	21.0753	2142	104.877	
65	2	22.464	2189	100.248	
66	0	17.3449	2264	131.696	
66	1	15.2117	2124	141.69	
66	2	16.8738	2177	130.359	
67	0	13.5236	2192	165.926	
67	1	11.5003	2037	182.412	
67	2	15.9711	2084	134.095	
68	0	12.5953	2132	172.605	
68	1	11.1169	1950	180.311	
68	2	12.6716	1999	162.601	
68	3	0.984024	508	452.1	
69	0	11.1462	2190	194.895	
69	1	10.5531	2088	192.669	
69	2	10.5722	2089	195.306	
69	3	2.73154	1125	308.154	
70	0	29.0125	2129	75.3959	
70	1	20.6891	2122	103.121	
70	2	21.7264	2094	97.4805	
70	3	16.0649	1671	94.8031	
71	0	54.4541	2122	38.9204	
71	1	49.5064	2116	42.7856	
71	2	49.6989	2083	41.9183	
71	3	55.9528	1664	29.6684	
72	0	52.7968	2116	39.7859	
72	1	51.1194	2111	40.9604	
72	2	50.2733	2080	41.04	
72	3	56.4002	1659	29.1448	
73	0	52.7673	2092	39.9093	
73	1	50.6318	2080	41.3336	
73	2	49.9726	2035	41.148	
73	3	52.1473	1627	31.394	
74	0	50.6895	2104	41.3542	
74	1	44.1942	2069	46.888	
74	2	46.3374	2045	43.9762	
74	3	55.0623	1623	29.4985	
75	0	37.8892	2011	54.2503	
75	1	33.7869	1972	59.7696	
75	2	39.0819	1953	51.1554	
76	0	52.8168	1991	37.8961	
76	1	53.7531	1957	36.4756	
76	2	51.905	1934	37.3672	
76	3	58.7201	1760	30.2732	
76	4	57.4612	1486	26.2397	
77	0	58.8684	1991	33.7363	
77	1	57.6312	1967	33.9565	
77	2	59.8982	1937	32.2678	
77	3	59.4214	1762	29.515	
77	4	58.3284	1483	25.3972	
78	0	58.7442	1989	33.7428	
78	1	56.901	1981	34.6411	
78	2	59.184	1932	32.5782	
78	3	58.8512	1758	29.8151	
78	4	57.7166	1477	25.5676	
79	0	55.9498	2003	35.6265	
79	1	56.7584	1984	34.9142	
79	2	56.4381	1959	34.421	
79	3	58.5016	1749	29.8865	
79	4	59.0853	1458	24.8026	
80	0	54.7605	2033	36.8751	
80	1	55.4003	2014	36.096	
80	2	56.8053	1981	34.8126	
80	3	59.6881	1733	29.1505	
80	4	59.9417	1440	24.1576	
81	0	57.2063	2033	35.4882	
81	1	54.1262	2018	37.1925	
81	2	52.006	1998	38.1303	
81	3	57.5391	1733	30.0503	
81	4	59.9996	1440	23.9566	
82	0	58.3733	2047	34.8936	
82	1	55.0434	2037	36.8057	
82	2	49.4268	2037	40.9004	
82	3	54.876	1746	31.639	
82	4	59.996	1436	23.9534	
83	0	58.9094	2051	34.7436	
83	1	55.2747	2046	36.8376	
83	2	49.1468	2040	41.4581	
83	3	55.4977	1753	31.5253	
83	4	60	1437	23.8974	
84	0	58.0994	2058	35.2644	
84	1	53.7453	2053	38.0813	
84	2	48.5591	2050	42.1097	
84	3	52.985	1755	33.0795	
84	4	60	1436	23.896	
85	0	54.6923	2071	37.7044	
85	1	53.5048	2074	38.4487	
85	2	47.8665	2059	42.9311	
85	3	51.4353	1763	34.1853	
85	4	60	1436	23.9399	
86	0	49.6486	2092	41.9272	
86	1	49.312	2082	42.1478	
86	2	48.7063	2051	42.0033	
86	3	51.9908	1689	33.166	
87	0	41.5665	2147	51.0729	
87	1	44.9381	2110	46.6243	
87	2	45.3533	2076	45.4192	
87	3	55.6534	1693	30.303	
88	0	33.6687	2158	64.0595	
88	1	38.8049	2104	54.299	
88	2	38.6616	2096	53.9955	
88	3	54.6459	1672	30.734	
89	0	29.8164	2112	71.9128	
89	1	36.0561	2128	59.0377	
89	2	36.7861	2097	57.0245	
89	3	25.1164	1814	139.464	
90	0	18.6104	2026	112.18	
90	1	24.9239	2055	84.029	
90	2	26.2487	2023	78.7726	
91	0	20.4101	1937	97.3228	
91	1	22.0755	1995	91.6985	
91	2	23.222	1937	85.3829	
92	0	18.707	1832	101.164	
92	1	14.4704	1900	136.018	
92	2	17.4333	1836	108.75	
93	0	14.6627	1706	121.357	
93	1	11.3183	1782	164.603	
93	2	14.4052	1707	123.803	
94	0	10.4554	1529	155.514	
94	1	9.11504	1597	187.163	
94	2	11.699	1527	139.027	
95	0	11.8033	1517	131.035	
95	1	13.4585	1570	119.482	
95	2	11.149	1509	136.648	
96	0	19.4881	1532	80.6231	
96	1	33.5992	1565	46.7141	
96	2	20.2222	1508	75.0511	
96	3	41.3217	188	4.61325	
97	0	45.1372	1548	34.4499	
97	1	56.1057	1548	27.6937	
97	2	20.7514	1548	74.9193	
97	3	57.9233	1468	25.4547	
98	0	58.4341	1536	26.2286	
98	1	58.4961	1536	26.1959	
98	2	57.8328	1536	26.5004	
98	3	58.4422	1456	24.8666	
99	0	59.7906	1532	25.5934	
99	1	59.9316	1532	25.5294	
99	2	59.3391	1532	25.7863	
99	3	58.8614	1453	24.6364	
100	0	59.8844	1525	25.4715	
100	1	59.6219	1525	25.5844	
100	2	58.9711	1525	25.8612	
100	3	58.9863	1445	24.5065	
101	0	59.5891	1517	25.4373	
101	1	59.7783	1517	25.3632	
101	2	59.4073	1517	25.5169	
101	3	59.7178	1437	24.0563	
102	0	60	1517	25.2343	
102	1	60	1517	25.2343	
102	2	59.577	1517	25.4072	
102	3	60	1437	23.9063	
103	0	60	1517	25.2343	
103	1	60	1517	25.2343	
103	2	59.3967	1517	25.491	
103	3	60	1437	23.9062	
104	0	60	1517	25.2093	
104	1	59.7543	1517	25.3085	
104	2	59.4862	1517	25.4287	
104	3	60	1437	23.8827	
105	0	60	1517	25.1972	
105	1	59.7564	1517	25.2942	
105	2	59.6709	1517	25.338	
105	3	60	1437	23.871	
106	0	59.9745	1517	25.2346	
106	1	59.6888	1517	25.3514	
106	2	59.5867	1517	25.399	
106	3	59.999	1437	23.8969	
107	0	59.6341	1516	25.3189	
107	1	57.9635	1516	26.0415	
107	2	59.8903	1516	25.2127	
107	3	59.9981	1436	23.8424	
108	0	58.396	1516	25.8887	
108	1	58.4204	1516	25.8851	
108	2	58.8781	1516	25.688	
108	3	60	1436	23.9403	
109	0	57.4785	1512	26.113	
109	1	57.6937	1512	26.0154	
109	2	58.7834	1512	25.5332	
110	0	58.2894	1505	25.8196	
110	1	57.8613	1505	26.0108	
110	2	58.102	1505	25.8979	
111	0	57.9422	1485	25.7596	
111	1	56.2961	1485	26.53	
111	2	57.4736	1485	25.9736	
112	0	59.3429	1483	24.9638	
112	1	59.4363	1483	24.925	
112	2	58.5974	1483	25.2829	
113	0	59.4552	1472	24.8131	
113	1	59.6215	1472	24.744	
113	2	59.108	1472	24.9594	
114	0	59.3649	1470	24.7282	
114	1	59.9775	1470	24.4795	
114	2	59.3097	1470	24.752	
115	0	59.7781	1467	24.423	
115	1	59.6893	1467	24.4532	
115	2	58.9015	1467	24.787	
116	0	59.2537	1464	24.661	
116	1	59.5738	1464	24.5339	
116	2	58.5467	1464	24.9629	
117	0	59.9591	1457	24.2779	
117	1	59.4507	1457	24.4836	
117	2	59.9447	1457	24.2843	
118	0	59.9738	1454	24.2234	
118	1	59.0297	1454	24.6013	
118	2	59.6467	1454	24.3502	
119	0	59.9935	1447	24.1534	
119	1	59.9841	1447	24.1567	
119	2	59.9798	1447	24.1584	
120	0	60	1447	24.0646	
120	1	60	1447	24.0646	
120	2	60	1447	24.0646	
121	0	59.916	1447	24.1204	
121	1	60	1447	24.0866	
121	2	60	1447	24.0866	
122	0	59.4503	1447	24.2922	
122	1	60	1447	24.0747	
122	2	59.995	1447	24.0767	
123	0	59.8133	1438	24.0889	
123	1	59.9372	1438	24.0393	
123	2	59.9812	1438	24.0227	
124	0	59.9997	1437	23.8936	
124	1	59.9997	1437	23.8936	
124	2	60	1437	23.8935	
125	0	59.994	1436	23.8705	
125	1	59.9949	1436	23.87	
125	2	59.9934	1436	23.8707	
126	0	60	1436	23.8849	
126	1	60	1436	23.8849	
126	2	60	1436	23.8849	
126	3	60	1436	23.8834	
127	0	60	1437	23.879	
127	1	60	1437	23.879	
127	2	60	1437	23.879	
127	3	60	1437	23.8774	
128	0	60	1436	23.894	
128	1	60	1436	23.894	
128	2	60	1436	23.894	
128	3	60	1436	23.8924	
129	0	60	1437	23.8739	
129	1	60	1437	23.8739	
129	2	60	1437	23.8739	
129	3	60	1437	23.8724	
130	0	60	1436	23.8917	
130	1	60	1436	23.8917	
130	2	60	1436	23.8917	
130	3	60	1436	23.9388	
131	0	60	1437	23.9117	
131	1	60	1437	23.9117	
131	2	60	1437	23.9117	
132	0	60	1437	23.7806	
132	1	60	1437	23.7806	
132	2	60	1437	23.7806	
133	0	60	1437	23.9098	
133	1	60	1437	23.9098	
133	2	60	1437	23.9098	
134	0	60	1436	23.9403	
134	1	60	1436	23.9403	
134	2	60	1436	23.9403	

