0	0	60	1801	29.8869	
0	1	60	1900	31.6192	
0	2	60	1886	31.2825	
1	0	59.8545	1817	30.2521	
1	1	59.7704	1911	31.856	
1	2	59.8966	1887	31.4759	
2	0	59.4556	1821	30.3903	
2	1	59.207	1911	32.0654	
2	2	59.6743	1887	31.4119	
3	0	58.6949	1846	31.1586	
3	1	58.6214	1933	32.737	
3	2	58.7059	1898	32.2152	
4	0	58.2315	1825	31.4954	
4	1	57.7476	1920	33.2862	
4	2	58.3705	1876	32.3339	
5	0	55.6404	1829	32.7895	
5	1	58.5859	1926	32.7548	
5	2	58.8073	1872	31.779	
6	0	55.2569	1830	33.0891	
6	1	58.5102	1907	32.7067	
6	2	59.3136	1848	31.3223	
7	0	55.4547	1847	33.0355	
7	1	60	1911	31.7301	
7	2	60	1850	30.7197	
7	3	60	1436	23.8161	
8	0	58.9009	1863	31.4254	
8	1	60	1922	31.8412	
8	2	59.9814	1861	30.8348	
8	3	60	1437	23.8818	
9	0	58.5737	1867	31.7345	
9	1	60	1932	31.9932	
9	2	59.6917	1869	31.1103	
9	3	60	1436	24.02	
10	0	58.4486	1868	31.8391	
10	1	59.9996	1940	32.1607	
10	2	59.5537	1875	31.3701	
11	0	58.9812	1867	31.6156	
11	1	59.9896	1948	32.4122	
11	2	59.861	1886	31.3425	
12	0	58.9629	1875	31.6988	
12	1	59.8839	1960	32.5583	
12	2	60	1899	31.4974	
13	0	58.1995	1894	32.2837	
13	1	58.9777	1970	33.3112	
13	2	60	1913	31.7771	
14	0	58.5935	1908	32.387	
14	1	59.3108	1979	33.255	
14	2	59.9993	1914	31.8282	
15	0	57.439	1929	33.3923	
15	1	59.4806	1989	33.3216	
15	2	59.8486	1925	31.981	
16	0	58.9081	1925	32.6375	
16	1	59.7064	1994	33.2602	
16	2	59.0082	1927	32.629	
17	0	58.9882	1916	32.459	
17	1	59.2747	1994	33.569	
17	2	58.8037	1926	32.7026	
18	0	58.7637	1919	32.5755	
18	1	59.9841	2009	33.3354	
18	2	57.4661	1930	33.4626	
19	0	58.2537	1918	32.7342	
19	1	59.9741	2009	33.2963	
19	2	59.9461	1931	32.0004	
20	0	58.8351	1926	32.5424	
20	1	59.826	2013	33.5525	
20	2	59.9835	1937	32.1914	
21	0	56.9709	1924	33.7533	
21	1	59.3046	2026	34.0301	
21	2	59.7289	1935	32.3474	
22	0	54.4746	1938	35.3615	
22	1	53.7518	2028	37.6668	
22	2	58.7597	1939	32.8964	
23	0	57.667	1936	33.5566	
23	1	53.9827	2033	37.5643	
23	2	58.6513	1923	32.8837	
24	0	57.9595	1940	33.3481	
24	1	52.0792	2031	38.9459	
24	2	59.5726	1931	32.2786	
25	0	59.0224	1950	32.6371	
25	1	57.3899	2027	35.0564	
25	2	59.7025	1927	32.0047	
26	0	55.1295	1957	35.3474	
26	1	58.0179	2036	34.9063	
26	2	59.8521	1932	32.1497	
26	3	58.3412	2011	34.3823	
27	0	52.8882	1973	36.9995	
27	1	58.5862	2036	34.6061	
27	2	59.5637	1932	32.3105	
27	3	58.244	2023	34.4556	
28	0	44.8141	1978	44.1211	
28	1	56.4113	2043	36.0705	
28	2	59.5155	1950	32.5131	
28	3	57.6828	2031	35.0303	
29	0	44.557	1995	44.4944	
29	1	57.3017	2056	35.6236	
29	2	58.7747	1960	33.1298	
29	3	56.4345	2037	35.8988	
30	0	57.1753	2001	34.883	
30	1	57.7101	2069	35.5956	
30	2	57.5367	1981	34.275	
30	3	55.0364	2038	36.9324	
31	0	56.3208	2026	35.7548	
31	1	54.5446	2096	38.188	
31	2	55.6311	2007	35.7366	
31	3	54.0407	2055	37.7866	
32	0	57.8835	2033	35.0169	
32	1	53.345	2108	39.4088	
32	2	55.9046	2023	35.9211	
32	3	51.4527	2078	40.0583	
33	0	55.6034	2044	36.4971	
33	1	48.868	2127	43.3253	
33	2	49.6626	2023	40.6527	
33	3	54.9807	2086	37.743	
34	0	54.2737	2055	37.6399	
34	1	49.6185	2135	42.9184	
34	2	48.0107	2037	42.2181	
34	3	50.0169	2099	41.7236	
35	0	47.8961	2063	42.8791	
35	1	44.9327	2146	47.5534	
35	2	43.9901	2065	46.5696	
35	3	45.443	2125	46.5219	
36	0	48.0737	2062	42.7135	
36	1	42.3344	2159	50.7138	
36	2	41.2633	2069	49.977	
36	3	41.5554	2121	50.9539	
37	0	42.6036	2069	48.5039	
37	1	41.4132	2171	52.2964	
37	2	44.6919	2096	46.5821	
37	3	37.4908	2135	56.8456	
38	0	37.5045	2073	54.8863	
38	1	40.8244	2170	52.8532	
38	2	37.6494	2093	55.3778	
38	3	40.5637	2139	52.3748	
39	0	34.6234	2133	60.7401	
39	1	39.2484	2192	55.727	
39	2	33.8968	2164	63.4166	
39	3	37.1626	2185	58.1934	
40	0	29.2351	2183	74.0775	
40	1	38.4017	2201	57.2277	
40	2	31.2854	2168	69.2658	
40	3	36.6378	2181	59.5764	
41	0	29.9687	2192	73.1858	
41	1	39.6975	2205	55.4325	
41	2	33.0005	2167	65.7477	
41	3	36.7274	2184	59.3311	
42	0	24.6553	2105	87.197	
42	1	28.0764	2112	77.0612	
42	2	22.4001	2071	94.8428	
42	3	28.8264	2089	74.2087	
43	0	26.6432	2087	78.6297	
43	1	35.2157	2096	59.6457	
43	2	26.0379	2049	79.1004	
43	3	30.3294	2073	68.5328	
44	0	37.4437	2080	55.4907	
44	1	52.7095	2096	39.5663	
44	2	38.1475	2043	53.5398	
44	3	51.4125	2067	40.1148	
45	0	52.1579	2022	39.3021	
45	1	53.8676	2037	38.3086	
45	2	49.2479	1994	40.9545	
45	3	52.2815	2023	39.0535	
46	0	54.3114	2007	37.0002	
46	1	54.9704	2029	36.9316	
46	2	56.2284	1978	35.2582	
46	3	57.0326	2006	35.2327	
47	0	54.3626	1999	36.8429	
47	1	57.0286	2034	35.5556	
47	2	55.8342	1986	35.5193	
47	3	57.0734	2015	35.2085	
48	0	52.9017	1957	37.4207	
48	1	56.8494	1974	35.2595	
48	2	56.3264	1912	34.6098	
48	3	57.4638	1958	34.4691	
49	0	53.8702	1981	36.6086	
49	1	58.24	1985	33.9457	
49	2	56.7834	1937	33.7858	
49	3	60	1970	32.684	
49	4	60	1649	27.4621	
50	0	57.5915	1995	34.47	
50	1	56.0433	1997	35.4475	
50	2	58.3708	1958	33.3195	
50	3	60	1974	32.7981	
50	4	60	1647	27.4081	
51	0	54.4508	2005	36.7101	
51	1	52.2546	2035	38.5493	
51	2	54.3738	1980	36.1422	
51	3	59.9997	1987	32.9194	
51	4	59.9999	1643	27.3641	
52	0	55.5477	2039	36.4445	
52	1	52.9051	2075	38.8203	
52	2	53.5094	2011	37.2888	
52	3	59.3368	2005	33.6828	
52	4	59.9966	1645	27.3777	
53	0	57.8953	2052	35.2697	
53	1	47.5669	2094	43.7298	
53	2	48.2183	2026	41.8183	
53	3	56.4936	2029	35.6212	
53	4	59.9999	1651	27.3821	
54	0	57.6803	2084	35.8044	
54	1	49.7012	2119	42.2608	
54	2	52.1705	2062	39.1271	
54	3	48.1325	2096	42.8258	
54	4	59.7671	1639	27.5276	
55	0	53.6836	2117	39.0211	
55	1	43.0931	2168	49.7204	
55	2	46.8658	2102	44.3774	
55	3	44.7992	2115	46.8808	
55	4	59.2605	1621	27.4287	
56	0	44.314	2142	48.0278	
56	1	35.4915	2175	61.1862	
56	2	44.048	2116	47.84	
56	3	36.586	2131	57.9718	
56	4	59.0965	1616	27.2991	
57	0	35.1057	2168	61.5322	
57	1	37.9676	2208	57.9116	
57	2	36.1215	2146	59.0406	
57	3	38.7386	2151	55.3193	
57	4	58.399	1619	27.683	
58	0	31.6765	2260	70.0425	
58	1	33.8382	2260	66.2014	
58	2	31.7031	2176	68.8417	
58	3	35.2318	2153	61.2223	
58	4	41.9372	1676	50.6358	
59	0	24.3077	2162	91.1722	
59	1	26.136	2167	84.7426	
59	2	24.4796	2083	87.2043	
59	3	26.3902	2061	80.0536	
60	0	31.398	2162	68.8993	
60	1	41.7534	2181	52.0348	
60	2	30.5235	2085	68.2829	
60	3	37.2116	2074	55.5732	
60	4	60	1436	23.9328	
61	0	43.8352	2141	49.1062	
61	1	42.7724	2152	50.7273	
61	2	46.788	2052	44.2476	
61	3	50.5596	2069	40.8036	
62	0	41.8055	2141	50.9491	
62	1	47.604	2148	44.8626	
62	2	40.4753	2054	50.363	
62	3	48.3623	2064	42.4031	
63	0	37.6685	2145	56.7359	
63	1	46.0657	2134	46.3922	
63	2	43.8822	2043	46.606	
63	3	46.8298	2057	43.8901	
64	0	44.2267	2123	47.9733	
64	1	46.2054	2056	45.2537	
64	2	45.2403	1946	44.1884	
64	3	44.7707	1998	45.236	
65	0	39.4895	2210	54.6899	
65	1	43.6736	2099	47.7787	
65	2	45.1606	1917	42.8349	
65	3	34.5997	2020	58.1684	
66	0	20.4329	2117	106.782	
66	1	28.974	2013	71.1496	
66	2	22.1749	1787	84.3224	
66	3	19.8069	2360	681.116	
67	0	17.5695	2032	118.528	
67	1	22.9027	1907	85.5807	
67	2	11.1167	2480	944.267	
68	0	14.9005	2014	135.895	
68	1	18.8411	1891	100.714	
69	0	12.6514	1899	155.507	
69	1	15.5287	1790	118.236	
70	0	7.59377	1751	241.626	
70	1	10.3326	1664	168.141	
71	0	6.27716	1779	282.203	
71	1	7.11076	1707	238.71	
71	2	36.9875	2203	59.5073	
71	3	51.8338	1787	34.3752	
72	0	6.89674	1802	260.187	
72	1	6.97099	1714	246.192	
72	2	35.7997	2199	61.3887	
72	3	55.9626	1790	31.8222	
73	0	7.60449	1814	238.695	
73	1	8.51243	1722	202.624	
73	2	32.5012	2197	67.4256	
73	3	55.7322	1780	31.792	
74	0	9.50958	1850	193.016	
74	1	8.33808	1754	209.196	
74	2	36.9903	2205	59.4263	
74	3	49.2466	1763	35.882	
75	0	11.2158	1953	169.644	
75	1	9.10206	1805	196.14	
75	2	38.9577	2206	56.6616	
75	3	49.1674	1742	35.6178	
76	0	14.637	1946	132.412	
76	1	7.9833	1797	226.233	
76	2	30.8924	2197	69.9229	
76	3	42.599	1733	39.1965	
77	0	14.7896	1954	131.734	
77	1	9.81725	1817	185.084	
77	2	32.7539	2200	67.1859	
77	3	50.6203	1700	33.7368	
78	0	17.2854	2009	114.236	
78	1	11.7031	1891	158.663	
78	2	39.7082	2221	55.6674	
78	3	56.6798	1697	29.8905	
79	0	21.9388	2097	93.0348	
79	1	14.219	1910	133.245	
79	2	38.3462	2228	58.0084	
79	3	56.7568	1688	29.6383	
80	0	35.1798	2243	62.1146	
80	1	13.7544	1947	139.986	
80	2	32.9356	2227	67.612	
80	3	54.5524	1665	30.6367	
81	0	42.2508	2270	53.4182	
81	1	20.8117	2231	100.185	
81	2	31.7238	2260	70.7715	
81	3	55.5402	1662	29.896	
82	0	37.3183	2296	61.2311	
82	1	33.5133	2304	68.2005	
82	2	31.2034	2277	72.6718	
82	3	51.9817	1656	31.7509	
83	0	34.8315	2318	66.1867	
83	1	29.3077	2322	79.0111	
83	2	29.797	2287	76.7052	
83	3	28.7455	1741	94.8883	
84	0	30.5965	2323	75.9131	
84	1	25.9487	2329	89.8843	
84	2	26.957	2281	84.7447	
85	0	24.7307	2268	92.9505	
85	1	20.8393	2293	111.632	
85	2	21.7398	2229	104.153	
86	0	29.4015	2278	77.4617	
86	1	24.7881	2301	92.956	
86	2	26.5842	2243	84.051	
87	0	21.189	2160	104.787	
87	1	21.0849	2215	107.615	
87	2	20.6425	2127	106.423	
88	0	16.2603	2055	130.312	
88	1	16.1266	2103	134.559	
88	2	13.3612	2037	156.824	
89	0	12.0883	1986	168.243	
89	1	11.3918	2043	182.62	
89	2	8.60872	1973	234.608	
89	3	35.6912	1664	47.7304	
90	0	10.3128	2032	196.388	
90	1	11.2428	2082	184.501	
90	2	11.8051	2021	170.464	
90	3	52.871	1639	31.1475	
91	0	19.303	2073	106.686	
91	1	15.668	2102	134.154	
91	2	21.9886	2088	93.6776	
91	3	52.82	1631	30.852	
92	0	18.9936	2043	108.736	
92	1	17.5229	2060	118.997	
92	2	21.8085	2057	95.4519	
93	0	17.7044	1998	114.218	
93	1	18.2147	2004	111.737	
93	2	23.3221	2034	87.8976	
94	0	15.5152	1937	128.878	
94	1	18.9504	1944	104.302	
94	2	20.8259	1975	96.5477	
95	0	13.3428	1762	140.417	
95	1	17.1907	1774	109.173	
95	2	16.8386	1821	114.572	
96	0	18.4776	1612	91.4321	
96	1	22.4698	1622	75.6063	
96	2	12.3311	1683	143.757	
97	0	14.6975	1312	99.6162	
97	1	14.9514	1304	97.7691	
97	2	14.2018	1401	108.154	
98	0	9.71944	1199	129.481	
98	1	9.97559	1187	125.177	
98	2	9.67395	1297	139.678	
99	0	8.00145	1121	144.516	
99	1	8.29412	1137	140.165	
99	2	8.18075	1224	154.663	
100	0	6.37533	980	165.228	
100	1	6.61065	999	160.62	
100	2	6.35607	1081	182.311	
101	0	4.52777	821	199.645	
101	1	4.83295	863	193.901	
101	2	3.69294	958	278.575	
102	0	2.51612	864	337.156	
102	1	2.64778	889	333.629	
102	2	2.50964	1023	392.098	
103	0	3.16905	989	284.251	
103	1	2.78621	955	330.73	
103	2	3.94036	1235	286.758	
104	0	3.46108	1002	295.709	
104	1	2.80319	923	341.015	
104	2	4.88399	1341	266.293	
105	0	3.50781	1114	298.519	
105	1	3.7689	1127	271.253	
105	2	7.49084	1543	193.551	
106	0	5.58062	1602	241.229	
106	1	6.16633	1596	221.332	
106	2	11.5941	1629	142.121	
107	0	7.92729	1794	219.352	
107	1	7.74765	1780	224.135	
107	2	8.24788	1651	199.884	
108	0	8.16001	1717	215.949	
108	1	8.06714	1676	215.834	
108	2	7.86713	1599	208.391	
109	0	7.09387	1556	231.626	
109	1	7.2064	1528	223.696	
109	2	6.35056	1416	238.151	
110	0	6.64977	1710	244.479	
110	1	6.30541	1659	253.238	
110	2	5.74974	1563	259.213	
111	0	29.275	1740	60.6002	
111	1	24.2235	1740	72.3946	
111	2	19.6296	1740	88.5352	
111	3	55.0011	1546	28.8898	
112	0	43.1935	1737	40.1708	
112	1	40.487	1737	42.892	
112	2	37.152	1737	46.7577	
112	3	58.3565	1544	26.4907	
113	0	27.4302	1639	61.674	
113	1	26.36	1639	64.2791	
113	2	26.7886	1639	63.1385	
114	0	17.9941	1567	89.2506	
114	1	18.1071	1567	88.8381	
114	2	19.2663	1567	83.426	
115	0	24.7825	1557	63.4414	
115	1	29.1344	1557	53.7383	
115	2	28.2819	1557	55.2454	
116	0	56.9926	1550	26.8775	
116	1	55.5307	1550	27.609	
116	2	55.0478	1550	27.8595	
117	0	57.2786	1477	26.4255	
117	1	56.4231	1477	26.8272	
117	2	55.8724	1477	27.0916	
118	0	58.0738	1461	25.1614	
118	1	57.4871	1461	25.4233	
118	2	57.752	1461	25.3062	
119	0	59.3819	1457	24.5075	
119	1	59.4256	1457	24.491	
119	2	58.8528	1457	24.7128	
120	0	59.3042	1443	24.3922	
120	1	59.1763	1443	24.4473	
120	2	59.1488	1443	24.4563	
121	0	59.8748	1444	24.0665	
121	1	59.9892	1444	24.0222	
121	2	59.9921	1444	24.0211	
122	0	59.9752	1437	23.966	
122	1	59.721	1437	24.0655	
122	2	59.9758	1437	23.9658	
123	0	60	1436	23.8849	
123	1	60	1436	23.8849	
123	2	60	1436	23.8849	
124	0	60	1437	23.9275	
124	1	60	1437	23.9275	
124	2	60	1437	23.9275	
125	0	60	1436	23.9051	
125	1	60	1436	23.9051	
125	2	60	1436	23.9051	
126	0	60	1437	23.9211	
126	1	60	1437	23.9211	
126	2	60	1437	23.9211	
127	0	60	1437	23.8791	
127	1	60	1437	23.8791	
127	2	60	1437	23.8791	
128	0	60	1437	23.8651	
128	1	60	1437	23.8651	
128	2	60	1437	23.8651	
129	0	60	1437	23.8878	
129	1	60	1437	23.8878	
129	2	60	1437	23.8878	
130	0	60	1436	23.9165	
130	1	60	1436	23.9165	
130	2	60	1436	23.9165	
131	0	60	1436	23.8857	
131	1	60	1436	23.8857	
131	2	60	1436	23.8857	
132	0	60	1437	23.9186	
132	1	60	1437	23.9186	
132	2	60	1437	23.9186	
133	0	60	1437	23.8856	
133	1	60	1437	23.8856	
133	2	60	1437	23.8856	
134	0	60	1436	23.956	
134	1	60	1436	23.956	
134	2	60	1436	23.956	

