135
1
1090	0.165018
2
1080	0.108996
1090	0.23082
3
1070	0.104856
1080	0.19347
1090	0.297267
4
1060	0.0947858
1070	0.253046
1080	0.419712
1090	0.521117
5
1050	0.115527
1060	0.282194
1070	0.432062
1080	0.500093
1090	0.64036
6
1040	0.158294
1050	0.324961
1060	0.395092
1070	0.50651
1080	0.59927
1090	0.713868
7
1030	0.109155
1040	0.275822
1050	0.364702
1060	0.456097
1070	0.553816
1080	0.651466
1090	0.810662
8
1020	0.126383
1030	0.293049
1040	0.354975
1050	0.453227
1060	0.521805
1070	0.638504
1080	0.803794
1090	0.962413
9
1010	0.166012
1020	0.303634
1030	0.369891
1040	0.441643
1050	0.534659
1060	0.687646
1070	0.80996
1080	0.969442
1090	1.13611
10
1000	0.127087
1010	0.244983
1020	0.349985
1030	0.412084
1040	0.519518
1050	0.612933
1060	0.771315
1070	0.937982
1080	1.10465
1090	1.27132
11
990	0.110086
1000	0.233582
1010	0.32202
1020	0.392339
1030	0.507147
1040	0.672706
1050	0.839373
1060	1.00604
1070	1.17271
1080	1.33937
1090	1.50604
12
980	0.146673
990	0.212908
1000	0.290045
1010	0.380098
1020	0.539175
1030	0.705841
1040	0.872508
1050	1.03917
1060	1.20584
1070	1.37251
1080	1.53917
1090	1.60042
13
970	0.111016
980	0.200017
990	0.268695
1000	0.36536
1010	0.526819
1020	0.693486
1030	0.860152
1040	1.02682
1050	1.19349
1060	1.36015
1070	1.5268
1080	1.58981
1090	1.7106
14
960	0.0785601
970	0.15055
980	0.240517
990	0.317119
1000	0.464277
1010	0.630944
1020	0.79761
1030	0.964277
1040	1.13094
1050	1.29761
1060	1.46428
1070	1.55404
1080	1.64988
1090	1.80856
15
950	0.0996839
960	0.21806
970	0.283816
980	0.422284
990	0.588951
1000	0.755617
1010	0.922284
1020	1.08895
1030	1.25562
1040	1.42219
1050	1.49802
1060	1.63066
1070	1.79732
1080	1.96399
1090	2.09172
16
940	0.147726
950	0.191989
960	0.30359
970	0.468526
980	0.635193
990	0.80186
1000	0.968526
1010	1.13519
1020	1.30172
1030	1.37745
1040	1.49995
1050	1.66643
1060	1.83309
1070	1.97309
1080	2.04832
1090	2.19702
17
930	0.127291
940	0.171821
950	0.271756
960	0.434413
970	0.601079
980	0.767746
990	0.934413
1000	1.10108
1010	1.2596
1020	1.3335
1030	1.48301
1040	1.64968
1050	1.81635
1060	1.93388
1070	2.00513
1080	2.15381
1090	2.32048
18
920	0.0588909
930	0.136298
940	0.241984
950	0.405968
960	0.572635
970	0.739302
980	0.905968
990	1.07264
1000	1.226
1010	1.27732
1020	1.40814
1030	1.5748
1040	1.74147
1050	1.90774
1060	1.96517
1070	2.09861
1080	2.26528
1090	2.43194
19
910	0.0477575
920	0.167222
930	0.332893
940	0.49956
950	0.666227
960	0.832893
970	0.99956
980	1.16623
990	1.22305
1000	1.31236
1010	1.46654
1020	1.6332
1030	1.79987
1040	1.8806
1050	1.99434
1060	2.15881
1070	2.32548
1080	2.49215
1090	2.65881
20
900	0.0246271
910	0.12287
920	0.284613
930	0.45128
940	0.617946
950	0.784613
960	0.95128
970	1.11795
980	1.206
990	1.28263
1000	1.43391
1010	1.60058
1020	1.76705
1030	1.84552
1040	1.98467
1050	2.15133
1060	2.318
1070	2.48467
1080	2.65133
1090	2.818
21
890	0.0661371
900	0.209876
910	0.376542
920	0.543209
930	0.709876
940	0.876542
950	1.04321
960	1.17687
970	1.24131
980	1.37481
990	1.54147
1000	1.69634
1010	1.76621
1020	1.90523
1030	2.07189
1040	2.23856
1050	2.40523
1060	2.57189
1070	2.73856
1080	2.90434
1090	2.9599
22
880	0.0711856
890	0.228905
900	0.395571
910	0.562238
920	0.728905
930	0.895571
940	1.06223
950	1.13884
960	1.25324
970	1.41824
980	1.5849
990	1.67599
1000	1.77008
1010	1.92794
1020	2.09461
1030	2.26127
1040	2.42794
1050	2.59461
1060	2.76127
1070	2.88274
1080	2.95396
1090	3.09704
23
870	0.08386
880	0.247083
890	0.41375
900	0.580416
910	0.747083
920	0.91375
930	1.02843
940	1.09961
950	1.24805
960	1.41472
970	1.58139
980	1.64847
990	1.72698
1000	1.87998
1010	2.04665
1020	2.21332
1030	2.37998
1040	2.54665
1050	2.71332
1060	2.85856
1070	2.91657
1080	3.05483
1090	3.2215
24
860	0.142647
870	0.282883
880	0.446418
890	0.613084
900	0.779751
910	0.946418
920	1.02779
930	1.09035
940	1.22701
950	1.39368
960	1.56035
970	1.65028
980	1.74099
990	1.89759
1000	2.06425
1010	2.23092
1020	2.39759
1030	2.56425
1040	2.73092
1050	2.83948
1060	2.91109
1070	3.05532
1080	3.22199
1090	3.33268
25
850	0.0970365
860	0.26321
870	0.429876
880	0.596543
890	0.76321
900	0.929876
910	1.03391
920	1.08789
930	1.21255
940	1.3789
950	1.54557
960	1.62994
970	1.73067
980	1.89072
990	2.05738
1000	2.22405
1010	2.39072
1020	2.55738
1030	2.72405
1040	2.82246
1050	2.90698
1060	3.05814
1070	3.21886
1080	3.31418
1090	3.44753
26
840	0.0958505
850	0.258818
860	0.425484
870	0.592151
880	0.758818
890	0.925484
900	1.03787
910	1.09253
920	1.22035
930	1.38698
940	1.53787
950	1.60739
960	1.74869
970	1.91536
980	2.08203
990	2.24869
1000	2.41536
1010	2.58203
1020	2.73591
1030	2.80115
1040	2.9378
1050	3.10328
1060	3.17049
1070	3.29943
1080	3.44341
1090	3.51935
27
830	0.103239
840	0.265744
850	0.432411
860	0.599077
870	0.765744
880	0.932411
890	1.03146
900	1.1336
910	1.29548
920	1.4544
930	1.52082
940	1.6547
950	1.82136
960	1.98803
970	2.1547
980	2.32136
990	2.48803
1000	2.6377
1010	2.71704
1020	2.86722
1030	3.01208
1040	3.07775
1050	3.21757
1060	3.34977
1070	3.42715
1080	3.57612
1090	3.74279
28
820	0.0498059
830	0.188625
840	0.343903
850	0.51057
860	0.677236
870	0.843903
880	0.992751
890	1.06453
900	1.21368
910	1.38035
920	1.45841
930	1.57734
940	1.74376
950	1.91043
960	2.07709
970	2.24376
980	2.41043
990	2.57709
1000	2.64288
1010	2.75422
1020	2.91971
1030	3.01796
1040	3.12179
1050	3.28144
1060	3.35833
1070	3.47029
1080	3.63588
1090	3.80254
29
810	0.0338499
820	0.137631
830	0.296842
840	0.463508
850	0.630175
860	0.796842
870	0.958614
880	1.01333
890	1.14233
900	1.309
910	1.41607
920	1.52415
930	1.68816
940	1.85483
950	2.0215
960	2.18816
970	2.35483
980	2.5215
990	2.60768
1000	2.72573
1010	2.89147
1020	2.96387
1030	3.09719
1040	3.21022
1050	3.31069
1060	3.47232
1070	3.63899
1080	3.80566
1090	3.97232
30
800	0.130083
810	0.29675
820	0.441896
830	0.512978
840	0.655766
850	0.822432
860	0.916736
870	1.02148
880	1.18396
890	1.2981
900	1.38754
910	1.54329
920	1.70995
930	1.87662
940	2.04329
950	2.20995
960	2.37662
970	2.48082
980	2.58423
990	2.74625
1000	2.85953
1010	2.9392
1020	3.08881
1030	3.17255
1040	3.27845
1050	3.44131
1060	3.60798
1070	3.77464
1080	3.94131
1090	4.04401
31
790	0.152263
800	0.317562
810	0.406828
820	0.54023
830	0.705863
840	0.813927
850	0.909648
860	1.0691
870	1.1748
880	1.27824
890	1.44067
900	1.60733
910	1.774
920	1.94067
930	2.10733
940	2.274
950	2.37094
960	2.47742
970	2.6408
980	2.74366
990	2.8437
1000	2.99358
1010	3.0434
1020	3.16729
1030	3.33379
1040	3.50046
1050	3.66713
1060	3.83379
1070	3.93869
1080	4.04465
1090	4.20788
32
780	0.16508
790	0.323959
800	0.399127
810	0.55253
820	0.68916
830	0.769571
840	0.922204
850	1.03372
860	1.1355
870	1.29799
880	1.46466
890	1.63133
900	1.79799
910	1.96466
920	2.13133
930	2.25129
940	2.3201
950	2.46494
960	2.6306
970	2.69765
980	2.83829
990	2.98375
1000	3.01859
1010	3.13175
1020	3.29713
1030	3.4638
1040	3.63047
1050	3.79713
1060	3.8952
1070	3.99725
1080	4.15983
1090	4.3265
33
770	0.150389
780	0.308586
790	0.371324
800	0.510606
810	0.654868
820	0.720048
830	0.860427
840	0.992277
850	1.07221
860	1.22341
870	1.39007
880	1.55674
890	1.72341
900	1.89007
910	2.05674
920	2.22194
930	2.2818
940	2.41026
950	2.57595
960	2.64906
970	2.7701
980	2.93641
990	3.00329
1000	3.09946
1010	3.25931
1020	3.42598
1030	3.59265
1040	3.75931
1050	3.85395
1060	3.94899
1070	4.10836
1080	4.27502
1090	4.44169
34
760	0.116221
770	0.273245
780	0.354655
790	0.499679
800	0.61233
810	0.690184
820	0.838275
830	0.925445
840	1.05526
850	1.22192
860	1.38859
870	1.55526
880	1.72192
890	1.88859
900	2.05526
910	2.16642
920	2.26163
930	2.4213
940	2.53667
950	2.60433
960	2.74735
970	2.91402
980	2.9842
990	3.05599
1000	3.20214
1010	3.36881
1020	3.53547
1030	3.70214
1040	3.81114
1050	3.9158
1060	4.07891
1070	4.24558
1080	4.41225
1090	4.57194
35
750	0.154785
760	0.244436
770	0.335053
780	0.490227
790	0.565308
800	0.673163
810	0.792041
820	0.872117
830	1.02052
840	1.18719
850	1.35386
860	1.52052
870	1.68719
880	1.85386
890	2.02052
900	2.1121
910	2.22463
920	2.38888
930	2.52789
940	2.57218
950	2.68765
960	2.85261
970	2.98022
980	3.0272
990	3.14538
1000	3.31088
1010	3.47754
1020	3.64421
1030	3.76991
1040	3.85105
1050	4.00022
1060	4.16688
1070	4.33355
1080	4.50022
1090	4.58589
36
740	0.155424
750	0.231621
760	0.359827
770	0.457748
780	0.559127
790	0.675499
800	0.754023
810	0.902834
820	1.0695
830	1.23617
840	1.40283
850	1.5695
860	1.73617
870	1.90283
880	2.02892
890	2.09752
900	2.23876
910	2.40542
920	2.51983
930	2.57456
940	2.70298
950	2.86963
960	2.97686
970	3.03466
980	3.16596
990	3.32061
1000	3.48728
1010	3.65394
1020	3.73731
1030	3.8443
1040	4.00742
1050	4.17409
1060	4.34076
1070	4.50742
1080	4.57783
1090	4.6764
37
730	0.1469
740	0.23599
750	0.382353
760	0.422014
770	0.525903
780	0.627943
790	0.732467
800	0.894302
810	1.06097
820	1.22763
830	1.3943
840	1.56097
850	1.72763
860	1.8943
870	2.0066
880	2.06101
890	2.18707
900	2.35358
910	2.51411
920	2.55025
930	2.65598
940	2.81825
950	2.97612
960	3.00255
970	3.09929
980	3.25785
990	3.42451
1000	3.59118
1010	3.6968
1020	3.79768
1030	3.95809
1040	4.12475
1050	4.29142
1060	4.45809
1070	4.55234
1080	4.62941
1090	4.75226
38
720	0.117472
730	0.186038
740	0.325956
750	0.399923
760	0.49534
770	0.58306
780	0.675704
790	0.834544
800	1.00121
810	1.16788
820	1.33454
830	1.50121
840	1.66788
850	1.83454
860	1.99387
870	2.0392
880	2.16038
890	2.32679
900	2.49345
910	2.53066
920	2.62286
930	2.75116
940	2.91782
950	2.99197
960	3.07369
970	3.22687
980	3.39354
990	3.5602
1000	3.65031
1010	3.76375
1020	3.92913
1030	4.0958
1040	4.26247
1050	4.42913
1060	4.52847
1070	4.59696
1080	4.70879
1090	4.78333
39
710	0.0769284
720	0.184463
730	0.285345
740	0.39902
750	0.490447
760	0.587862
770	0.747632
780	0.914298
790	1.08097
800	1.24763
810	1.4143
820	1.58097
830	1.74763
840	1.8784
850	1.95663
860	2.02519
870	2.15365
880	2.32031
890	2.48697
900	2.52843
910	2.59541
920	2.73586
930	2.90253
940	2.9854
950	3.0844
960	3.24484
970	3.41151
980	3.55809
990	3.63141
1000	3.77609
1010	3.94276
1020	4.10942
1030	4.27609
1040	4.44276
1050	4.51723
1060	4.59656
1070	4.67284
1080	4.7787
1090	4.8475
40
700	0.10696
710	0.203541
720	0.360057
730	0.425543
740	0.512819
750	0.668944
760	0.83561
770	1.00228
780	1.16894
790	1.33561
800	1.50228
810	1.66894
820	1.78682
830	1.87964
840	1.94367
850	2.07532
860	2.24199
870	2.40834
880	2.47703
890	2.53627
900	2.63033
910	2.78969
920	2.90555
930	2.99683
940	3.15494
950	3.32161
960	3.47404
970	3.54455
980	3.68945
990	3.85611
1000	4.02278
1010	4.18945
1020	4.35611
1030	4.50746
1040	4.54287
1050	4.60537
1060	4.68334
1070	4.83407
1080	4.86932
1090	4.91062
41
690	0.0922204
700	0.168221
710	0.312912
720	0.410209
730	0.478617
740	0.616892
750	0.783558
760	0.950225
770	1.11689
780	1.28356
790	1.45023
800	1.61689
810	1.74648
820	1.8294
830	1.8971
840	2.00207
850	2.1637
860	2.33037
870	2.42912
880	2.50107
890	2.591
900	2.74533
910	2.86566
920	2.94908
930	3.09926
940	3.26592
950	3.43157
960	3.49266
970	3.61623
980	3.78244
990	3.94911
1000	4.11578
1010	4.28244
1020	4.44911
1030	4.52405
1040	4.58719
1050	4.64592
1060	4.77486
1070	4.85434
1080	4.91225
1090	4.94572
42
680	0.12407
690	0.287688
700	0.350879
710	0.416451
720	0.550032
730	0.716699
740	0.883365
750	1.05003
760	1.2167
770	1.38337
780	1.55003
790	1.65717
800	1.73249
810	1.81575
820	1.96966
830	2.13633
840	2.24047
850	2.33248
860	2.4243
870	2.51333
880	2.67034
890	2.81969
900	2.87493
910	3.00717
920	3.17383
930	3.33984
940	3.40749
950	3.54305
960	3.70972
970	3.87639
980	4.04305
990	4.20972
1000	4.37639
1010	4.50045
1020	4.53641
1030	4.586
1040	4.68993
1050	4.8379
1060	4.87763
1070	4.92281
1080	4.9838
1090	5.01062
43
670	0.109621
680	0.227325
690	0.334477
700	0.397484
710	0.534533
720	0.701199
730	0.867866
740	1.03453
750	1.2012
760	1.36787
770	1.53453
780	1.61303
790	1.69849
800	1.76122
810	1.89802
820	2.06469
830	2.20097
840	2.28493
850	2.39335
860	2.46426
870	2.60793
880	2.7743
890	2.83716
900	2.94963
910	3.11437
920	3.2804
930	3.35972
940	3.48065
950	3.64683
960	3.8135
970	3.98016
980	4.14683
990	4.3135
1000	4.47986
1010	4.50803
1020	4.54676
1030	4.65996
1040	4.8248
1050	4.85352
1060	4.92392
1070	4.96042
1080	4.99689
1090	5.07062
44
660	0.111456
670	0.278123
680	0.343294
690	0.449263
700	0.604003
710	0.77067
720	0.937336
730	1.104
740	1.27067
750	1.43734
760	1.53829
770	1.62206
780	1.69199
790	1.78688
800	1.94425
810	2.08822
820	2.18822
830	2.32301
840	2.3829
850	2.51327
860	2.67993
870	2.75237
880	2.8576
890	3.01951
900	3.18618
910	3.26659
920	3.38394
930	3.54926
940	3.71592
950	3.88259
960	4.04926
970	4.21592
980	4.38259
990	4.48919
1000	4.52118
1010	4.56259
1020	4.67492
1030	4.83901
1040	4.87066
1050	4.93672
1060	4.97836
1070	5.01277
1080	5.09111
1090	5.23808
45
650	0.119112
660	0.275126
670	0.360806
680	0.49035
690	0.66542
700	0.831222
710	0.936755
720	1.06074
730	1.2244
740	1.38183
750	1.48531
760	1.58773
770	1.66882
780	1.82092
790	1.94358
800	2.00641
810	2.14526
820	2.30153
830	2.34914
840	2.4719
850	2.63838
860	2.71835
870	2.81138
880	2.96999
890	3.13666
900	3.22208
910	3.34297
920	3.50928
930	3.67595
940	3.84262
950	4.00928
960	4.17595
970	4.34262
980	4.48567
990	4.52039
1000	4.5463
1010	4.64395
1020	4.80453
1030	4.85671
1040	4.93689
1050	4.96289
1060	5.00426
1070	5.0673
1080	5.20616
1090	5.36359
46
640	0.106871
650	0.271412
660	0.364978
670	0.504617
680	0.671284
690	0.806552
700	0.896405
710	1.03858
720	1.20371
730	1.29757
740	1.44381
750	1.5337
760	1.63735
770	1.79931
780	1.93795
790	1.9732
800	2.08184
810	2.24518
820	2.31667
830	2.42079
840	2.5829
850	2.69436
860	2.76926
870	2.91528
880	3.08194
890	3.17482
900	3.28758
910	3.45223
920	3.6189
930	3.78557
940	3.95223
950	4.1189
960	4.28557
970	4.45223
980	4.50264
990	4.53419
1000	4.59878
1010	4.73634
1020	4.84967
1030	4.90302
1040	4.94876
1050	5.00512
1060	5.037
1070	5.14197
1080	5.30438
1090	5.39757
47
630	0.0901637
640	0.250409
650	0.352505
660	0.455178
670	0.614317
680	0.780984
690	0.869359
700	0.976257
710	1.13998
720	1.22784
730	1.33216
740	1.48972
750	1.55241
760	1.68661
770	1.85327
780	1.94372
790	2.00764
800	2.14748
810	2.26153
820	2.36431
830	2.52678
840	2.67478
850	2.70735
860	2.81664
870	2.98098
880	3.12708
890	3.19455
900	3.33717
910	3.50384
920	3.6705
930	3.83717
940	4.00384
950	4.1705
960	4.33717
970	4.4862
980	4.52634
990	4.55269
1000	4.64966
1010	4.80999
1020	4.86012
1030	4.9432
1040	4.96722
1050	5.00986
1060	5.06989
1070	5.20638
1080	5.37304
1090	5.41169
48
620	0.0793225
630	0.209276
640	0.331198
650	0.403253
660	0.547359
670	0.714026
680	0.831848
690	0.916367
700	1.06917
710	1.19121
720	1.27474
730	1.42693
740	1.50657
750	1.63276
760	1.79934
770	1.9412
780	1.98255
790	2.09734
800	2.21875
810	2.30264
820	2.45505
830	2.62171
840	2.69051
850	2.77087
860	2.921
870	3.08494
880	3.1537
890	3.29291
900	3.45958
910	3.62624
920	3.79291
930	3.95958
940	4.12624
950	4.29291
960	4.45958
970	4.50301
980	4.54027
990	4.60079
1000	4.73498
1010	4.85407
1020	4.90051
1030	4.95467
1040	5.01164
1050	5.04065
1060	5.14202
1070	5.30323
1080	5.40104
1090	5.47261
49
610	0.0572693
620	0.194564
630	0.303604
640	0.415852
650	0.581156
660	0.735087
670	0.801883
680	0.940801
690	1.0828
700	1.16446
710	1.31805
720	1.4052
730	1.4991
740	1.65889
750	1.82555
760	1.93306
770	1.9886
780	2.12313
790	2.18794
800	2.31469
810	2.48135
820	2.64802
830	2.68894
840	2.78107
850	2.9401
860	3.05445
870	3.13751
880	3.29205
890	3.45872
900	3.62538
910	3.79205
920	3.95872
930	4.12538
940	4.29205
950	4.45865
960	4.50189
970	4.54815
980	4.61089
990	4.7516
1000	4.85474
1010	4.91034
1020	4.9596
1030	5.01207
1040	5.05734
1050	5.18202
1060	5.34866
1070	5.39515
1080	5.4841
1090	5.64167
74
360	0
370	0
380	0
390	0
400	0
410	0
420	0
430	0
440	0
450	0
460	0
470	0
480	0
490	0
500	0
510	0
520	0
530	0
540	0
550	0
560	0
570	0
580	0
590	0
600	0.00829892
610	0.0989044
620	0.21941
630	0.335484
640	0.501246
650	0.667877
660	0.739702
670	0.860271
680	1.02473
690	1.08982
700	1.21201
710	1.3748
720	1.42518
730	1.55147
740	1.71812
750	1.88479
760	1.94463
770	2.02807
780	2.13863
790	2.21445
800	2.36398
810	2.53065
820	2.67483
830	2.70864
840	2.82042
850	2.98549
860	3.0663
870	3.17726
880	3.34216
890	3.50883
900	3.67549
910	3.84216
920	4.00883
930	4.17549
940	4.34216
950	4.47322
960	4.52896
970	4.56177
980	4.64776
990	4.80336
1000	4.86659
1010	4.94696
1020	4.9791
1030	5.02004
1040	5.08883
1050	5.23339
1060	5.38159
1070	5.41724
1080	5.53057
1090	5.69594
74
360	0.0530303
370	0.0530303
380	0.0530303
390	0.0530303
400	0.0530303
410	0.0530303
420	0.0530303
430	0.0530303
440	0.0530303
450	0.0530303
460	0.0530303
470	0.0530303
480	0.0530303
490	0.0530303
500	0.0530303
510	0.0530303
520	0.0530303
530	0.0530303
540	0.0530303
550	0.0530303
560	0.0530303
570	0.0530303
580	0.0681088
590	0.158069
600	0.309076
610	0.473956
620	0.59458
630	0.682352
640	0.832538
650	0.982257
660	1.01436
670	1.11596
680	1.26005
690	1.39288
700	1.43777
710	1.5637
720	1.73037
730	1.8871
740	1.94505
750	2.08062
760	2.13473
770	2.25958
780	2.42624
790	2.5929
800	2.69482
810	2.75237
820	2.87663
830	2.95628
840	3.06738
850	3.23265
860	3.39931
870	3.56598
880	3.73265
890	3.89931
900	4.06598
910	4.23265
920	4.39931
930	4.48217
940	4.56868
950	4.59663
960	4.69055
970	4.82846
980	4.89173
990	4.96261
1000	5.02339
1010	5.05251
1020	5.13761
1030	5.2695
1040	5.40201
1050	5.44752
1060	5.57407
1070	5.74074
1080	5.9074
1090	5.95452
74
360	0.106061
370	0.106061
380	0.106061
390	0.106061
400	0.106061
410	0.106061
420	0.106061
430	0.106061
440	0.106061
450	0.106061
460	0.106061
470	0.106061
480	0.106061
490	0.106061
500	0.106061
510	0.106061
520	0.106061
530	0.106061
540	0.106061
550	0.106061
560	0.135095
570	0.252207
580	0.394033
590	0.54677
600	0.59807
610	0.685105
620	0.813562
630	0.979814
640	1.02196
650	1.13064
660	1.29537
670	1.3924
680	1.45204
690	1.5804
700	1.73803
710	1.81014
720	1.94331
730	2.04931
740	2.13103
750	2.28013
760	2.44267
770	2.60933
780	2.70047
790	2.76605
800	2.82672
810	2.94585
820	3.1122
830	3.27886
840	3.44553
850	3.6122
860	3.77886
870	3.94553
880	4.1122
890	4.27886
900	4.44253
910	4.46985
920	4.56758
930	4.60172
940	4.69359
950	4.76118
960	4.87465
970	4.97266
980	5.03148
990	5.06222
1000	5.1433
1010	5.27374
1020	5.41119
1030	5.45351
1040	5.57642
1050	5.74301
1060	5.90967
1070	5.96205
1080	6.039
1090	6.09241
74
360	0.159091
370	0.159091
380	0.159091
390	0.159091
400	0.159091
410	0.159091
420	0.159091
430	0.159091
440	0.159091
450	0.159091
460	0.159091
470	0.159091
480	0.159091
490	0.159091
500	0.159091
510	0.159091
520	0.159091
530	0.164463
540	0.232749
550	0.382244
560	0.53073
570	0.616734
580	0.711179
590	0.864574
600	0.985889
610	1.02824
620	1.1436
630	1.30877
640	1.40437
650	1.4584
660	1.58498
670	1.65052
680	1.77881
690	1.89703
700	1.97255
710	2.11877
720	2.28543
730	2.4521
740	2.57945
750	2.65813
760	2.72412
770	2.79296
780	2.93388
790	3.10055
800	3.26722
810	3.43388
820	3.60055
830	3.76722
840	3.93388
850	4.10055
860	4.26722
870	4.43388
880	4.47753
890	4.52628
900	4.61048
910	4.63686
920	4.73543
930	4.89526
940	4.97685
950	5.03745
960	5.07641
970	5.15089
980	5.29632
990	5.42369
1000	5.46312
1010	5.57556
1020	5.74008
1030	5.90674
1040	5.97388
1050	6.04761
1060	6.10483
1070	6.17194
1080	6.25066
1090	6.30616
74
360	0.212121
370	0.212121
380	0.212121
390	0.212121
400	0.212121
410	0.212121
420	0.212121
430	0.212121
440	0.212121
450	0.212121
460	0.212121
470	0.212121
480	0.212121
490	0.212121
500	0.212121
510	0.241117
520	0.339858
530	0.455919
540	0.582184
550	0.704264
560	0.82404
570	0.971879
580	1.03116
590	1.16658
600	1.32364
610	1.42231
620	1.45062
630	1.51994
640	1.65991
650	1.74885
660	1.86076
670	2.02569
680	2.19236
690	2.35547
700	2.41065
710	2.54048
720	2.69123
730	2.72251
740	2.83016
750	2.99407
760	3.16074
770	3.32741
780	3.49407
790	3.66074
800	3.82741
810	3.99407
820	4.16074
830	4.32741
840	4.42791
850	4.48327
860	4.51206
870	4.60587
880	4.64184
890	4.73257
900	4.8901
910	4.98936
920	5.04704
930	5.0899
940	5.1691
950	5.32014
960	5.42867
970	5.481
980	5.61021
990	5.77688
1000	5.94068
1010	5.9717
1020	6.07713
1030	6.12259
1040	6.2095
1050	6.26215
1060	6.3352
1070	6.41117
1080	6.46191
1090	6.58955
74
360	0.265152
370	0.265152
380	0.265152
390	0.265152
400	0.265152
410	0.265152
420	0.265152
430	0.265152
440	0.265152
450	0.265152
460	0.265152
470	0.265152
480	0.265457
490	0.310016
500	0.42331
510	0.533713
520	0.62119
530	0.776494
540	0.909589
550	0.956805
560	1.01182
570	1.14235
580	1.29738
590	1.35019
600	1.41029
610	1.52774
620	1.61985
630	1.70799
640	1.86365
650	2.03031
660	2.19698
670	2.31401
680	2.39693
690	2.54959
700	2.69587
710	2.73498
720	2.84935
730	3.01461
740	3.18128
750	3.34795
760	3.51461
770	3.68128
780	3.84795
790	4.01461
800	4.18128
810	4.34795
820	4.43752
830	4.49807
840	4.52414
850	4.61779
860	4.65228
870	4.74505
880	4.90307
890	4.99912
900	5.05686
910	5.10036
920	5.17589
930	5.32369
940	5.43198
950	5.49407
960	5.63119
970	5.79785
980	5.95123
990	5.9816
1000	6.08659
1010	6.1309
1020	6.21764
1030	6.27372
1040	6.29762
1050	6.37088
1060	6.50792
1070	6.57035
1080	6.65078
1090	6.70063
74
360	0.318182
370	0.318182
380	0.318182
390	0.318182
400	0.318182
410	0.318182
420	0.318182
430	0.318182
440	0.318182
450	0.318182
460	0.332099
470	0.41715
480	0.557647
490	0.724314
500	0.814056
510	0.885495
520	0.942582
530	1.02916
540	1.11929
550	1.20354
560	1.27619
570	1.42479
580	1.59142
590	1.62382
600	1.72339
610	1.87673
620	2.04292
630	2.1826
640	2.25277
650	2.39966
660	2.56632
670	2.70846
680	2.74547
690	2.8627
700	3.02883
710	3.1955
720	3.36216
730	3.52883
740	3.6955
750	3.86216
760	4.02883
770	4.1955
780	4.36216
790	4.44872
800	4.51376
810	4.54023
820	4.6404
830	4.66709
840	4.77067
850	4.92542
860	5.01441
870	5.07784
880	5.11708
890	5.19979
900	5.33582
910	5.43542
920	5.49607
930	5.63572
940	5.80239
950	5.96534
960	5.99347
970	6.10027
980	6.1413
990	6.23203
1000	6.28237
1010	6.31423
1020	6.35679
1030	6.42065
1040	6.55041
1050	6.66483
1060	6.71752
1070	6.8204
1080	6.85818
1090	6.97622
74
360	0.371212
370	0.371212
380	0.371212
390	0.371212
400	0.371212
410	0.371212
420	0.371212
430	0.371212
440	0.41123
450	0.551951
460	0.684169
470	0.771566
480	0.890877
490	0.938054
500	0.964466
510	1.05986
520	1.16641
530	1.21955
540	1.35078
550	1.51745
560	1.61858
570	1.67632
580	1.8118
590	1.97846
600	2.07462
610	2.1665
620	2.32502
630	2.49168
640	2.65835
650	2.72747
660	2.8182
670	2.97619
680	3.14286
690	3.30952
700	3.47619
710	3.64286
720	3.80952
730	3.97619
740	4.14286
750	4.30952
760	4.45688
770	4.48999
780	4.53815
790	4.6007
800	4.66104
810	4.72672
820	4.8689
830	5.02589
840	5.05481
850	5.12238
860	5.16617
870	5.28815
880	5.42833
890	5.46317
900	5.54606
910	5.69044
920	5.85423
930	5.96803
940	6.04862
950	6.10457
960	6.15876
970	6.22679
980	6.29903
990	6.33755
1000	6.37742
1010	6.4955
1020	6.66018
1030	6.69276
1040	6.77721
1050	6.84611
1060	6.90945
1070	7.04684
1080	7.204
1090	7.27691
74
360	0.424242
370	0.424242
380	0.424242
390	0.424242
400	0.424242
410	0.424242
420	0.460502
430	0.569633
440	0.69214
450	0.73379
460	0.852003
470	0.890775
480	0.955408
490	0.991489
500	1.10771
510	1.16559
520	1.26331
530	1.42514
540	1.59181
550	1.63809
560	1.72956
570	1.8675
580	1.98976
590	2.08864
600	2.23865
610	2.40531
620	2.57198
630	2.70185
640	2.74513
650	2.86613
660	3.01632
670	3.18298
680	3.34965
690	3.51632
700	3.68298
710	3.84965
720	4.01632
730	4.18298
740	4.34965
750	4.46824
760	4.51724
770	4.55652
780	4.6393
790	4.67734
800	4.76391
810	4.89695
820	5.03871
830	5.07556
840	5.13627
850	5.19004
860	5.28582
870	5.445
880	5.48343
890	5.59474
900	5.76012
910	5.88351
920	5.96177
930	6.03714
940	6.13045
950	6.17832
960	6.2771
970	6.31404
980	6.35007
990	6.41177
1000	6.51406
1010	6.67678
1020	6.71208
1030	6.81172
1040	6.86076
1050	6.93621
1060	7.05871
1070	7.22531
1080	7.29312
1090	7.32952
74
360	0.477273
370	0.477273
380	0.477273
390	0.482715
400	0.552724
410	0.68102
420	0.739335
430	0.799207
440	0.910238
450	0.953107
460	0.977558
470	1.0695
480	1.12941
490	1.22161
500	1.3777
510	1.54437
520	1.63469
530	1.69029
540	1.81716
550	1.88632
560	2.00042
570	2.16508
580	2.33174
590	2.49841
600	2.66508
610	2.7205
620	2.8168
630	2.975
640	3.14167
650	3.30833
660	3.475
670	3.64167
680	3.80833
690	3.975
700	4.14167
710	4.30833
720	4.4598
730	4.50333
740	4.56375
750	4.61506
760	4.68051
770	4.71404
780	4.81882
790	4.98065
800	5.06514
810	5.12792
820	5.1681
830	5.25478
840	5.40747
850	5.45672
860	5.5645
870	5.72609
880	5.78578
890	5.89517
900	5.95262
910	6.07399
920	6.16512
930	6.21858
940	6.32009
950	6.35295
960	6.38292
970	6.4622
980	6.61007
990	6.70406
1000	6.77498
1010	6.86005
1020	6.90984
1030	7.0309
1040	7.19687
1050	7.28022
1060	7.32568
1070	7.37028
1080	7.48617
1090	7.54599
74
360	0.530303
370	0.551862
380	0.644223
390	0.742354
400	0.793104
410	0.902358
420	0.923854
430	0.967229
440	1.01613
450	1.08824
460	1.23172
470	1.39838
480	1.56505
490	1.61534
500	1.66098
510	1.70657
520	1.82689
530	1.99302
540	2.15969
550	2.32635
560	2.49302
570	2.65965
580	2.69923
590	2.7961
600	2.95572
610	3.12239
620	3.28906
630	3.45572
640	3.62239
650	3.78906
660	3.95572
670	4.12239
680	4.28906
690	4.43468
700	4.47566
710	4.5101
720	4.58791
730	4.62826
740	4.70168
750	4.75096
760	4.87496
770	5.00532
780	5.08273
790	5.16679
800	5.21611
810	5.34005
820	5.3978
830	5.5121
840	5.60987
850	5.70137
860	5.85847
870	5.92143
880	6.00448
890	6.15484
900	6.18668
910	6.29085
920	6.3465
930	6.38901
940	6.44133
950	6.56837
960	6.66857
970	6.74094
980	6.86809
990	6.89993
1000	7.00605
1010	7.16913
1020	7.27909
1030	7.32819
1040	7.35169
1050	7.4197
1060	7.49276
1070	7.59963
1080	7.67475
1090	7.76463
74
360	0.587556
370	0.67379
380	0.786254
390	0.816416
400	0.906997
410	0.928332
420	0.946341
430	0.991953
440	1.07073
450	1.22286
460	1.38952
470	1.55619
480	1.6297
490	1.67347
500	1.72765
510	1.86112
520	2.02778
530	2.19445
540	2.36112
550	2.52778
560	2.67991
570	2.71142
580	2.82203
590	2.98703
600	3.1537
610	3.32037
620	3.48703
630	3.6537
640	3.82037
650	3.98703
660	4.1537
670	4.32037
680	4.4222
690	4.49223
700	4.52674
710	4.59657
720	4.64651
730	4.71286
740	4.77315
750	4.91196
760	4.98893
770	5.08412
780	5.18365
790	5.23776
800	5.31501
810	5.41327
820	5.52865
830	5.59232
840	5.73389
850	5.90055
860	5.93645
870	6.03273
880	6.16295
890	6.20194
900	6.29814
910	6.35025
920	6.40315
930	6.47084
940	6.6155
950	6.67226
960	6.7572
970	6.87828
980	6.92027
990	7.04183
1000	7.20832
1010	7.28387
1020	7.31295
1030	7.36728
1040	7.39951
1050	7.51091
1060	7.6374
1070	7.68037
1080	7.77769
1090	7.80931
74
360	0.647307
370	0.755187
380	0.827585
390	0.889976
400	0.925503
410	0.942278
420	0.993699
430	1.13863
440	1.23943
450	1.33992
460	1.50255
470	1.62616
480	1.65698
490	1.70724
500	1.82036
510	1.98599
520	2.12812
530	2.29387
540	2.46054
550	2.62721
560	2.69962
570	2.77348
580	2.92334
590	3.09001
600	3.25667
610	3.42334
620	3.59001
630	3.75667
640	3.92334
650	4.09001
660	4.25667
670	4.40553
680	4.46999
690	4.51607
700	4.6041
710	4.6329
720	4.71923
730	4.75663
740	4.87513
750	4.97337
760	5.05277
770	5.1937
780	5.21903
790	5.2801
800	5.38805
810	5.5255
820	5.56803
830	5.69087
840	5.83424
850	5.93143
860	5.99068
870	6.12982
880	6.18857
890	6.26311
900	6.31764
910	6.40029
920	6.44696
930	6.57477
940	6.67043
950	6.73484
960	6.87728
970	6.90888
980	7.00871
990	7.17113
1000	7.28623
1010	7.31912
1020	7.3581
1030	7.39125
1040	7.47566
1050	7.63163
1060	7.66754
1070	7.76494
1080	7.80299
1090	7.82931
74
360	0.702633
370	0.816571
380	0.851743
390	0.915481
400	0.936099
410	0.98121
420	1.07649
430	1.20026
440	1.25542
450	1.38945
460	1.55451
470	1.63347
480	1.65868
490	1.72595
500	1.86525
510	2.01809
520	2.17507
530	2.34174
540	2.5084
550	2.67507
560	2.71332
570	2.81009
580	2.97133
590	3.138
600	3.30466
610	3.47133
620	3.638
630	3.80466
640	3.97133
650	4.138
660	4.30466
670	4.40844
680	4.49456
690	4.53721
700	4.60582
710	4.65985
720	4.72252
730	4.783
740	4.92276
750	4.98765
760	5.10102
770	5.19541
780	5.23128
790	5.30894
800	5.46041
810	5.52934
820	5.60111
830	5.71759
840	5.88236
850	5.94138
860	6.02443
870	6.1711
880	6.2091
890	6.26584
900	6.33506
910	6.40599
920	6.48677
930	6.64056
940	6.68249
950	6.77603
960	6.88869
970	6.92609
980	7.04392
990	7.21014
1000	7.2921
1010	7.32244
1020	7.37968
1030	7.405
1040	7.50741
1050	7.64924
1060	7.68412
1070	7.79011
1080	7.81637
1090	7.84067
74
360	0.755148
370	0.848704
380	0.884252
390	0.944088
400	0.967983
410	1.01375
420	1.09199
430	1.21575
440	1.27092
450	1.40495
460	1.57
470	1.64896
480	1.67417
490	1.74145
500	1.88075
510	2.03358
520	2.19057
530	2.35723
540	2.5239
550	2.69057
560	2.72882
570	2.82559
580	2.98683
590	3.15349
600	3.32016
610	3.48683
620	3.65349
630	3.82016
640	3.98683
650	4.15349
660	4.32016
670	4.42394
680	4.51005
690	4.55271
700	4.62131
710	4.67534
720	4.73802
730	4.79849
740	4.93826
750	5.00314
760	5.11652
770	5.2109
780	5.24678
790	5.32443
800	5.47591
810	5.54484
820	5.61661
830	5.73309
840	5.89786
850	5.95687
860	6.03993
870	6.18659
880	6.22459
890	6.28133
900	6.35055
910	6.42149
920	6.50227
930	6.65606
940	6.69798
950	6.79152
960	6.90419
970	6.94159
980	7.05942
990	7.22563
1000	7.3076
1010	7.33793
1020	7.39518
1030	7.42049
1040	7.5229
1050	7.66474
1060	7.69961
1070	7.8056
1080	7.83186
1090	7.85616
74
360	0.827198
370	0.870581
380	0.939148
390	0.95504
400	1.00011
410	1.07356
420	1.17986
430	1.25957
440	1.41216
450	1.50226
460	1.60465
470	1.65079
480	1.69128
490	1.81115
500	1.95015
510	2.11615
520	2.28282
530	2.44948
540	2.61615
550	2.70931
560	2.78222
570	2.93048
580	3.09715
590	3.26382
600	3.43048
610	3.59715
620	3.76382
630	3.93048
640	4.09715
650	4.26382
660	4.37356
670	4.47428
680	4.51748
690	4.61642
700	4.64518
710	4.72908
720	4.76643
730	4.88313
740	4.9626
750	5.05643
760	5.17375
770	5.21311
780	5.27186
790	5.40463
800	5.53626
810	5.57069
820	5.68294
830	5.84824
840	5.94176
850	6.00209
860	6.14079
870	6.19386
880	6.2354
890	6.31582
900	6.39873
910	6.45748
920	6.59477
930	6.68063
940	6.73938
950	6.87673
960	6.91558
970	7.01006
980	7.17007
990	7.29647
1000	7.33185
1010	7.36475
1020	7.40051
1030	7.47673
1040	7.62335
1050	7.67297
1060	7.75394
1070	7.80923
1080	7.83952
1090	7.90383
74
360	0.888568
370	0.955156
380	0.986613
390	1.06311
400	1.12819
410	1.18867
420	1.31359
430	1.43108
440	1.51253
450	1.58736
460	1.66988
470	1.70955
480	1.82006
490	1.98369
500	2.15035
510	2.31702
520	2.48369
530	2.65
540	2.71736
550	2.82175
560	2.98332
570	3.14999
580	3.31666
590	3.48332
600	3.64999
610	3.81666
620	3.98332
630	4.14999
640	4.30865
650	4.37136
660	4.48624
670	4.54271
680	4.63403
690	4.67087
700	4.74675
710	4.79622
720	4.89509
730	4.96995
740	5.1087
750	5.16859
760	5.23323
770	5.30857
780	5.45317
790	5.54452
800	5.6079
810	5.74206
820	5.90872
830	5.96692
840	6.05022
850	6.17824
860	6.21613
870	6.24678
880	6.34808
890	6.42131
900	6.49186
910	6.63253
920	6.70326
930	6.78027
940	6.90754
950	6.94585
960	7.05466
970	7.21777
980	7.31546
990	7.34858
1000	7.39552
1010	7.42531
1020	7.50801
1030	7.65804
1040	7.69737
1050	7.7829
1060	7.83073
1070	7.85758
1080	7.92735
1090	8.0506
74
360	0.946264
370	0.977584
380	1.03759
390	1.10229
400	1.1642
410	1.30388
420	1.37984
430	1.47216
440	1.55114
450	1.65259
460	1.70075
470	1.82786
480	1.98371
490	2.15038
500	2.31705
510	2.48371
520	2.59845
530	2.69272
540	2.85253
550	3.01919
560	3.18586
570	3.35253
580	3.51919
590	3.68586
600	3.85253
610	4.01919
620	4.18586
630	4.28279
640	4.34122
650	4.44451
660	4.51652
670	4.6232
680	4.64722
690	4.72421
700	4.77909
710	4.84609
720	4.98622
730	5.04903
740	5.16671
750	5.21022
760	5.29944
770	5.44522
780	5.52749
790	5.59302
800	5.7356
810	5.90227
820	5.94912
830	6.03483
840	6.14445
850	6.20287
860	6.2293
870	6.33193
880	6.40328
890	6.47447
900	6.62127
910	6.68436
920	6.76173
930	6.893
940	6.92357
950	7.03252
960	7.18795
970	7.29792
980	7.33471
990	7.37262
1000	7.40732
1010	7.48784
1020	7.62032
1030	7.67776
1040	7.75829
1050	7.81262
1060	7.84114
1070	7.90588
1080	8.03548
1090	8.0661
74
360	0.999052
370	1.07147
380	1.1282
390	1.2551
400	1.31822
410	1.39797
420	1.4843
430	1.63907
440	1.6798
450	1.77153
460	1.92913
470	2.09579
480	2.26246
490	2.42913
500	2.5277
510	2.62467
520	2.78465
530	2.95132
540	3.11799
550	3.28465
560	3.45132
570	3.61799
580	3.78465
590	3.95132
600	4.11799
610	4.28201
620	4.30278
630	4.36009
640	4.47648
650	4.56695
660	4.63341
670	4.66065
680	4.70881
690	4.83271
700	4.99598
710	5.02181
720	5.1218
730	5.20578
740	5.2626
750	5.37692
760	5.53341
770	5.55877
780	5.65801
790	5.8155
800	5.92156
810	5.981
820	6.06651
830	6.15024
840	6.21826
850	6.28423
860	6.40508
870	6.43713
880	6.5447
890	6.68775
900	6.71644
910	6.82021
920	6.90718
930	6.973
940	7.11349
950	7.28016
960	7.32414
970	7.35508
980	7.40727
990	7.44739
1000	7.56326
1010	7.67667
1020	7.72364
1030	7.81412
1040	7.84213
1050	7.86726
1060	7.95438
1070	8.05041
1080	8.08058
1090	8.13618
74
360	1.073
370	1.19073
380	1.25949
390	1.34596
400	1.4156
410	1.55528
420	1.67517
430	1.74079
440	1.88042
450	2.02545
460	2.19212
470	2.35878
480	2.4427
490	2.56748
500	2.73403
510	2.90069
520	3.06736
530	3.23403
540	3.40069
550	3.56736
560	3.73403
570	3.90069
580	4.06736
590	4.23403
600	4.29908
610	4.32988
620	4.38858
630	4.49893
640	4.59676
650	4.65731
660	4.69518
670	4.75688
680	4.89084
690	5.03021
700	5.05579
710	5.15362
720	5.24058
730	5.29778
740	5.43015
750	5.5687
760	5.59433
770	5.69367
780	5.80725
790	5.9536
800	6.04368
810	6.10238
820	6.21273
830	6.25214
840	6.31836
850	6.43991
860	6.47195
870	6.57881
880	6.72302
890	6.74967
900	6.85051
910	6.9309
920	7.03098
930	7.19208
940	7.32976
950	7.37182
960	7.39805
970	7.43719
980	7.49664
990	7.61807
1000	7.70329
1010	7.7611
1020	7.84173
1030	7.87982
1040	7.91745
1050	8.03033
1060	8.07975
1070	8.10945
1080	8.17191
1090	8.20004
74
360	1.13597
370	1.20636
380	1.2836
390	1.3679
400	1.51759
410	1.64549
420	1.68761
430	1.79387
440	1.94625
450	2.11292
460	2.27958
470	2.37386
480	2.48624
490	2.64014
500	2.80681
510	2.97347
520	3.14014
530	3.30681
540	3.47347
550	3.64014
560	3.80681
570	3.97347
580	4.14014
590	4.27781
600	4.31463
610	4.33544
620	4.41508
630	4.55204
640	4.62076
650	4.67633
660	4.71518
670	4.8047
680	4.95708
690	5.02431
700	5.10264
710	5.22086
720	5.24966
730	5.35269
740	5.49034
750	5.56085
760	5.62711
770	5.7362
780	5.90124
790	6.02819
800	6.04919
810	6.12882
820	6.23175
830	6.27304
840	6.39692
850	6.43875
860	6.51459
870	6.64413
880	6.71598
890	6.79196
900	6.87867
910	6.96814
920	7.127
930	7.29367
940	7.33194
950	7.36771
960	7.42014
970	7.45068
980	7.53601
990	7.67103
1000	7.71217
1010	7.82295
1020	7.85209
1030	7.88051
1040	7.95947
1050	8.05751
1060	8.09158
1070	8.12171
1080	8.17086
1090	8.2361
74
360	1.23123
370	1.31936
380	1.37971
390	1.51311
400	1.67333
410	1.72571
420	1.81028
430	1.96277
440	2.12944
450	2.2961
460	2.39137
470	2.50696
480	2.67219
490	2.83886
500	3.00552
510	3.17219
520	3.33886
530	3.50552
540	3.67219
550	3.83886
560	4.00552
570	4.17219
580	4.33824
590	4.35867
600	4.38529
610	4.43282
620	4.55349
630	4.68112
640	4.71842
650	4.75332
660	4.8228
670	4.96434
680	5.08528
690	5.11759
700	5.22291
710	5.2976
720	5.35977
730	5.49488
740	5.62534
750	5.64874
760	5.74381
770	5.89595
780	6.01508
790	6.09895
800	6.15673
810	6.28763
820	6.31714
830	6.40929
840	6.49242
850	6.54654
860	6.67379
870	6.77321
880	6.82368
890	6.90872
900	6.98047
910	7.12386
920	7.29053
930	7.38315
940	7.43095
950	7.46083
960	7.49529
970	7.56477
980	7.70631
990	7.75055
1000	7.84342
1010	7.89829
1020	7.93323
1030	7.98588
1040	8.11167
1050	8.14189
1060	8.1681
1070	8.23342
1080	8.26438
1090	8.32711
74
360	1.28224
370	1.35627
380	1.47513
390	1.59224
400	1.67764
410	1.82947
420	1.99614
430	2.16022
440	2.23633
450	2.35946
460	2.52566
470	2.69232
480	2.85899
490	3.02566
500	3.19232
510	3.35899
520	3.52566
530	3.69232
540	3.85899
550	4.02566
560	4.19215
570	4.25106
580	4.3038
590	4.33972
600	4.38081
610	4.49273
620	4.63611
630	4.66684
640	4.70604
650	4.76696
660	4.89872
670	5.03943
680	5.07277
690	5.1769
700	5.25265
710	5.31758
720	5.4532
730	5.58099
740	5.59689
750	5.67977
760	5.82099
770	5.97409
780	6.05398
790	6.1149
800	6.24631
810	6.27402
820	6.36795
830	6.44684
840	6.50181
850	6.62762
860	6.72759
870	6.76797
880	6.83362
890	6.94767
900	7.11225
910	7.27891
920	7.33664
930	7.3836
940	7.4346
950	7.45746
960	7.546
970	7.6748
980	7.70744
990	7.81086
1000	7.85535
1010	7.88767
1020	7.94789
1030	8.07333
1040	8.1061
1050	8.12985
1060	8.18614
1070	8.23006
1080	8.28182
1090	8.3392
74
360	1.37228
370	1.51671
380	1.58088
390	1.71647
400	1.88313
410	2.0498
420	2.14153
430	2.25241
440	2.41655
450	2.58321
460	2.74988
470	2.91655
480	3.08321
490	3.24988
500	3.41655
510	3.58321
520	3.74988
530	3.91655
540	4.08321
550	4.21051
560	4.27131
570	4.33718
580	4.37296
590	4.41243
600	4.52498
610	4.66928
620	4.70021
630	4.74045
640	4.8033
650	4.93901
660	5.06965
670	5.10838
680	5.2202
690	5.28429
700	5.35445
710	5.49652
720	5.57481
730	5.62433
740	5.6888
750	5.82598
760	5.99265
770	6.08428
780	6.15298
790	6.28242
800	6.30699
810	6.40346
820	6.47983
830	6.5383
840	6.66983
850	6.74741
860	6.77534
870	6.84915
880	6.99413
890	7.16079
900	7.32746
910	7.36336
920	7.41801
930	7.46207
940	7.4892
950	7.57325
960	7.70312
970	7.74185
980	7.85349
990	7.88868
1000	7.92184
1010	7.98689
1020	8.09793
1030	8.1387
1040	8.16178
1050	8.21795
1060	8.26731
1070	8.31501
1080	8.38334
1090	8.50149
74
360	1.42755
370	1.5331
380	1.62453
390	1.78236
400	1.94903
410	2.10517
420	2.17326
430	2.31387
440	2.48054
450	2.64721
460	2.81387
470	2.98054
480	3.14721
490	3.31387
500	3.48054
510	3.64721
520	3.81387
530	3.98054
540	4.14721
550	4.23145
560	4.32177
570	4.3631
580	4.39377
590	4.4652
600	4.60984
610	4.68638
620	4.73784
630	4.76794
640	4.85703
650	5.0137
660	5.08917
670	5.15598
680	5.2906
690	5.31579
700	5.4164
710	5.5372
720	5.61227
730	5.65481
740	5.75565
750	5.91742
760	6.08395
770	6.11169
780	6.21076
790	6.2987
800	6.33941
810	6.45691
820	6.50555
830	6.58926
840	6.72578
850	6.78111
860	6.80526
870	6.90357
880	7.06439
890	7.23106
900	7.35954
910	7.40101
920	7.43928
930	7.48808
940	7.52801
950	7.64475
960	7.72069
970	7.78827
980	7.88202
990	7.9281
1000	7.95276
1010	8.04953
1020	8.11615
1030	8.15617
1040	8.20455
1050	8.2403
1060	8.3194
1070	8.34528
1080	8.44436
1090	8.51905
74
360	1.51976
370	1.67297
380	1.83963
390	1.98615
400	2.05831
410	2.20632
420	2.37298
430	2.53965
440	2.70632
450	2.87298
460	3.03965
470	3.20632
480	3.37298
490	3.53965
500	3.70632
510	3.87298
520	4.03965
530	4.20474
540	4.23215
550	4.33859
560	4.37907
570	4.4088
580	4.47568
590	4.5829
600	4.70151
610	4.74864
620	4.78178
630	4.8669
640	4.99121
650	5.10444
660	5.15563
670	5.2638
680	5.31955
690	5.39384
700	5.50714
710	5.63378
720	5.67685
730	5.77374
740	5.92761
750	6.08371
760	6.11983
770	6.19689
780	6.31306
790	6.34851
800	6.46362
810	6.51841
820	6.60291
830	6.71383
840	6.78042
850	6.81841
860	6.91409
870	7.07508
880	7.24175
890	7.37588
900	7.4165
910	7.45647
920	7.50411
930	7.54961
940	7.65869
950	7.73517
960	7.79773
970	7.89701
980	7.94251
990	7.96813
1000	8.05679
1010	8.13043
1020	8.17432
1030	8.21098
1040	8.25426
1050	8.32286
1060	8.35422
1070	8.44146
1080	8.53548
1090	8.57692
74
360	1.59158
370	1.75825
380	1.92486
390	1.99851
400	2.10702
410	2.27006
420	2.43673
430	2.60339
440	2.77006
450	2.93673
460	3.10339
470	3.27006
480	3.43673
490	3.60339
500	3.77006
510	3.93673
520	4.10339
530	4.21534
540	4.26074
550	4.37404
560	4.39889
570	4.42582
580	4.50102
590	4.64558
600	4.71645
610	4.778
620	4.80283
630	4.89717
640	5.05285
650	5.11934
660	5.18248
670	5.3128
680	5.33814
690	5.42114
700	5.56939
710	5.64664
720	5.70055
730	5.82541
740	5.98693
750	6.11667
760	6.13936
770	6.23087
780	6.32379
790	6.38169
800	6.51034
810	6.54139
820	6.63666
830	6.72695
840	6.80591
850	6.84739
860	6.95896
870	7.12291
880	7.28957
890	7.38897
900	7.45015
910	7.47599
920	7.51791
930	7.57678
940	7.70659
950	7.75547
960	7.83638
970	7.91116
980	7.95759
990	7.99029
1000	8.09386
1010	8.14915
1020	8.1862
1030	8.24083
1040	8.27163
1050	8.34845
1060	8.37596
1070	8.47128
1080	8.5488
1090	8.6099
74
360	1.68444
370	1.85111
380	1.96584
390	2.05952
400	2.21833
410	2.385
420	2.55167
430	2.71833
440	2.885
450	3.05167
460	3.21833
470	3.385
480	3.55167
490	3.71833
500	3.885
510	4.05167
520	4.21489
530	4.24493
540	4.31311
550	4.39887
560	4.43751
570	4.46862
580	4.57586
590	4.71373
600	4.75225
610	4.80291
620	4.85346
630	4.97176
640	5.11204
650	5.1541
660	5.24142
670	5.34702
680	5.37671
690	5.48242
700	5.62025
710	5.67839
720	5.75498
730	5.90246
740	6.03167
750	6.14151
760	6.19053
770	6.31615
780	6.35686
790	6.44572
800	6.53856
810	6.59142
820	6.71701
830	6.76344
840	6.83137
850	6.90409
860	7.05055
870	7.21722
880	7.38388
890	7.42317
900	7.48174
910	7.52693
920	7.55409
930	7.64857
940	7.76271
950	7.80025
960	7.91438
970	7.94678
980	7.98437
990	8.04795
1000	8.15578
1010	8.19182
1020	8.22028
1030	8.28214
1040	8.31817
1050	8.37328
1060	8.4292
1070	8.55613
1080	8.585
1090	8.67768
74
360	1.74076
370	1.84325
380	2.00427
390	2.17094
400	2.3376
410	2.50427
420	2.67094
430	2.8376
440	3.00427
450	3.17094
460	3.3376
470	3.50427
480	3.67094
490	3.8376
500	4.00427
510	4.0829
520	4.17064
530	4.20603
540	4.31362
550	4.34851
560	4.37747
570	4.44462
580	4.58339
590	4.66961
600	4.72305
610	4.75102
620	4.83406
630	4.97833
640	5.07306
650	5.11494
660	5.229
670	5.28623
680	5.3505
690	5.48673
700	5.60191
710	5.64379
720	5.75776
730	5.89121
740	6.05728
750	6.09185
760	6.17923
770	6.27493
780	6.32569
790	6.44865
800	6.49067
810	6.58173
820	6.65998
830	6.74359
840	6.79421
850	6.91701
860	7.08326
870	7.24993
880	7.33905
890	7.39886
900	7.42977
910	7.4682
920	7.52647
930	7.65695
940	7.70757
950	7.78556
960	7.86325
970	7.9123
980	7.94141
990	8.04151
1000	8.09773
1010	8.14112
1020	8.18639
1030	8.22383
1040	8.29387
1050	8.32496
1060	8.4151
1070	8.50091
1080	8.556
1090	8.63632
74
360	1.83873
370	2.00278
380	2.16944
390	2.33611
400	2.50278
410	2.66944
420	2.83611
430	3.00278
440	3.16944
450	3.33611
460	3.50278
470	3.66944
480	3.83611
490	4.00278
500	4.1143
510	4.18402
520	4.25468
530	4.31409
540	4.41239
550	4.44944
560	4.4715
570	4.56485
580	4.69709
590	4.75842
600	4.81739
610	4.85004
620	4.95268
630	5.09464
640	5.15806
650	5.21901
660	5.33421
670	5.37661
680	5.46148
690	5.60566
700	5.68691
710	5.74786
720	5.86262
730	6.02215
740	6.15472
750	6.19329
760	6.30902
770	6.36411
780	6.44545
790	6.54807
800	6.59514
810	6.69884
820	6.75752
830	6.82755
840	6.90779
850	7.05961
860	7.22628
870	7.39294
880	7.43193
890	7.49333
900	7.53345
910	7.56082
920	7.65032
930	7.77591
940	7.80715
950	7.91516
960	7.9547
970	7.9945
980	8.05159
990	8.16835
1000	8.19755
1010	8.22812
1020	8.2959
1030	8.32121
1040	8.38406
1050	8.43035
1060	8.55379
1070	8.59256
1080	8.67971
1090	8.72434
74
360	1.91458
370	2.08125
380	2.24792
390	2.41458
400	2.58125
410	2.74792
420	2.91458
430	3.08125
440	3.24792
450	3.41458
460	3.58125
470	3.74792
480	3.91458
490	4.07965
500	4.10349
510	4.19641
520	4.24298
530	4.31589
540	4.39549
550	4.43358
560	4.46521
570	4.56813
580	4.72918
590	4.75178
600	4.79977
610	4.84551
620	4.96273
630	5.12679
640	5.14579
650	5.21798
660	5.34395
670	5.371
680	5.46892
690	5.62797
700	5.67463
710	5.74682
720	5.88935
730	6.05601
740	6.13887
750	6.19677
760	6.32607
770	6.36231
780	6.4648
790	6.53391
800	6.59681
810	6.68096
820	6.76438
830	6.82008
840	6.92277
850	7.08386
860	7.25053
870	7.39529
880	7.42636
890	7.47704
900	7.52434
910	7.55531
920	7.65635
930	7.75808
940	7.80639
950	7.92043
960	7.94649
970	7.98286
980	8.05548
990	8.15031
1000	8.19248
1010	8.21883
1020	8.27761
1030	8.31549
1040	8.36999
1050	8.43325
1060	8.55844
1070	8.58474
1080	8.68123
1090	8.71655
74
360	2.00074
370	2.1674
380	2.33407
390	2.50074
400	2.6674
410	2.83407
420	3.00074
430	3.1674
440	3.33407
450	3.50074
460	3.6674
470	3.83407
480	4.00074
490	4.09373
500	4.14031
510	4.24584
520	4.27296
530	4.37114
540	4.41721
550	4.44876
560	4.50465
570	4.63221
580	4.7441
590	4.77993
600	4.81777
610	4.8794
620	5.01264
630	5.15058
640	5.16968
650	5.25782
660	5.35833
670	5.40061
680	5.51455
690	5.67621
700	5.69851
710	5.78666
720	5.9406
730	6.10727
740	6.15992
750	6.23445
760	6.34198
770	6.4006
780	6.53087
790	6.56015
800	6.63993
810	6.71057
820	6.79515
830	6.85394
840	6.98439
850	7.15106
860	7.31773
870	7.41045
880	7.46862
890	7.49976
900	7.53857
910	7.59432
920	7.72174
930	7.77924
940	7.85522
950	7.93456
960	7.98202
970	8.01111
980	8.11003
990	8.16927
1000	8.2129
1010	8.25345
1020	8.29548
1030	8.35854
1040	8.39405
1050	8.48359
1060	8.57266
1070	8.62282
1080	8.70699
1090	8.75362
74
360	2.11119
370	2.27785
380	2.44452
390	2.61119
400	2.77785
410	2.94452
420	3.11119
430	3.27785
440	3.44452
450	3.61119
460	3.77785
470	3.94452
480	4.07844
490	4.09092
500	4.16911
510	4.23476
520	4.29286
530	4.39172
540	4.42759
550	4.45089
560	4.53984
570	4.6943
580	4.73656
590	4.79849
600	4.82206
610	4.91603
620	5.06583
630	5.13713
640	5.18519
650	5.30499
660	5.35362
670	5.42751
680	5.57131
690	5.66599
700	5.71477
710	5.83528
720	6.00121
730	6.13464
740	6.17214
750	6.28137
760	6.34387
770	6.45778
780	6.5277
790	6.571
800	6.6578
810	6.76437
820	6.80669
830	6.92075
840	7.08546
850	7.25213
860	7.3847
870	7.42642
880	7.4736
890	7.51337
900	7.55554
910	7.66944
920	7.75085
930	7.81039
940	7.91289
950	7.94804
960	7.97574
970	8.05537
980	8.14484
990	8.19211
1000	8.21587
1010	8.27218
1020	8.3182
1030	8.35984
1040	8.43294
1050	8.55168
1060	8.58474
1070	8.68137
1080	8.71274
1090	8.81462
74
360	2.20599
370	2.37266
380	2.53933
390	2.70599
400	2.87266
410	3.03933
420	3.20599
430	3.37266
440	3.53933
450	3.70599
460	3.87266
470	4.03127
480	4.07336
490	4.11232
500	4.22592
510	4.24997
520	4.34736
530	4.39558
540	4.42756
550	4.48375
560	4.61483
570	4.72452
580	4.75287
590	4.79571
600	4.8519
610	4.98298
620	5.1161
630	5.14449
640	5.2269
650	5.33835
660	5.3736
670	5.48372
680	5.63385
690	5.67496
700	5.76036
710	5.91413
720	6.07223
730	6.14364
740	6.24231
750	6.29982
760	6.39882
770	6.49252
780	6.52761
790	6.59578
800	6.73758
810	6.77513
820	6.86428
830	7.02024
840	7.1869
850	7.35357
860	7.39167
870	7.46224
880	7.49394
890	7.52082
900	7.60698
910	7.74118
920	7.76824
930	7.86938
940	7.91701
950	7.95633
960	8.00652
970	8.13163
980	8.15938
990	8.19193
1000	8.2586
1010	8.28401
1020	8.3421
1030	8.38555
1040	8.50392
1050	8.55635
1060	8.63576
1070	8.68296
1080	8.75788
1090	8.90469
74
360	2.26549
370	2.43216
380	2.59883
390	2.76549
400	2.93216
410	3.09883
420	3.26549
430	3.43216
440	3.59883
450	3.76549
460	3.93216
470	4.04334
480	4.08726
490	4.14371
500	4.23778
510	4.27877
520	4.39682
530	4.41901
540	4.44587
550	4.52166
560	4.66637
570	4.73663
580	4.78149
590	4.81342
600	4.88766
610	5.02288
620	5.14287
630	5.16824
640	5.26955
650	5.35147
660	5.40406
670	5.53225
680	5.67112
690	5.70175
700	5.80925
710	5.95977
720	6.11861
730	6.17499
740	6.27921
750	6.33133
760	6.46029
770	6.5183
780	6.54933
790	6.63827
800	6.7689
810	6.80234
820	6.91294
830	7.06618
840	7.23285
850	7.38716
860	7.41711
870	7.4749
880	7.51668
890	7.54731
900	7.65481
910	7.75318
920	7.79649
930	7.91676
940	7.9415
950	7.97338
960	8.04375
970	8.14878
980	8.18822
990	8.21321
1000	8.27406
1010	8.31273
1020	8.35782
1030	8.42201
1040	8.55616
1050	8.58095
1060	8.68146
1070	8.70646
1080	8.80236
1090	8.94837
74
360	2.36277
370	2.52943
380	2.6961
390	2.86277
400	3.02943
410	3.1961
420	3.36277
430	3.52943
440	3.6961
450	3.86277
460	4.02545
470	4.09427
480	4.13477
490	4.20703
500	4.28161
510	4.33749
520	4.43882
530	4.47387
540	4.4972
550	4.58735
560	4.73828
570	4.7813
580	4.8409
590	4.86402
600	4.95193
610	5.09198
620	5.18446
630	5.22395
640	5.33793
650	5.39774
660	5.46479
670	5.60521
680	5.71308
690	5.75852
700	5.87846
710	6.04452
720	6.16031
730	6.24317
740	6.3233
750	6.4017
760	6.50195
770	6.57439
780	6.6039
790	6.70745
800	6.81136
810	6.86053
820	6.98419
830	7.15063
840	7.3173
850	7.42901
860	7.47669
870	7.52111
880	7.55869
890	7.60413
900	7.7236
910	7.79779
920	7.85739
930	7.95887
940	7.99686
950	8.02322
960	8.1074
970	8.1923
980	8.23878
990	8.26633
1000	8.3175
1010	8.37188
1020	8.40644
1030	8.48466
1040	8.59773
1050	8.63646
1060	8.72685
1070	8.76118
1080	8.86994
1090	9.02486
74
360	2.45816
370	2.62483
380	2.79149
390	2.95816
400	3.12483
410	3.29149
420	3.45816
430	3.62483
440	3.79149
450	3.95598
460	4.02736
470	4.12648
480	4.1511
490	4.24619
500	4.29104
510	4.3661
520	4.44238
530	4.48002
540	4.51296
550	4.61734
560	4.76664
570	4.78952
580	4.8487
590	4.87766
600	4.97775
610	5.12883
620	5.18857
630	5.24219
640	5.3673
650	5.40856
660	5.49077
670	5.64085
680	5.71906
690	5.78149
700	5.91535
710	6.08202
720	6.16965
730	6.27708
740	6.33601
750	6.43858
760	6.51177
770	6.57668
780	6.62386
790	6.74254
800	6.81908
810	6.88846
820	7.02864
830	7.1953
840	7.36197
850	7.43549
860	7.49983
870	7.53185
880	7.56402
890	7.62335
900	7.75419
910	7.80917
920	7.89043
930	7.96341
940	8.0088
950	8.04176
960	8.14614
970	8.20241
980	8.24078
990	8.29082
1000	8.32756
1010	8.39573
1020	8.4238
1030	8.52246
1040	8.60217
1050	8.65936
1060	8.73001
1070	8.78077
1080	8.90302
1090	9.06453
74
360	2.52878
370	2.69545
380	2.86212
390	3.02878
400	3.19545
410	3.36212
420	3.52878
430	3.69545
440	3.86212
450	3.935
460	4.0584
470	4.10559
480	4.14677
490	4.25889
500	4.28346
510	4.38155
520	4.42732
530	4.46037
540	4.51279
550	4.63678
560	4.74988
570	4.77937
580	4.82825
590	4.87842
600	5.00076
610	5.11252
620	5.17394
630	5.24756
640	5.37115
650	5.40489
660	5.51303
670	5.67671
680	5.71063
690	5.80273
700	5.9602
710	6.10167
720	6.16432
730	6.2767
740	6.33497
750	6.44088
760	6.51139
770	6.56164
780	6.63353
790	6.7781
800	6.81149
810	6.91064
820	7.06557
830	7.22209
840	7.38876
850	7.42573
860	7.49431
870	7.52954
880	7.55611
890	7.64672
900	7.76932
910	7.80751
920	7.92058
930	7.95417
940	7.98999
950	8.05417
960	8.16513
970	8.19821
980	8.22844
990	8.29143
1000	8.32451
1010	8.37525
1020	8.43216
1030	8.56032
1040	8.59012
1050	8.67173
1060	8.71688
1070	8.7955
1080	8.93819
1090	9.0736
74
360	2.61372
370	2.78038
380	2.94705
390	3.11372
400	3.28038
410	3.44705
420	3.61372
430	3.78038
440	3.89711
450	3.97601
460	4.07989
470	4.12632
480	4.1883
490	4.277
500	4.3194
510	4.42684
520	4.4558
530	4.48435
540	4.56019
550	4.66842
560	4.77678
570	4.81514
580	4.85144
590	4.92401
600	5.03218
610	5.17863
620	5.20786
630	5.31631
640	5.39063
650	5.45994
660	5.60463
670	5.70665
680	5.75395
690	5.88198
700	6.02472
710	6.1221
720	6.21951
730	6.29687
740	6.38687
750	6.46216
760	6.56467
770	6.59461
780	6.69817
790	6.80153
800	6.85617
810	6.98057
820	7.11728
830	7.28395
840	7.42535
850	7.46292
860	7.51443
870	7.55399
880	7.59639
890	7.71968
900	7.78997
910	7.85357
920	7.94939
930	7.9975
940	8.02127
950	8.11834
960	8.18415
970	8.23447
980	8.26062
990	8.31073
1000	8.37108
1010	8.40176
1020	8.48575
1030	8.59415
1040	8.62128
1050	8.72258
1060	8.75144
1070	8.85776
1080	8.97715
1090	9.1012
74
360	2.68221
370	2.84888
380	3.01554
390	3.18221
400	3.34888
410	3.51554
420	3.68221
430	3.84867
440	3.89282
450	4.00553
460	4.07726
470	4.12003
480	4.2001
490	4.26652
500	4.32678
510	4.42478
520	4.45748
530	4.48107
540	4.56782
550	4.69962
560	4.76546
570	4.8216
580	4.84744
590	4.93266
600	5.06138
610	5.16599
620	5.22295
630	5.33656
640	5.38592
650	5.47342
660	5.61868
670	5.69816
680	5.76832
690	5.89399
700	6.05799
710	6.12272
720	6.25088
730	6.29961
740	6.41255
750	6.46613
760	6.55684
770	6.60389
780	6.73019
790	6.79386
800	6.86733
810	6.99145
820	7.15664
830	7.32331
840	7.41436
850	7.47875
860	7.51265
870	7.54449
880	7.61301
890	7.73171
900	7.78588
910	7.87173
920	7.94025
930	7.98806
940	8.023
950	8.12038
960	8.17748
970	8.22186
980	8.26974
990	8.30444
1000	8.37765
1010	8.40025
1020	8.4908
1030	8.58179
1040	8.63132
1050	8.70997
1060	8.75867
1070	8.86251
1080	9.0201
1090	9.09301
74
360	2.74722
370	2.91389
380	3.08055
390	3.24722
400	3.41389
410	3.58055
420	3.74722
430	3.8563
440	3.91958
450	4.01446
460	4.10285
470	4.13126
480	4.22309
490	4.27213
500	4.34249
510	4.42548
520	4.46446
530	4.49185
540	4.59256
550	4.72787
560	4.77035
570	4.83289
580	4.85778
590	4.95554
600	5.10699
610	5.17141
620	5.24029
630	5.37228
640	5.39969
650	5.5004
660	5.66142
670	5.70676
680	5.78896
690	5.94043
700	6.0705
710	6.14468
720	6.25709
730	6.32177
740	6.41299
750	6.496
760	6.56092
770	6.62461
780	6.76191
790	6.80273
800	6.88715
810	7.04002
820	7.20668
830	7.37335
840	7.42264
850	7.49799
860	7.5236
870	7.55216
880	7.6314
890	7.77317
900	7.7993
910	7.89853
920	7.94699
930	7.98909
940	8.03649
950	8.15794
960	8.18835
970	8.22543
980	8.28542
990	8.31313
1000	8.37795
1010	8.41208
1020	8.5202
1030	8.5865
1040	8.65241
1050	8.7135
1060	8.77348
1070	8.90627
1080	9.06194
1090	9.1028
74
360	2.83728
370	3.00395
380	3.17061
390	3.33728
400	3.50395
410	3.67061
420	3.83728
430	3.89391
440	3.98786
450	4.05241
460	4.13916
470	4.17649
480	4.28558
490	4.30958
500	4.39356
510	4.45809
520	4.49348
530	4.53511
540	4.64852
550	4.77395
560	4.80787
570	4.86179
580	4.90127
590	5.01252
600	5.17653
610	5.21107
620	5.29792
630	5.40125
640	5.44504
650	5.56059
660	5.72038
670	5.74799
680	5.84554
690	6.00451
700	6.10389
710	6.20336
720	6.28942
730	6.37948
740	6.44927
750	6.55731
760	6.59866
770	6.67977
780	6.81574
790	6.8446
800	6.94436
810	7.10433
820	7.271
830	7.43737
840	7.4633
850	7.52684
860	7.56701
870	7.5927
880	7.68733
890	7.80208
900	7.843
910	7.95568
920	7.98556
930	8.02202
940	8.08446
950	8.1985
960	8.22954
970	8.26077
980	8.32477
990	8.35386
1000	8.40796
1010	8.45676
1020	8.57735
1030	8.62304
1040	8.70271
1050	8.74883
1060	8.82276
1070	8.96692
1080	9.11195
1090	9.15138
74
360	2.94052
370	3.10719
380	3.27386
390	3.44052
400	3.60719
410	3.77386
420	3.88091
430	3.93
440	4.00874
450	4.09207
460	4.15823
470	4.21245
480	4.31045
490	4.33947
500	4.44131
510	4.48288
520	4.51348
530	4.57209
540	4.69105
550	4.80921
560	4.84098
570	4.88267
580	4.94641
590	5.08309
600	5.20859
610	5.24742
620	5.35952
630	5.42347
640	5.4938
650	5.63615
660	5.73739
670	5.79014
680	5.91617
690	6.0699
700	6.1337
710	6.26226
720	6.31871
730	6.4203
740	6.48372
750	6.59925
760	6.634
770	6.74165
780	6.8331
790	6.88805
800	7.01627
810	7.18291
820	7.34958
830	7.45452
840	7.50434
850	7.54784
860	7.58398
870	7.63381
880	7.7569
890	7.82313
900	7.88907
910	7.98064
920	8.0246
930	8.05099
940	8.14038
950	8.21639
960	8.26693
970	8.291
980	8.34223
990	8.39279
1000	8.43171
1010	8.50424
1020	8.62482
1030	8.65788
1040	8.75355
1050	8.78202
1060	8.88313
1070	9.04409
1080	9.1302
1090	9.17552
74
360	3.06284
370	3.22951
380	3.39618
390	3.56284
400	3.72951
410	3.88893
420	3.90968
430	3.98024
440	4.04064
450	4.15824
460	4.18692
470	4.26077
480	4.3337
490	4.38074
500	4.4934
510	4.51848
520	4.54361
530	4.62308
540	4.74068
550	4.83304
560	4.89262
570	4.91913
580	5.00898
590	5.13983
600	5.234
610	5.29359
620	5.43004
630	5.4601
640	5.55888
650	5.7203
660	5.76894
670	5.84937
680	5.96961
690	6.09552
700	6.18885
710	6.29251
720	6.366
730	6.44449
740	6.54319
750	6.62307
760	6.68736
770	6.81311
780	6.86391
790	6.94466
800	7.08122
810	7.24605
820	7.41272
830	7.48308
840	7.55599
850	7.58435
860	7.61357
870	7.6904
880	7.81312
890	7.85472
900	7.94174
910	8.00788
920	8.05409
930	8.09329
940	8.19333
950	8.24455
960	8.2898
970	8.33135
980	8.37123
990	8.44436
1000	8.4693
1010	8.57044
1020	8.64896
1030	8.70541
1040	8.77671
1050	8.82924
1060	8.95527
1070	9.10922
1080	9.15607
1090	9.19844
74
360	3.1703
370	3.33696
380	3.50363
390	3.6703
400	3.78115
410	3.87207
420	3.88735
430	3.9539
440	4.03812
450	4.14897
460	4.16471
470	4.24681
480	4.30758
490	4.36862
500	4.46339
510	4.49987
520	4.52268
530	4.61038
540	4.76333
550	4.81091
560	4.86817
570	4.9005
580	5.00294
590	5.16355
600	5.21188
610	5.28765
620	5.40603
630	5.4484
640	5.56087
650	5.72465
660	5.74806
670	5.83857
680	5.99321
690	6.07168
700	6.18683
710	6.27081
720	6.36876
730	6.42664
740	6.54518
750	6.601
760	6.67812
770	6.82066
780	6.84579
790	6.93856
800	7.09449
810	7.26116
820	7.42782
830	7.46338
840	7.53176
850	7.56732
860	7.59314
870	7.67969
880	7.80915
890	7.83954
900	7.93987
910	7.98481
920	8.02585
930	8.07736
940	8.19897
950	8.22681
960	8.26302
970	8.32365
980	8.34945
990	8.41434
1000	8.45485
1010	8.56551
1020	8.62443
1030	8.69211
1040	8.75227
1050	8.81986
1060	8.95735
1070	9.1016
1080	9.12606
1090	9.17377
74
360	3.22052
370	3.38719
380	3.55386
390	3.70077
400	3.75686
410	3.83757
420	3.8649
430	3.93315
440	4.06283
450	4.11447
460	4.14241
470	4.2405
480	4.28088
490	4.3585
500	4.4311
510	4.46828
520	4.50286
530	4.608
540	4.76231
550	4.79147
560	4.83511
570	4.89015
580	5.01575
590	5.16332
600	5.19468
610	5.29616
620	5.37339
630	5.44298
640	5.58258
650	5.69034
660	5.73691
670	5.85404
680	5.98301
690	6.05557
700	6.18688
710	6.25088
720	6.33935
730	6.41491
740	6.54855
750	6.5838
760	6.68842
770	6.78616
780	6.83598
790	6.95636
800	7.12217
810	7.28883
820	7.40764
830	7.45055
840	7.4987
850	7.53668
860	7.57884
870	7.69157
880	7.77588
890	7.83233
900	7.93485
910	7.9687
920	7.99912
930	8.078
940	8.17019
950	8.21535
960	8.24091
970	8.2971
980	8.33661
990	8.38193
1000	8.4497
1010	8.57813
1020	8.60691
1030	8.70341
1040	8.73043
1050	8.82546
1060	8.98276
1070	9.06874
1080	9.09705
1090	9.16408
74
360	3.33134
370	3.49801
380	3.66468
390	3.76641
400	3.85141
410	3.90196
420	3.9297
430	4.02857
440	4.12722
450	4.17926
460	4.22297
470	4.33243
480	4.35714
490	4.45242
500	4.50245
510	4.53466
520	4.58911
530	4.7152
540	4.82677
550	4.88187
560	4.91031
570	4.99341
580	5.14417
590	5.2286
600	5.28735
610	5.41762
620	5.45034
630	5.54823
640	5.70732
650	5.76173
660	5.83623
670	5.98032
680	6.05434
690	6.18272
700	6.25175
710	6.36968
720	6.40966
730	6.51327
740	6.61321
750	6.67504
760	6.80847
770	6.85845
780	6.93582
790	7.08253
800	7.2492
810	7.41587
820	7.47713
830	7.54805
840	7.57462
850	7.60578
860	7.67456
870	7.81434
880	7.8509
890	7.93472
900	8.00089
910	8.04673
920	8.08114
930	8.18717
940	8.24092
950	8.28335
960	8.32848
970	8.36658
980	8.43172
990	8.46109
1000	8.56003
1010	8.64271
1020	8.69787
1030	8.76779
1040	8.81998
1050	8.9438
1060	9.10421
1070	9.14652
1080	9.1716
1090	9.25754
74
360	3.43157
370	3.59823
380	3.69099
390	3.7473
400	3.81775
410	3.85806
420	3.91871
430	4.03391
440	4.10602
450	4.14341
460	4.22305
470	4.28801
480	4.3472
490	4.44436
500	4.48051
510	4.51163
520	4.61344
530	4.77073
540	4.79612
550	4.84694
560	4.89736
570	5.02086
580	5.17184
590	5.20788
600	5.31626
610	5.37847
620	5.44788
630	5.58932
640	5.70148
650	5.75326
660	5.8781
670	5.9517
680	6.0729
690	6.1591
700	6.25924
710	6.33257
720	6.42219
730	6.55493
740	6.58653
750	6.69102
760	6.79815
770	6.84418
780	6.96328
790	7.12911
800	7.29578
810	7.41899
820	7.45991
830	7.50815
840	7.5493
850	7.58438
860	7.69252
870	7.78743
880	7.84004
890	7.94636
900	7.97729
910	8.00755
920	8.08354
930	8.1824
940	8.22551
950	8.25137
960	8.30906
970	8.35071
980	8.38913
990	8.45782
1000	8.58704
1010	8.62214
1020	8.71332
1030	8.74449
1040	8.84825
1050	9.01016
1060	9.06845
1070	9.10782
1080	9.167
1090	9.21564
74
360	3.5183
370	3.68497
380	3.73571
390	3.79392
400	3.87803
410	3.90487
420	3.99065
430	4.07016
440	4.16318
450	4.19383
460	4.29323
470	4.33284
480	4.41242
490	4.48242
500	4.51554
510	4.57243
520	4.69964
530	4.80573
540	4.85367
550	4.88976
560	4.96583
570	5.11063
580	5.20744
590	5.26924
600	5.40102
610	5.42619
620	5.5163
630	5.67077
640	5.74296
650	5.82057
660	5.93002
670	6.00828
680	6.15151
690	6.20862
700	6.33306
710	6.38235
720	6.49696
730	6.59099
740	6.64303
750	6.76537
760	6.83826
770	6.90382
780	7.03957
790	7.20623
800	7.3729
810	7.45773
820	7.51911
830	7.5525
840	7.58658
850	7.64213
860	7.768
870	7.83043
880	7.90594
890	7.98226
900	8.0282
910	8.05826
920	8.15682
930	8.22213
940	8.26643
950	8.30658
960	8.34828
970	8.41227
980	8.43754
990	8.52879
1000	8.6223
1010	8.68275
1020	8.74922
1030	8.80635
1040	8.9338
1050	9.07469
1060	9.12189
1070	9.151
1080	9.22765
1090	9.26319
74
360	3.6152
370	3.70275
380	3.74054
390	3.80774
400	3.87249
410	3.93789
420	4.00333
430	4.10797
440	4.15514
450	4.23329
460	4.30228
470	4.35999
480	4.45468
490	4.48571
500	4.52442
510	4.63617
520	4.78334
530	4.8136
540	4.85951
550	4.91721
560	5.04795
570	5.17654
580	5.22165
590	5.3398
600	5.39466
610	5.4717
620	5.61906
630	5.70704
640	5.76847
650	5.86846
660	5.94015
670	6.08189
680	6.14493
690	6.25564
700	6.32566
710	6.42498
720	6.56846
730	6.60088
740	6.70575
750	6.81121
760	6.85723
770	6.97628
780	7.14211
790	7.30877
800	7.43208
810	7.47152
820	7.52169
830	7.56451
840	7.59678
850	7.70195
860	7.79923
870	7.85109
880	7.9603
890	7.99074
900	8.01924
910	8.09447
920	8.19465
930	8.24407
940	8.26647
950	8.32273
960	8.37047
970	8.40417
980	8.48159
990	8.58993
1000	8.63646
1010	8.72246
1020	8.76289
1030	8.87637
1040	9.04077
1050	9.07393
1060	9.12164
1070	9.17569
1080	9.22746
1090	9.30088
74
360	3.6744
370	3.70329
380	3.77753
390	3.83418
400	3.90363
410	3.94742
420	4.05841
430	4.11974
440	4.19829
450	4.26706
460	4.33059
470	4.41375
480	4.45341
490	4.4844
500	4.59155
510	4.74882
520	4.77652
530	4.82438
540	4.88254
550	5.01699
560	5.13703
570	5.18219
580	5.30388
590	5.35811
600	5.43996
610	5.59247
620	5.67033
630	5.71873
640	5.81832
650	5.97956
660	6.0172
670	6.10904
680	6.25316
690	6.28623
700	6.3949
710	6.5296
720	6.56861
730	6.68415
740	6.78095
750	6.80364
760	6.90084
770	7.06115
780	7.22781
790	7.39438
800	7.42391
810	7.48793
820	7.53079
830	7.55624
840	7.65421
850	7.76217
860	7.81039
870	7.92527
880	7.95337
890	7.98504
900	8.06157
910	8.15501
920	8.20782
930	8.23449
940	8.28644
950	8.33849
960	8.37163
970	8.45658
980	8.54911
990	8.60115
1000	8.68607
1010	8.73122
1020	8.85162
1030	8.98555
1040	9.03438
1050	9.08781
1060	9.14522
1070	9.18847
1080	9.265
1090	9.41409
74
360	3.72611
370	3.81753
380	3.85519
390	3.88809
400	3.99848
410	4.09311
420	4.15064
430	4.27225
440	4.29412
450	4.3913
460	4.43152
470	4.46607
480	4.52049
490	4.65253
500	4.75006
510	4.82828
520	4.8584
530	4.96569
540	5.12926
550	5.16488
560	5.27224
570	5.35026
580	5.41712
590	5.54811
600	5.6138
610	5.67293
620	5.77324
630	5.93504
640	6.00676
650	6.07829
660	6.22459
670	6.27059
680	6.35844
690	6.51484
700	6.54961
710	6.64434
720	6.71397
730	6.78192
740	6.85613
750	7.00433
760	7.171
770	7.33767
780	7.41006
790	7.48159
800	7.51276
810	7.54615
820	7.61612
830	7.75451
840	7.78302
850	7.88797
860	7.94218
870	7.98189
880	8.03475
890	8.15113
900	8.18192
910	8.2232
920	8.28772
930	8.31107
940	8.36594
950	8.41181
960	8.53542
970	8.56839
980	8.64613
990	8.70102
1000	8.76943
1010	8.91242
1020	8.99132
1030	9.08911
1040	9.12309
1050	9.1815
1060	9.23748
1070	9.37097
1080	9.53763
1090	9.59083
74
360	3.77754
370	3.8404
380	3.87169
390	3.9645
400	4.09075
410	4.12343
420	4.23527
430	4.27824
440	4.34927
450	4.42208
460	4.46468
470	4.49248
480	4.59962
490	4.70394
500	4.81984
510	4.85488
520	4.97029
530	5.11919
540	5.15674
550	5.2745
560	5.34496
570	5.41453
580	5.47974
590	5.62102
600	5.65353
610	5.75442
620	5.91708
630	5.99944
640	6.06723
650	6.21269
660	6.26493
670	6.35566
680	6.51369
690	6.53938
700	6.59953
710	6.72533
720	6.76717
730	6.84869
740	6.98821
750	7.15414
760	7.32081
770	7.40335
780	7.47115
790	7.50441
800	7.54082
810	7.60377
820	7.73492
830	7.77139
840	7.86663
850	7.93422
860	7.97854
870	8.02293
880	8.14783
890	8.16359
900	8.21912
910	8.25631
920	8.29658
930	8.36356
940	8.3867
950	8.48517
960	8.55951
970	8.61036
980	8.69557
990	8.73673
1000	8.85433
1010	8.954
1020	9.07449
1030	9.11471
1040	9.17541
1050	9.23594
1060	9.3758
1070	9.51563
1080	9.57457
1090	9.64446
74
360	3.85632
370	3.89953
380	3.96946
390	4.10593
400	4.14007
410	4.21352
420	4.31109
430	4.35135
440	4.46019
450	4.48223
460	4.51151
470	4.58001
480	4.71872
490	4.8532
500	4.88711
510	4.99164
520	5.1427
530	5.19016
540	5.30688
550	5.3775
560	5.40242
570	5.49706
580	5.6541
590	5.68241
600	5.7707
610	5.92423
620	6.0327
630	6.08512
640	6.20816
650	6.28925
660	6.39091
670	6.50288
680	6.5654
690	6.60425
700	6.71372
710	6.79738
720	6.85318
730	6.9796
740	7.1461
750	7.31276
760	7.43695
770	7.48029
780	7.53083
790	7.5762
800	7.61012
810	7.71465
820	7.79775
830	7.89242
840	7.96725
850	8.01456
860	8.04586
870	8.14757
880	8.19138
890	8.24081
900	8.27086
910	8.33121
920	8.36444
930	8.40957
940	8.47101
950	8.59691
960	8.62129
970	8.71452
980	8.74951
990	8.83073
1000	8.9796
1010	9.10735
1020	9.14478
1030	9.20979
1040	9.25288
1050	9.36659
1060	9.51714
1070	9.58075
1080	9.68334
1090	9.70065
74
360	3.91328
370	3.99461
380	4.13551
390	4.16133
400	4.25598
410	4.32071
420	4.38241
430	4.46639
440	4.50841
450	4.53066
460	4.6197
470	4.77345
480	4.8599
490	4.92725
500	5.0622
510	5.12834
520	5.24184
530	5.30539
540	5.38206
550	5.43424
560	5.55654
570	5.65924
580	5.72699
590	5.86458
600	6.01685
610	6.05486
620	6.16171
630	6.2279
640	6.33083
650	6.4249
660	6.5161
670	6.5782
680	6.65007
690	6.78601
700	6.82256
710	6.92742
720	7.08899
730	7.25566
740	7.42227
750	7.44894
760	7.52437
770	7.55469
780	7.58573
790	7.65372
800	7.73014
810	7.85144
820	7.92721
830	7.97495
840	8.01917
850	8.07005
860	8.16223
870	8.202
880	8.25997
890	8.31068
900	8.34151
910	8.40517
920	8.42932
930	8.52257
940	8.60382
950	8.648
960	8.73985
970	8.77216
980	8.87453
990	9.03509
1000	9.11589
1010	9.19923
1020	9.22641
1030	9.3153
1040	9.44293
1050	9.50956
1060	9.60355
1070	9.68675
1080	9.72474
1090	9.77081
74
360	3.98768
370	4.12365
380	4.16529
390	4.24872
400	4.33226
410	4.38114
420	4.4806
430	4.51798
440	4.54214
450	4.63251
460	4.76768
470	4.86143
480	4.94973
490	5.03857
500	5.12345
510	5.22549
520	5.30504
530	5.39258
540	5.45139
550	5.57515
560	5.66323
570	5.72536
580	5.86798
590	6.02861
600	6.05716
610	6.13642
620	6.22532
630	6.38401
640	6.4225
650	6.5219
660	6.58597
670	6.65969
680	6.79715
690	6.82782
700	6.9361
710	7.08087
720	7.24754
730	7.41421
740	7.4609
750	7.52245
760	7.54624
770	7.5946
780	7.6312
790	7.72835
800	7.87816
810	7.90817
820	7.95042
830	8.02848
840	8.0699
850	8.17514
860	8.20581
870	8.27094
880	8.31568
890	8.35092
900	8.42199
910	8.43075
920	8.50842
930	8.61999
940	8.64454
950	8.73521
960	8.77818
970	8.88197
980	9.04586
990	9.11372
1000	9.21585
1010	9.24511
1020	9.34451
1030	9.42221
1040	9.5084
1050	9.58046
1060	9.69399
1070	9.74164
1080	9.78059
1090	9.8659
74
360	4.05749
370	4.15732
380	4.19866
390	4.31061
400	4.35118
410	4.43953
420	4.49332
430	4.52948
440	4.58216
450	4.69556
460	4.83364
470	4.9018
480	5.01166
490	5.07998
500	5.20215
510	5.25915
520	5.39245
530	5.42082
540	5.52863
550	5.66035
560	5.69849
570	5.81764
580	5.97111
590	6.03777
600	6.09351
610	6.16286
620	6.30816
630	6.40774
640	6.47504
650	6.57981
660	6.62439
670	6.74983
680	6.80841
690	6.88704
700	7.03978
710	7.20645
720	7.37311
730	7.43973
740	7.4878
750	7.54713
760	7.57179
770	7.60635
780	7.67768
790	7.79921
800	7.8889
810	7.92221
820	7.99922
830	8.0441
840	8.12597
850	8.1949
860	8.26137
870	8.29019
880	8.3458
890	8.38957
900	8.42795
910	8.46005
920	8.56335
930	8.62757
940	8.68431
950	8.75641
960	8.83613
970	8.98951
980	9.08256
990	9.16924
1000	9.22738
1010	9.30195
1020	9.37981
1030	9.45688
1040	9.54244
1050	9.68826
1060	9.7142
1070	9.77449
1080	9.81502
1090	9.9202
74
360	4.13817
370	4.19071
380	4.26538
390	4.36015
400	4.40579
410	4.50812
420	4.53928
430	4.56747
440	4.65044
450	4.79967
460	4.87066
470	4.98893
480	5.05286
490	5.17486
500	5.24038
510	5.35526
520	5.42088
530	5.48548
540	5.6195
550	5.69402
560	5.77776
570	5.92771
580	6.03716
590	6.06678
600	6.13693
610	6.27612
620	6.41697
630	6.46021
640	6.57286
650	6.61646
660	6.69773
670	6.81601
680	6.8674
690	6.98825
700	7.15403
710	7.3207
720	7.44449
730	7.46889
740	7.51681
750	7.57263
760	7.62248
770	7.64852
780	7.74202
790	7.86925
800	7.93411
810	7.97519
820	8.05253
830	8.09973
840	8.20941
850	8.24173
860	8.2972
870	8.3443
880	8.37866
890	8.4332
900	8.45511
910	8.51276
920	8.63984
930	8.66579
940	8.74656
950	8.80932
960	8.93929
970	9.07376
980	9.14028
990	9.24259
1000	9.27663
1010	9.36156
1020	9.43215
1030	9.49907
1040	9.63382
1050	9.71364
1060	9.76504
1070	9.8046
1080	9.86989
1090	10.0046
74
360	4.20341
370	4.31186
380	4.36109
390	4.44033
400	4.50405
410	4.54257
420	4.58715
430	4.68607
440	4.84074
450	4.90402
460	5.00235
470	5.1405
480	5.17915
490	5.30021
500	5.40125
510	5.45986
520	5.57157
530	5.65924
540	5.72504
550	5.87008
560	5.93989
570	6.03871
580	6.09942
590	6.24014
600	6.39048
610	6.42033
620	6.51235
630	6.59117
640	6.6579
650	6.78977
660	6.82282
670	6.93755
680	7.09223
690	7.2589
700	7.41817
710	7.44732
720	7.47396
730	7.54749
740	7.57935
750	7.61803
760	7.67386
770	7.7716
780	7.90008
790	7.94053
800	8.03121
810	8.06691
820	8.15486
830	8.20635
840	8.2833
850	8.30714
860	8.3301
870	8.36754
880	8.42548
890	8.45679
900	8.5269
910	8.64153
920	8.66983
930	8.77779
940	8.92007
950	9.02842
960	9.06725
970	9.15672
980	9.23588
990	9.29861
1000	9.38253
1010	9.4271
1020	9.52094
1030	9.67561
1040	9.71825
1050	9.79045
1060	9.82538
1070	9.91295
1080	10.0117
1090	10.0604
74
360	4.28755
370	4.38285
380	4.42755
390	4.52912
400	4.56373
410	4.58971
420	4.66914
430	4.81608
440	4.91001
450	4.98736
460	5.1327
470	5.18528
480	5.27251
490	5.42461
500	5.45552
510	5.55131
520	5.68028
530	5.72265
540	5.83464
550	5.92154
560	6.02608
570	6.08639
580	6.19493
590	6.3577
600	6.42971
610	6.49399
620	6.61004
630	6.65261
640	6.76438
650	6.83018
660	6.91056
670	7.0582
680	7.22487
690	7.39154
700	7.45604
710	7.49587
720	7.53069
730	7.59846
740	7.63886
750	7.66494
760	7.74363
770	7.89001
780	7.94356
790	8.01599
800	8.07067
810	8.13195
820	8.23138
830	8.26579
840	8.31953
850	8.34953
860	8.39208
870	8.41719
880	8.48147
890	8.51576
900	8.61962
910	8.68107
920	8.74583
930	8.88019
940	9.041
950	9.06872
960	9.1321
970	9.2651
980	9.28742
990	9.37587
1000	9.4252
1010	9.49414
1020	9.6324
1030	9.73488
1040	9.78294
1050	9.8294
1060	9.88929
1070	10.0188
1080	10.0591
1090	10.1385
74
360	4.34016
370	4.36944
380	4.4754
390	4.50581
400	4.54095
410	4.61072
420	4.75547
430	4.84721
440	4.91633
450	5.06059
460	5.12733
470	5.20244
480	5.35102
490	5.39881
500	5.48388
510	5.63427
520	5.66121
530	5.764
540	5.83816
550	5.97333
560	6.009
570	6.10568
580	6.266
590	6.38309
600	6.4335
610	6.5602
620	6.58943
630	6.6932
640	6.77325
650	6.84067
660	6.98361
670	7.15028
680	7.31695
690	7.41572
700	7.43877
710	7.46903
720	7.54405
730	7.57742
740	7.6163
750	7.6743
760	7.80833
770	7.89682
780	7.94245
790	8.02733
800	8.0691
810	8.1882
820	8.20814
830	8.27887
840	8.30615
850	8.32887
860	8.3653
870	8.42562
880	8.45554
890	8.53752
900	8.63909
910	8.66972
920	8.77722
930	8.91131
940	9.02739
950	9.05666
960	9.16262
970	9.23365
980	9.29165
990	9.37992
1000	9.42477
1010	9.54697
1020	9.68588
1030	9.714
1040	9.78899
1050	9.81962
1060	9.92712
1070	10.0095
1080	10.0606
1090	10.1889
74
360	4.39175
370	4.48347
380	4.53239
390	4.56868
400	4.63388
410	4.77335
420	4.87246
430	4.93193
440	5.06632
450	5.15307
460	5.21391
470	5.34955
480	5.42409
490	5.50256
500	5.65209
510	5.68656
520	5.75137
530	5.84947
540	6.00825
550	6.03733
560	6.13881
570	6.30039
580	6.41037
590	6.45994
600	6.58463
610	6.61348
620	6.71057
630	6.80005
640	6.86045
650	6.9957
660	7.16236
670	7.32897
680	7.40637
690	7.45696
700	7.49505
710	7.54237
720	7.59874
730	7.64774
740	7.67889
750	7.7848
760	7.92781
770	7.9603
780	8.05993
790	8.0858
800	8.1857
810	8.22928
820	8.28787
830	8.32155
840	8.34883
850	8.39628
860	8.42807
870	8.47895
880	8.53153
890	8.65922
900	8.68367
910	8.76103
920	8.90483
930	9.02577
940	9.07119
950	9.14705
960	9.26414
970	9.30095
980	9.41269
990	9.43638
1000	9.53253
1010	9.67764
1020	9.73514
1030	9.79373
1040	9.83392
1050	9.91204
1060	10.0391
1070	10.078
1080	10.1918
1090	10.3569
74
360	4.47058
370	4.53529
380	4.58023
390	4.61732
400	4.7316
410	4.88607
420	4.91481
430	5.01983
440	5.16899
450	5.19623
460	5.29971
470	5.4247
480	5.48408
490	5.62022
500	5.68277
510	5.72416
520	5.81051
530	5.96592
540	6.03466
550	6.10724
560	6.25399
570	6.42047
580	6.45028
590	6.54835
600	6.61347
610	6.68535
620	6.8124
630	6.84445
640	6.95333
650	7.11761
660	7.28428
670	7.37076
680	7.47115
690	7.50001
700	7.529
710	7.61449
720	7.64042
730	7.67426
740	7.7453
750	7.89092
760	7.95479
770	8.02583
780	8.08314
790	8.14106
800	8.24713
810	8.26605
820	8.3337
830	8.36497
840	8.38691
850	8.42153
860	8.4864
870	8.51309
880	8.59958
890	8.69392
900	8.72876
910	8.84073
920	8.96666
930	9.08118
940	9.12211
950	9.24026
960	9.29377
970	9.37176
980	9.43587
990	9.48992
1000	9.61779
1010	9.74085
1020	9.77714
1030	9.84079
1040	9.8998
1050	10.0356
1060	10.0738
1070	10.1693
1080	10.3291
1090	10.4091
74
360	4.53009
370	4.5668
380	4.62745
390	4.74314
400	4.87429
410	4.90381
420	5.00475
430	5.12524
440	5.18878
450	5.32205
460	5.39187
470	5.50176
480	5.57931
490	5.66936
500	5.70614
510	5.82266
520	5.97775
530	6.02752
540	6.11544
550	6.27265
560	6.4007
570	6.45645
580	6.58489
590	6.61315
600	6.72009
610	6.79625
620	6.8577
630	6.99765
640	7.16432
650	7.26043
660	7.3642
670	7.45416
680	7.49749
690	7.53351
700	7.59965
710	7.64594
720	7.6691
730	7.76251
740	7.89503
750	7.94071
760	8.00296
770	8.07081
780	8.11949
790	8.22922
800	8.24925
810	8.3233
820	8.34635
830	8.37014
840	8.40838
850	8.46505
860	8.49704
870	8.57526
880	8.68352
890	8.7097
900	8.80885
910	8.94779
920	9.06958
930	9.11029
940	9.22792
950	9.28056
960	9.35638
970	9.42407
980	9.46876
990	9.57711
1000	9.69664
1010	9.77144
1020	9.82728
1030	9.92668
1040	10.0284
1050	10.0828
1060	10.2167
1070	10.3141
1080	10.4298
1090	10.5617
74
360	4.59514
370	4.6672
380	4.80821
390	4.89851
400	4.92929
410	5.0296
420	5.15919
430	5.32288
440	5.37076
450	5.44738
460	5.523
470	5.62804
480	5.69572
490	5.78207
500	5.93388
510	6.02424
520	6.0849
530	6.21523
540	6.3642
550	6.42581
560	6.54949
570	6.60577
580	6.6601
590	6.77887
600	6.82728
610	6.93989
620	7.1039
630	7.19666
640	7.29548
650	7.45416
660	7.49942
670	7.52628
680	7.6029
690	7.62575
700	7.67382
710	7.70019
720	7.79562
730	7.92443
740	7.96838
750	8.03665
760	8.09581
770	8.14388
780	8.26003
790	8.2786
800	8.34714
810	8.37543
820	8.4026
830	8.43528
840	8.49854
850	8.52643
860	8.60863
870	8.70527
880	8.74846
890	8.86131
900	9.02537
910	9.09511
920	9.15571
930	9.28597
940	9.30642
950	9.37817
960	9.44891
970	9.49489
980	9.61052
990	9.7753
1000	9.81666
1010	9.89917
1020	10.0332
1030	10.0757
1040	10.1861
1050	10.2522
1060	10.3855
1070	10.4733
1080	10.5761
1090	10.7367
74
360	4.66342
370	4.78299
380	4.90478
390	4.93539
400	4.99625
410	5.12708
420	5.29374
430	5.38951
440	5.44198
450	5.50901
460	5.60066
470	5.70081
480	5.76827
490	5.90513
500	6.03873
510	6.08824
520	6.20671
530	6.34062
540	6.4157
550	6.55789
560	6.62518
570	6.65522
580	6.74
590	6.82406
600	6.96734
610	7.11498
620	7.17826
630	7.31115
640	7.4739
650	7.49688
660	7.54577
670	7.59405
680	7.65448
690	7.67364
700	7.70906
710	7.76502
720	7.89096
730	7.99244
740	8.02141
750	8.12006
760	8.14008
770	8.21844
780	8.29401
790	8.34439
800	8.38799
810	8.41267
820	8.45912
830	8.49271
840	8.54289
850	8.59466
860	8.7164
870	8.75187
880	8.83513
890	8.98229
900	9.11876
910	9.15318
920	9.25602
930	9.32888
940	9.35913
950	9.45918
960	9.49794
970	9.58788
980	9.74208
990	9.83277
1000	9.8939
1010	10.025
1020	10.0782
1030	10.1638
1040	10.2283
1050	10.343
1060	10.4604
1070	10.5443
1080	10.6947
1090	10.8614
74
360	4.73506
370	4.85988
380	4.92724
390	4.95918
400	5.06972
410	5.21668
420	5.37934
430	5.40728
440	5.45955
450	5.57854
460	5.68218
470	5.72099
480	5.82733
490	5.97962
500	6.04656
510	6.16274
520	6.28184
530	6.38482
540	6.50135
550	6.58281
560	6.63376
570	6.68098
580	6.77439
590	6.92686
600	7.0723
610	7.12916
620	7.2584
630	7.42506
640	7.47374
650	7.52121
660	7.55001
670	7.63002
680	7.65268
690	7.70292
700	7.72675
710	7.82511
720	7.94954
730	7.99407
740	8.06254
750	8.12384
760	8.16839
770	8.27738
780	8.31031
790	8.37098
800	8.40301
810	8.43352
820	8.46468
830	8.53588
840	8.56162
850	8.66113
860	8.73288
870	8.7865
880	8.89966
890	9.05938
900	9.12429
910	9.2074
920	9.28065
930	9.33394
940	9.41485
950	9.4753
960	9.55119
970	9.69793
980	9.81935
990	9.86269
1000	9.9883
1010	10.0504
1020	10.109
1030	10.1828
1040	10.3325
1050	10.4163
1060	10.5122
1070	10.6736
1080	10.8403
1090	11.007
74
360	4.78667
370	4.86112
380	4.90997
390	4.97902
400	5.12104
410	5.28771
420	5.36023
430	5.38471
440	5.48196
450	5.60447
460	5.66696
470	5.73897
480	5.88336
490	5.98298
500	6.07461
510	6.20664
520	6.28828
530	6.43357
540	6.50717
550	6.58446
560	6.6112
570	6.68544
580	6.82146
590	6.97281
600	7.0601
610	7.1622
620	7.32379
630	7.43001
640	7.45728
650	7.51832
660	7.54839
670	7.62904
680	7.64196
690	7.68166
700	7.73289
710	7.84402
720	7.96444
730	7.99542
740	8.09917
750	8.1094
760	8.18142
770	8.26634
780	8.32984
790	8.36237
800	8.38355
810	8.4333
820	8.46337
830	8.51509
840	8.56855
850	8.68496
860	8.72186
870	8.80204
880	8.9523
890	9.07193
900	9.13355
910	9.20447
920	9.29876
930	9.34331
940	9.44468
950	9.4761
960	9.58153
970	9.74428
980	9.80875
990	9.90713
1000	10.0056
1010	10.0347
1020	10.1134
1030	10.2626
1040	10.3651
1050	10.4346
1060	10.5769
1070	10.7436
1080	10.9103
1090	11.0769
74
360	4.84219
370	4.94294
380	4.98019
390	5.0893
400	5.25271
410	5.35491
420	5.4034
430	5.45802
440	5.58449
450	5.69674
460	5.74273
470	5.86
480	5.96613
490	6.08974
500	6.1932
510	6.2726
520	6.42057
530	6.4852
540	6.58936
550	6.64262
560	6.67643
570	6.78206
580	6.94435
590	7.04898
600	7.15164
610	7.31283
620	7.41854
630	7.48894
640	7.52275
650	7.56325
660	7.62361
670	7.66986
680	7.70723
690	7.73493
700	7.81541
710	7.96451
720	8.01283
730	8.08684
740	8.142
750	8.17046
760	8.26706
770	8.31971
780	8.38708
790	8.41468
800	8.44029
810	8.47823
820	8.53909
830	8.57051
840	8.65523
850	8.74913
860	8.79812
870	8.91897
880	9.07306
890	9.13597
900	9.19119
910	9.31335
920	9.35315
930	9.43651
940	9.49352
950	9.56934
960	9.71502
970	9.81484
980	9.89094
990	9.98732
1000	10.061
1010	10.1235
1020	10.2579
1030	10.3911
1040	10.4317
1050	10.5443
1060	10.7086
1070	10.8753
1080	11.042
1090	11.2086
74
360	4.91295
370	4.95483
380	5.03816
390	5.18985
400	5.30602
410	5.39453
420	5.42214
430	5.51424
440	5.67102
450	5.71202
460	5.7943
470	5.90473
480	6.0685
490	6.16725
500	6.227
510	6.3598
520	6.43606
530	6.54494
540	6.60775
550	6.65338
560	6.73613
570	6.88746
580	6.99904
590	7.09764
600	7.25751
610	7.36497
620	7.45763
630	7.49518
640	7.55885
650	7.58137
660	7.64681
670	7.67807
680	7.72153
690	7.76319
700	7.87795
710	8.00286
720	8.04003
730	8.10449
740	8.14798
750	8.21213
760	8.27338
770	8.34718
780	8.39687
790	8.42388
800	8.47006
810	8.50957
820	8.55474
830	8.61687
840	8.74314
850	8.76875
860	8.86597
870	9.02053
880	9.08851
890	9.14764
900	9.25088
910	9.33815
920	9.39443
930	9.47434
940	9.53262
950	9.6638
960	9.7608
970	9.83555
980	9.9279
990	10.0522
1000	10.0888
1010	10.1984
1020	10.3622
1030	10.4076
1040	10.502
1050	10.6599
1060	10.8266
1070	10.9933
1080	11.1599
1090	11.3266
74
360	4.98292
370	5.089
380	5.23476
390	5.30474
400	5.40994
410	5.45915
420	5.58449
430	5.67183
440	5.7234
450	5.82085
460	5.98115
470	6.14781
480	6.18778
490	6.27826
500	6.35524
510	6.45299
520	6.522
530	6.63637
540	6.68645
550	6.81266
560	6.90684
570	7.00706
580	7.16844
590	7.30554
600	7.37081
610	7.45933
620	7.50711
630	7.55127
640	7.58671
650	7.6636
660	7.69178
670	7.73919
680	7.77141
690	7.87615
700	7.99859
710	8.0294
720	8.10401
730	8.16825
740	8.19049
750	8.27423
760	8.38877
770	8.42099
780	8.44782
790	8.48514
800	8.54452
810	8.57554
820	8.65851
830	8.75979
840	8.78539
850	8.88495
860	9.0039
870	9.10706
880	9.15959
890	9.28824
900	9.35905
910	9.39881
920	9.46041
930	9.5919
940	9.67426
950	9.76386
960	9.83045
970	9.97024
980	10.0654
990	10.1413
1000	10.2897
1010	10.3885
1020	10.4441
1030	10.5757
1040	10.7424
1050	10.909
1060	11.0757
1070	11.2424
1080	11.409
1090	11.5757
74
360	5.08286
370	5.21874
380	5.29747
390	5.43865
400	5.46535
410	5.5639
420	5.65789
430	5.72781
440	5.80431
450	5.95125
460	6.11791
470	6.20707
480	6.26473
490	6.35178
500	6.46063
510	6.50723
520	6.62682
530	6.69068
540	6.79965
550	6.89689
560	6.99372
570	7.15276
580	7.28566
590	7.36928
600	7.47338
610	7.51717
620	7.55484
630	7.61408
640	7.64633
650	7.72515
660	7.74568
670	7.78092
680	7.84297
690	7.97784
700	8.05791
710	8.08813
720	8.16708
730	8.21348
740	8.25728
750	8.37407
760	8.43262
770	8.46879
780	8.51551
790	8.53871
800	8.59957
810	8.63753
820	8.74848
830	8.79935
840	8.85409
850	8.98183
860	9.12568
870	9.16789
880	9.27081
890	9.37628
900	9.40317
910	9.46083
920	9.58574
930	9.65529
940	9.75635
950	9.82834
960	9.97181
970	10.0829
980	10.1313
990	10.2526
1000	10.4158
1010	10.4496
1020	10.5541
1030	10.7162
1040	10.8829
1050	11.0496
1060	11.2162
1070	11.3829
1080	11.5496
1090	11.7162
74
360	5.13592
370	5.22847
380	5.38767
390	5.41838
400	5.51867
410	5.58015
420	5.64695
430	5.76884
440	5.93535
450	6.10202
460	6.16259
470	6.18974
480	6.29493
490	6.41397
500	6.4586
510	6.57974
520	6.63038
530	6.75263
540	6.81754
550	6.95136
560	7.11803
570	7.21038
580	7.3089
590	7.42849
600	7.47312
610	7.50905
620	7.57392
630	7.58827
640	7.67513
650	7.69087
660	7.7364
670	7.77467
680	7.88547
690	8.00183
700	8.02221
710	8.08836
720	8.17168
730	8.20541
740	8.31436
750	8.38525
760	8.42804
770	8.45167
780	8.48439
790	8.55292
800	8.57636
810	8.66801
820	8.75703
830	8.78789
840	8.89499
850	9.03351
860	9.10153
870	9.22035
880	9.31749
890	9.3589
900	9.4107
910	9.50314
920	9.58201
930	9.67928
940	9.76805
950	9.92564
960	10.0371
970	10.0881
980	10.2187
990	10.3701
1000	10.4024
1010	10.514
1020	10.6792
1030	10.8459
1040	11.0125
1050	11.1792
1060	11.3459
1070	11.5125
1080	11.6792
1090	11.8459
74
360	5.20399
370	5.35021
380	5.44015
390	5.50237
400	5.57378
410	5.63522
420	5.73264
430	5.89239
440	6.05906
450	6.16396
460	6.20902
470	6.28118
480	6.42575
490	6.46994
500	6.55653
510	6.62876
520	6.73027
530	6.80757
540	6.92958
550	7.09587
560	7.21066
570	7.29448
580	7.44712
590	7.48675
600	7.54082
610	7.57508
620	7.61656
630	7.65671
640	7.72769
650	7.75269
660	7.78549
670	7.85389
680	7.96988
690	8.06042
700	8.08247
710	8.17689
720	8.21907
730	8.28302
740	8.42066
750	8.43827
760	8.47226
770	8.52179
780	8.54558
790	8.6024
800	8.64627
810	8.75907
820	8.80341
830	8.86438
840	8.98781
850	9.09803
860	9.25983
870	9.34177
880	9.38873
890	9.4233
900	9.48184
910	9.60295
920	9.66424
930	9.77705
940	9.91024
950	10.0694
960	10.0984
970	10.1928
980	10.3512
990	10.4197
1000	10.5003
1010	10.6509
1020	10.8175
1030	10.9842
1040	11.1509
1050	11.3175
1060	11.4842
1070	11.6509
1080	11.8175
1090	11.9842
74
360	5.25443
370	5.4204
380	5.4599
390	5.53308
400	5.59217
410	5.6647
420	5.81277
430	5.97943
440	6.12205
450	6.19007
460	6.22971
470	6.33749
480	6.45894
490	6.50112
500	6.59883
510	6.65459
520	6.75839
530	6.83845
540	6.99273
550	7.1594
560	7.22824
570	7.34964
580	7.47217
590	7.51931
600	7.55017
610	7.60194
620	7.62735
630	7.67589
640	7.73589
650	7.77972
660	7.80349
670	7.89257
680	7.99205
690	8.06858
700	8.10829
710	8.2034
720	8.23585
730	8.32434
740	8.43558
750	8.45884
760	8.48607
770	8.52995
780	8.57213
790	8.61397
800	8.68014
810	8.77524
820	8.81938
830	8.90435
840	9.00813
850	9.1666
860	9.30518
870	9.35012
880	9.40442
890	9.43453
900	9.54617
910	9.62781
920	9.69645
930	9.81286
940	9.96231
950	10.0832
960	10.1319
970	10.2632
980	10.4102
990	10.4452
1000	10.5627
1010	10.7056
1020	10.8706
1030	11.0373
1040	11.204
1050	11.3706
1060	11.5373
1070	11.704
1080	11.8706
1090	12.0373
74
360	5.34596
370	5.45254
380	5.49914
390	5.55379
400	5.64018
410	5.79306
420	5.95972
430	6.07592
440	6.16333
450	6.21519
460	6.28467
470	6.42506
480	6.47884
490	6.55263
500	6.62271
510	6.72678
520	6.78953
530	6.92183
540	7.0885
550	7.1929
560	7.2994
570	7.46193
580	7.4974
590	7.54061
600	7.56518
610	7.62662
620	7.64366
630	7.71387
640	7.7547
650	7.79796
660	7.83808
670	7.94983
680	8.07934
690	8.08536
700	8.15055
710	8.23279
720	8.2772
730	8.39326
740	8.4475
750	8.48953
760	8.51541
770	8.54763
780	8.61497
790	8.6401
800	8.72821
810	8.81803
820	8.85456
830	8.96273
840	9.11756
850	9.22789
860	9.34973
870	9.38679
880	9.42231
890	9.49661
900	9.6326
910	9.65926
920	9.75597
930	9.9145
940	10.0812
950	10.111
960	10.2018
970	10.3573
980	10.4278
990	10.4983
1000	10.6395
1010	10.8062
1020	10.9728
1030	11.1395
1040	11.3062
1050	11.4728
1060	11.6395
1070	11.8062
1080	11.9728
1090	12.1395
74
360	5.40692
370	5.43769
380	5.50561
390	5.64824
400	5.8149
410	5.98157
420	6.02403
430	6.11398
440	6.18415
450	6.24978
460	6.38532
470	6.44555
480	6.49095
490	6.58383
500	6.65093
510	6.77016
520	6.93627
530	7.07224
540	7.13452
550	7.27244
560	7.4391
570	7.46889
580	7.4788
590	7.53495
600	7.56061
610	7.61121
620	7.65929
630	7.72221
640	7.76953
650	7.79175
660	7.88333
670	7.99903
680	8.05465
690	8.09663
700	8.20749
710	8.22953
720	8.32569
730	8.42156
740	8.44722
750	8.47391
760	8.5162
770	8.56123
780	8.60195
790	8.66987
800	8.78713
810	8.80936
820	8.89713
830	9.03045
840	9.19678
850	9.31975
860	9.35492
870	9.38968
880	9.46295
890	9.60319
900	9.62758
910	9.72603
920	9.8715
930	10.0382
940	10.079
950	10.1703
960	10.3279
970	10.3967
980	10.4796
990	10.6327
1000	10.7994
1010	10.966
1020	11.1096
1030	11.2754
1040	11.4421
1050	11.6088
1060	11.7754
1070	11.9421
1080	12.1088
1090	12.2754
74
360	5.45901
370	5.53423
380	5.67913
390	5.8458
400	5.99656
410	6.05286
420	6.17969
430	6.20942
440	6.282
450	6.38767
460	6.46047
470	6.51116
480	6.58834
490	6.6631
500	6.80764
510	6.9743
520	7.06276
530	7.16581
540	7.32702
550	7.45578
560	7.49417
570	7.49559
580	7.54557
590	7.57121
600	7.63034
610	7.66533
620	7.74134
630	7.77633
640	7.80402
650	7.8797
660	8.0152
670	8.07319
680	8.10553
690	8.20824
700	8.24313
710	8.32598
720	8.43871
730	8.45782
740	8.4889
750	8.53551
760	8.5691
770	8.61856
780	8.67467
790	8.80219
800	8.83154
810	8.92521
820	9.08097
830	9.20255
840	9.31852
850	9.38012
860	9.41194
870	9.49333
880	9.61612
890	9.65831
900	9.77187
910	9.93641
920	10.0667
930	10.1144
940	10.2335
950	10.3852
960	10.422
970	10.5295
980	10.6918
990	10.8274
1000	10.9917
1010	11.1583
1020	11.325
1030	11.4917
1040	11.6583
1050	11.825
1060	11.9917
1070	12.1583
1080	12.325
1090	12.4917
74
360	5.51299
370	5.63673
380	5.77404
390	5.94022
400	6.0139
410	6.13303
420	6.19933
430	6.23491
440	6.34044
450	6.45257
460	6.48753
470	6.56754
480	6.62535
490	6.76279
500	6.92946
510	7.02139
520	7.13035
530	7.29512
540	7.45492
550	7.48404
560	7.5026
570	7.51808
580	7.56354
590	7.61186
600	7.64555
610	7.71884
620	7.75686
630	7.80126
640	7.83994
650	7.94209
660	8.05684
670	8.09391
680	8.18645
690	8.23369
700	8.27316
710	8.37536
720	8.45015
730	8.4922
740	8.52111
750	8.55284
760	8.62122
770	8.65243
780	8.76356
790	8.81871
800	8.89119
810	9.01115
820	9.1552
830	9.30362
840	9.34712
850	9.40653
860	9.46693
870	9.59909
880	9.64099
890	9.74472
900	9.90819
910	10.0663
920	10.0956
930	10.2043
940	10.3607
950	10.4036
960	10.4922
970	10.6187
980	10.7732
990	10.9398
1000	11.1065
1010	11.2732
1020	11.4398
1030	11.6065
1040	11.7732
1050	11.9398
1060	12.1065
1070	12.2732
1080	12.4398
1090	12.6065
74
360	5.59381
370	5.74442
380	5.89895
390	6.0002
400	6.14398
410	6.20319
420	6.24432
430	6.3057
440	6.43683
450	6.50851
460	6.56299
470	6.62152
480	6.73273
490	6.89636
500	7.01532
510	7.09887
520	7.24884
530	7.41551
540	7.49822
550	7.54266
560	7.54275
570	7.58111
580	7.61299
590	7.67884
600	7.70344
610	7.78967
620	7.815
630	7.84718
640	7.91065
650	8.04386
660	8.11481
670	8.17557
680	8.23729
690	8.27989
700	8.34406
710	8.47793
720	8.50961
730	8.53871
740	8.58196
750	8.62172
760	8.6662
770	8.72977
780	8.85112
790	8.87837
800	8.974
810	9.13129
820	9.29796
830	9.35433
840	9.44229
850	9.46585
860	9.55722
870	9.65112
880	9.72628
890	9.86996
900	10.0366
910	10.1121
920	10.1793
930	10.316
940	10.429
950	10.4722
960	10.5852
970	10.7494
980	10.916
990	11.0827
1000	11.2494
1010	11.416
1020	11.5827
1030	11.7494
1040	11.916
1050	12.0827
1060	12.2494
1070	12.416
1080	12.5827
1090	12.7494
74
360	5.64503
370	5.79461
380	5.89886
390	6.05303
400	6.15961
410	6.22595
420	6.25604
430	6.34405
440	6.49413
450	6.52262
460	6.56758
470	6.63732
480	6.77717
490	6.94384
500	7.02218
510	7.13437
520	7.29863
530	7.4653
540	7.50774
550	7.54223
560	7.54484
570	7.60015
580	7.6234
590	7.67853
600	7.72019
610	7.78937
620	7.83563
630	7.86044
640	7.95094
650	8.09967
660	8.12295
670	8.1786
680	8.26263
690	8.28997
700	8.37544
710	8.48127
720	8.52693
730	8.55336
740	8.58699
750	8.65512
760	8.6789
770	8.77156
780	8.85096
790	8.90626
800	9.03339
810	9.19997
820	9.32436
830	9.37353
840	9.44189
850	9.49073
860	9.61139
870	9.65991
880	9.76387
890	9.92554
900	10.092
910	10.1253
920	10.2216
930	10.379
940	10.4327
950	10.4952
960	10.6294
970	10.7961
980	10.9628
990	11.1294
1000	11.2961
1010	11.4628
1020	11.6294
1030	11.7961
1040	11.9628
1050	12.1294
1060	12.2961
1070	12.4628
1080	12.6294
1090	12.7961
74
360	5.70766
370	5.86388
380	6.03055
390	6.14814
400	6.19781
410	6.24539
420	6.32031
430	6.44595
440	6.50557
450	6.53411
460	6.60659
470	6.75571
480	6.92237
490	6.98692
500	7.10393
510	7.2701
520	7.43677
530	7.49892
540	7.54246
550	7.54823
560	7.56762
570	7.61007
580	7.66626
590	7.69832
600	7.78789
610	7.81221
620	7.84777
630	7.91373
640	8.02666
650	8.10781
660	8.13086
670	8.22289
680	8.28003
690	8.34192
700	8.48035
710	8.50449
720	8.53801
730	8.58357
740	8.6251
750	8.66602
760	8.7385
770	8.85177
780	8.87879
790	8.98384
800	9.14783
810	9.31446
820	9.34703
830	9.44264
840	9.47069
850	9.579
860	9.63595
870	9.71739
880	9.87189
890	10.0386
900	10.1085
910	10.1827
920	10.3035
930	10.431
940	10.4673
950	10.5847
960	10.7509
970	10.9176
980	11.0843
990	11.2509
1000	11.4176
1010	11.5843
1020	11.7509
1030	11.9176
1040	12.0843
1050	12.2509
1060	12.4176
1070	12.5843
1080	12.7509
1090	12.9176
74
360	5.80122
370	5.96776
380	6.13442
390	6.16822
400	6.24148
410	6.27279
420	6.37748
430	6.49792
440	6.52862
450	6.56962
460	6.68434
470	6.84947
480	6.94831
490	7.0423
500	7.20027
510	7.36694
520	7.47535
530	7.50711
540	7.55223
550	7.55276
560	7.59847
570	7.62677
580	7.68756
590	7.72791
600	7.79688
610	7.84332
620	7.86798
630	7.9594
640	8.06744
650	8.1188
660	8.16009
670	8.27507
680	8.30259
690	8.39622
700	8.48582
710	8.53563
720	8.5606
730	8.5947
740	8.66285
750	8.68861
760	8.78593
770	8.86037
780	8.92304
790	9.05913
800	9.2258
810	9.32945
820	9.38218
830	9.45053
840	9.51445
850	9.62839
860	9.66857
870	9.78235
880	9.94727
890	10.1052
900	10.1328
910	10.2331
920	10.3938
930	10.4464
940	10.5344
950	10.6892
960	10.8558
970	11.0225
980	11.1892
990	11.3558
1000	11.5225
1010	11.6892
1020	11.8558
1030	12.0225
1040	12.1892
1050	12.3558
1060	12.5225
1070	12.6892
1080	12.8558
1090	13.0225
74
360	5.85655
370	6.02322
380	6.16162
390	6.20129
400	6.2559
410	6.32198
420	6.45318
430	6.51559
440	6.54542
450	6.61977
460	6.77068
470	6.89686
480	6.98691
490	7.14366
500	7.31033
510	7.40321
520	7.51511
530	7.529
540	7.56527
550	7.56977
560	7.62382
570	7.6611
580	7.70326
590	7.77677
600	7.81428
610	7.86081
620	7.89809
630	8.00426
640	8.08777
650	8.13575
660	8.20348
670	8.29328
680	8.33707
690	8.44628
700	8.50433
710	8.54868
720	8.59576
730	8.62162
740	8.6759
750	8.72959
760	8.84336
770	8.88446
780	8.9778
790	9.12639
800	9.29258
810	9.35099
820	9.43849
830	9.4736
840	9.57273
850	9.64302
860	9.71572
870	9.84604
880	10.0111
890	10.1184
900	10.1737
910	10.3107
920	10.4373
930	10.4811
940	10.5987
950	10.753
960	10.9197
970	11.0863
980	11.253
990	11.4197
1000	11.5863
1010	11.753
1020	11.9197
1030	12.0863
1040	12.253
1050	12.4197
1060	12.5863
1070	12.753
1080	12.9197
1090	13.0863
74
360	5.94818
370	6.11484
380	6.17586
390	6.25561
400	6.28371
410	6.39149
420	6.50563
430	6.54119
440	6.58446
450	6.70298
460	6.80778
470	6.96613
480	7.1328
490	7.28005
500	7.34767
510	7.48838
520	7.52023
530	7.54321
540	7.5704
550	7.59336
560	7.63738
570	7.70069
580	7.73725
590	7.81432
600	7.83915
610	7.8718
620	7.94365
630	8.03953
640	8.13415
650	8.16335
660	8.26993
670	8.30664
680	8.3842
690	8.50177
700	8.53784
710	8.56757
720	8.60635
730	8.6684
740	8.69794
750	8.7951
760	8.87315
770	8.92213
780	9.05263
790	9.21929
800	9.33739
810	9.40163
820	9.4597
830	9.53236
840	9.64143
850	9.67599
860	9.79192
870	9.95299
880	10.1088
890	10.1425
900	10.243
910	10.4057
920	10.4549
930	10.5447
940	10.7028
950	10.8472
960	11.0139
970	11.1805
980	11.3472
990	11.5139
1000	11.6805
1010	11.8472
1020	12.0139
1030	12.1805
1040	12.3472
1050	12.5139
1060	12.6805
1070	12.8472
1080	13.0139
1090	13.1805
74
360	6.00242
370	6.16871
380	6.19655
390	6.26077
400	6.31279
410	6.44654
420	6.51743
430	6.5507
440	6.62337
450	6.71916
460	6.87104
470	7.03771
480	7.20438
490	7.28765
500	7.42375
510	7.50789
520	7.52539
530	7.54837
540	7.57556
550	7.60823
560	7.6579
570	7.70585
580	7.7455
590	7.81947
600	7.85994
610	7.88544
620	7.96942
630	8.06254
640	8.13932
650	8.20043
660	8.2881
670	8.32151
680	8.4173
690	8.50786
700	8.55743
710	8.58644
720	8.61937
730	8.68338
740	8.72065
750	8.81931
760	8.88209
770	8.95001
780	9.09669
790	9.26335
800	9.34958
810	9.44764
820	9.47824
830	9.57713
840	9.64729
850	9.69931
860	9.8334
870	9.99107
880	10.1253
890	10.1666
900	10.2904
910	10.4446
920	10.4766
930	10.5905
940	10.7344
950	10.8981
960	11.0648
970	11.2314
980	11.3981
990	11.5648
1000	11.7314
1010	11.8981
1020	12.0648
1030	12.2314
1040	12.3981
1050	12.5648
1060	12.7314
1070	12.8981
1080	13.0648
1090	13.2314
