0	0	60	3523	56.2479	
0	1	60	3846	63.9176	
0	2	60	3594	58.7572	
1	0	60	3581	58.9247	
1	1	60	3854	63.9297	
1	2	60	3603	59.8275	
2	0	60	3683	60.5251	
2	1	60	3848	64.1228	
2	2	60	3697	60.5924	
3	0	60	3747	61.7178	
3	1	60	3846	63.9894	
3	2	60	3709	61.5275	
4	0	60	3804	63.0036	
4	1	60	3845	64.0324	
4	2	60	3765	62.2055	
5	0	60	3844	63.5717	
5	1	60	3841	63.9395	
5	2	60	3794	62.9408	
6	0	60	3862	64.0974	
6	1	60	3843	63.9485	
6	2	60	3813	63.289	
7	0	60	3884	64.2674	
7	1	60	3845	63.8675	
7	2	60	3842	63.7107	
8	0	60	3888	64.4411	
8	1	60	3861	64.2881	
8	2	60	3843	63.9662	
9	0	60	3867	64.5613	
9	1	60	3858	64.2146	
9	2	60	3860	63.9752	
10	0	60	3932	64.7253	
10	1	60	3991	64.8554	
10	2	60	3844	63.9562	
11	0	59.9999	3939	65.4221	
11	1	59.9996	4103	67.0628	
11	2	59.9996	3864	64.1758	
12	0	59.996	3937	65.4899	
12	1	59.9965	4144	68.554	
12	2	59.9974	3925	64.7694	
13	0	59.9988	3954	65.7079	
13	1	59.9995	4192	69.2674	
13	2	59.9995	4013	66.0763	
14	0	59.9595	3953	65.7782	
14	1	59.9761	4214	69.9871	
14	2	59.9692	4080	67.083	
15	0	59.9935	3944	65.6033	
15	1	59.9919	4239	70.175	
15	2	59.9946	4163	68.5763	
16	0	59.9025	3951	65.5837	
16	1	59.876	4215	70.2602	
16	2	59.9136	4159	69.195	
17	0	59.9735	3968	65.9964	
17	1	59.8646	4539	72.6274	
17	2	59.9753	4431	71.0027	
18	0	59.7866	3966	57.5738	
18	1	59.9119	4553	69.3535	
18	2	59.8683	4425	65.4308	
19	0	59.9753	3973	64.6185	
19	1	59.9873	4616	75.0499	
19	2	59.9825	4491	72.2713	
20	0	59.9868	3976	65.8394	
20	1	59.9898	4664	76.8685	
20	2	59.9727	4524	74.2708	
20	3	59.8492	1736	28.8601	
21	0	59.1312	3974	66.9561	
21	1	59.748	4665	77.7482	
21	2	59.3317	4561	76.3402	
21	3	55.2255	1729	31.4304	
22	0	33.4936	3903	118.595	
22	1	41.0266	4605	113.272	
22	2	39.3182	4542	116.069	
23	0	58.1218	4116	68.6401	
23	1	58.7754	4777	79.821	
23	2	54.7639	4668	85.0129	
23	3	58.5869	1785	31.1483	
24	0	58.9212	4218	70.6528	
24	1	59.4607	4934	81.6336	
24	2	59.8538	4621	77.495	
25	0	26.3082	4035	157.586	
25	1	31.8249	4835	153.556	
25	2	34.3567	4321	130.139	
26	0	39.0253	3987	102.854	
26	1	45.0985	4739	106.431	
26	2	44.7086	4141	94.5944	
27	0	58.0588	4031	68.8826	
27	1	56.1178	4790	84.7579	
27	2	57.7828	4092	71.0972	
28	0	36.2602	3796	108.252	
28	1	38.1436	4681	123.94	
28	2	30.1505	3641	129.629	
29	0	40.045	3694	94.143	
29	1	40.452	4569	115.413	
29	2	39.552	3408	89.614	
30	0	21.5753	3662	174.451	
30	1	27.5429	4558	168.089	
30	2	25.1041	3303	135.315	
31	0	17.5183	3718	214.432	
31	1	22.1867	4661	208.869	
31	2	14.6674	3273	226.7	
32	0	50.0323	3742	74.1587	
32	1	57.1857	4701	81.654	
32	2	47.9856	3154	66.9007	
33	0	28.2694	3612	130.466	
33	1	41.095	4618	113.764	
33	2	27.8986	2904	108.724	
34	0	38.4232	3515	93.2678	
34	1	28.3137	4555	162.73	
34	2	37.0069	2706	75.8549	
35	0	42.4775	3481	82.5599	
35	1	47.6224	4509	95.1102	
35	2	37.6454	2590	70.8422	
36	0	29.7206	3367	116.574	
36	1	33.0352	4411	135.247	
36	2	23.3553	2442	109.228	
37	0	23.7534	3317	140.411	
37	1	33.7409	4258	129.262	
37	2	19.2901	2062	118.851	
38	0	18.8128	3360	179.133	
38	1	25.3889	4101	165.696	
38	2	13.1346	1898	156.352	
39	0	9.16799	3479	396.41	
39	1	20.9943	3926	194.256	
39	2	11.552	1697	161.448	
40	0	7.5707	3642	505.832	
40	1	17.9206	3873	220.563	
40	2	8.70883	1626	202.071	
41	0	5.94583	3749	658.916	
41	1	17.6613	3817	221.568	
41	2	5.66886	1563	300.222	
42	0	6.12987	3805	651.292	
42	1	10.2781	3769	375.843	
42	2	4.77804	1515	347.798	
43	0	5.04576	3780	763.557	
43	1	6.10794	3760	636.59	
43	2	4.09789	1484	377.811	
43	3	59.971	1939	32.3027	
44	0	19.1002	3774	197.934	
44	1	7.12664	3740	531.581	
44	2	6.08364	1436	239.818	
44	3	59.4009	1928	32.4459	
45	0	47.0043	3688	79.2684	
45	1	28.5273	3657	129.425	
45	2	30.245	1341	45.9524	
45	3	24.7956	2130	594.338	
46	0	18.3668	3548	197.678	
46	1	21.8712	3500	164.929	
46	2	9.30746	1175	137.273	
47	0	34.0055	3361	101.932	
47	1	35.0087	3324	97.57	
47	2	20.4039	974	53.1665	
48	0	57.9615	3337	57.6259	
48	1	57.5965	3304	57.4133	
48	2	50.255	931	18.938	
49	0	45.9434	3270	71.8813	
49	1	44.1505	3233	74.0563	
49	2	22.8834	849	39.8944	
50	0	47.3202	3249	68.8528	
50	1	43.9632	3210	73.5054	
50	2	21.8404	808	39.4701	
51	0	59.2787	3238	54.5244	
51	1	58.5279	3188	54.4529	
51	2	53.8038	784	14.7551	
51	3	59.5064	316	5.49595	
52	0	59.9589	3231	53.6393	
52	1	59.8635	3184	52.9837	
52	2	59.8211	772	12.9354	
52	3	59.8885	348	5.88266	
53	0	59.9722	3230	53.7431	
53	1	59.9629	3189	53.0768	
53	2	59.9257	746	12.6352	
53	3	59.8876	559	9.52718	
54	0	59.8791	3199	53.4602	
54	1	59.8661	3167	52.9259	
54	2	59.4664	711	12.2001	
54	3	59.2793	642	11.0804	
55	0	59.8371	3199	53.1097	
55	1	59.9098	3187	52.6588	
55	2	59.6256	698	11.7448	
55	3	59.3304	629	10.6497	
56	0	59.9713	3208	53.2395	
56	1	59.9716	3173	52.8434	
56	2	59.9478	684	11.4918	
56	3	59.9435	716	12.0239	
57	0	59.6072	3191	53.3418	
57	1	59.603	3157	52.7289	
57	2	58.1897	647	11.3737	
57	3	58.696	703	12.2089	
58	0	58.2284	3181	45.8799	
58	1	56.4316	3147	45.7674	
58	2	44.5446	637	9.73125	
58	3	49.056	693	7.55208	
59	0	59.4698	3157	51.2665	
59	1	59.1403	3126	50.8869	
59	2	56.0014	600	9.42081	
59	3	59.1	1469	22.5758	
60	0	59.8092	3140	52.2419	
60	1	59.4855	3111	52.2641	
60	2	58.3627	571	10.002	
60	3	59.2169	1453	24.5779	
61	0	59.7915	3128	51.9054	
61	1	59.6422	3122	51.852	
61	2	59.1457	556	9.43582	
61	3	59.6545	1442	24.0512	
62	0	59.8944	3122	51.8917	
62	1	59.9358	3109	51.68	
62	2	59.6184	543	9.16351	
62	3	59.8794	1436	24.0311	
63	0	59.9953	3126	51.7925	
63	1	59.9806	3102	51.5313	
63	2	59.0926	534	9.07624	
63	3	60	1436	23.9365	
64	0	59.1588	3082	52.3723	
64	1	59.7106	3062	51.512	
64	2	57.7438	466	8.63793	
65	0	47.6734	2909	62.5044	
65	1	38.1119	2892	78.7217	
65	2	14.377	271	26.5717	
66	0	34.3449	2888	73.4958	
66	1	28.4915	2863	87.4345	
66	2	6.43943	239	42.0694	
67	0	24.4931	2748	113.904	
67	1	30.7954	2720	87.6538	
67	2	0.716955	311	346.89	
68	0	11.5803	2615	242.919	
68	1	20.1078	2598	135.582	
68	2	0.80478	478	520.731	
68	3	26.5842	1851	72.8362	
69	0	18.9283	2572	137.958	
69	1	18.6595	2549	139.112	
69	2	1.89742	2118	655.723	
69	3	56.6928	1807	32.2377	
70	0	59.6565	2446	42.1002	
70	1	59.7192	2419	41.5721	
70	2	33.9472	2533	74.7108	
70	3	59.4581	1683	29.3121	
71	0	59.8589	2438	40.619	
71	1	59.445	2414	40.4573	
71	2	59.7476	2524	42.1661	
71	3	59.7646	1673	27.9863	
72	0	59.867	2442	38.4243	
72	1	59.4778	2407	38.2824	
72	2	59.7529	2518	39.6502	
72	3	59.4347	1668	27.8057	
73	0	59.5715	2449	40.8025	
73	1	59.6987	2392	39.9024	
73	2	59.6741	2484	41.685	
73	3	59.5506	1630	27.6644	
74	0	59.8128	2442	40.8037	
74	1	59.3405	2387	40.0943	
74	2	59.5734	2483	41.5602	
74	3	58.7564	1623	27.715	
75	0	45.7923	2354	52.1673	
75	1	36.3304	2293	64.8582	
75	2	34.2496	2386	71.4482	
76	0	44.2565	2321	53.0013	
76	1	40.2264	2277	57.0426	
76	2	45.1715	2388	53.114	
76	3	59.9444	1949	32.7354	
76	4	59.9419	1486	25.1483	
77	0	59.9974	2319	38.5645	
77	1	59.9968	2296	37.911	
77	2	59.9974	2397	39.7584	
77	3	59.9978	1951	32.4211	
77	4	59.9975	1483	24.6895	
78	0	59.985	2313	38.484	
78	1	59.9732	2320	38.3042	
78	2	59.9838	2385	39.7295	
78	3	59.9818	1948	32.3899	
78	4	59.9765	1477	24.599	
79	0	59.9865	2296	38.346	
79	1	59.9878	2357	39.0338	
79	2	59.9865	2370	39.6375	
79	3	59.9856	1939	32.3595	
79	4	59.9764	1458	24.4385	
80	0	59.9942	2294	38.2398	
80	1	59.9949	2342	39.1638	
80	2	59.9943	2387	39.5427	
80	3	59.9938	1937	32.2865	
80	4	59.9907	1440	24.1398	
81	0	60	2294	38.1669	
81	1	60	2343	38.9775	
81	2	60	2381	39.635	
81	3	60	1942	32.2661	
81	4	60	1440	23.9566	
82	0	59.9983	2327	38.3676	
82	1	59.9993	2347	39.0529	
82	2	59.9993	2377	39.625	
82	3	59.999	1950	32.4124	
82	4	59.9986	1436	23.9524	
83	0	60	2331	38.7274	
83	1	60	2352	39.0908	
83	2	60	2378	39.5562	
83	3	60	1957	32.497	
83	4	60	1437	23.8974	
84	0	60	2328	38.7522	
84	1	60	2358	39.1596	
84	2	60	2378	39.5538	
84	3	60	1962	32.5928	
84	4	60	1436	23.896	
85	0	59.9973	2330	38.7629	
85	1	59.9978	2346	39.169	
85	2	59.9982	2377	39.5685	
85	3	59.9931	1968	32.7136	
85	4	60	1436	23.9399	
86	0	59.5506	2232	38.3118	
86	1	59.5858	2155	37.7628	
86	2	59.5154	2273	39.067	
86	3	59.3546	1887	32.4829	
87	0	59.9822	2224	37.0585	
87	1	59.8486	2124	35.6853	
87	2	59.9455	2263	37.7586	
87	3	59.9772	1883	31.364	
88	0	59.8548	2212	36.9532	
88	1	59.892	2088	35.0828	
88	2	59.5548	2242	37.7431	
88	3	59.6243	1866	31.3584	
89	0	59.6066	2150	36.4912	
89	1	59.5629	1998	34.2387	
89	2	59.4889	2181	37.1067	
89	3	56.5993	1814	32.4956	
90	0	36.9489	2070	56.9658	
90	1	32.5013	1905	60.0496	
90	2	31.6748	2096	67.5825	
91	0	22.1646	1983	91.721	
91	1	21.9188	1810	84.7356	
91	2	23.3854	2010	87.7049	
92	0	39.363	1885	49.3711	
92	1	38.8304	1697	45.243	
92	2	41.8068	1907	46.7688	
93	0	36.1911	1758	50.5735	
93	1	29.8287	1559	55.0382	
93	2	34.9061	1782	53.1685	
94	0	18.7089	1573	91.3135	
94	1	15.8415	1356	96.6664	
94	2	18.9876	1597	91.1602	
95	0	14.1435	1568	114.806	
95	1	13.6695	1292	101.798	
95	2	18.9724	1570	85.2079	
96	0	59.302	1565	26.0812	
96	1	28.9691	1284	43.3679	
96	2	30.4502	1565	50.7303	
96	3	59.8816	1485	24.5389	
97	0	59.9371	1548	25.9219	
97	1	23.2034	1443	57.9809	
97	2	54.5758	1548	28.4159	
97	3	59.8729	1468	24.6184	
98	0	59.5515	1536	25.7435	
98	1	39.1779	1501	37.3898	
98	2	59.673	1536	25.6923	
98	3	59.7853	1456	24.3123	
99	0	59.9772	1532	25.5112	
99	1	58.3492	1532	26.1534	
99	2	59.9915	1532	25.5057	
99	3	59.9918	1453	24.1788	
100	0	59.9807	1525	25.4313	
100	1	59.9823	1525	25.4311	
100	2	59.982	1525	25.4311	
100	3	59.9808	1445	24.1031	
101	0	59.9653	1517	25.2821	
101	1	59.965	1517	25.2816	
101	2	59.9643	1517	25.2823	
101	3	59.9681	1437	23.9534	
102	0	60	1517	25.2343	
102	1	60	1517	25.2343	
102	2	60	1517	25.2343	
102	3	60	1437	23.9063	
103	0	60	1517	25.2343	
103	1	60	1517	25.2343	
103	2	60	1517	25.2343	
103	3	60	1437	23.9062	
104	0	60	1517	25.2093	
104	1	60	1517	25.2093	
104	2	60	1517	25.2093	
104	3	60	1437	23.8827	
105	0	60	1517	25.1972	
105	1	60	1517	25.1972	
105	2	60	1517	25.1972	
105	3	60	1437	23.871	
106	0	60	1517	25.2242	
106	1	60	1517	25.2242	
106	2	59.9998	1517	25.2243	
106	3	60	1437	23.8967	
107	0	59.9996	1516	25.1666	
107	1	59.9996	1516	25.1666	
107	2	59.9996	1516	25.1666	
107	3	59.9991	1436	23.842	
108	0	59.9963	1516	25.2081	
108	1	59.9962	1516	25.2079	
108	2	59.9318	1516	25.2374	
108	3	60	1436	23.9403	
109	0	59.9195	1512	25.0374	
109	1	59.9455	1512	25.0215	
109	2	59.7101	1512	25.1276	
110	0	59.9877	1505	25.0877	
110	1	59.9792	1505	25.0915	
110	2	59.9831	1505	25.0894	
111	0	59.9475	1485	24.9	
111	1	59.6555	1485	25.0252	
111	2	59.9481	1485	24.9003	
112	0	59.9978	1483	24.6924	
112	1	59.9979	1483	24.6924	
112	2	59.9978	1483	24.6923	
113	0	59.9859	1472	24.5953	
113	1	59.9859	1472	24.5956	
113	2	59.9854	1472	24.5956	
114	0	59.9978	1470	24.4713	
114	1	59.9957	1470	24.472	
114	2	59.9964	1470	24.4721	
115	0	59.9737	1467	24.3387	
115	1	59.9495	1467	24.3492	
115	2	59.9777	1467	24.3348	
116	0	59.9936	1464	24.3611	
116	1	59.995	1464	24.3613	
116	2	59.9937	1464	24.3615	
117	0	59.9771	1457	24.2721	
117	1	59.9753	1457	24.2723	
117	2	59.9768	1457	24.2711	
118	0	59.9963	1454	24.215	
118	1	59.9967	1454	24.2148	
118	2	59.9954	1454	24.2152	
119	0	59.9964	1447	24.1526	
119	1	59.9967	1447	24.1525	
119	2	59.9957	1447	24.1528	
120	0	60	1447	24.0646	
120	1	60	1447	24.0646	
120	2	60	1447	24.0646	
121	0	60	1447	24.0866	
121	1	60	1447	24.0866	
121	2	60	1447	24.0866	
122	0	60	1447	24.0747	
122	1	60	1447	24.0747	
122	2	60	1447	24.0747	
123	0	59.9946	1438	24.018	
123	1	59.9951	1438	24.0178	
123	2	59.9961	1438	24.0177	
124	0	60	1437	23.8935	
124	1	60	1437	23.8935	
124	2	60	1437	23.8935	
125	0	59.9987	1436	23.8689	
125	1	59.9982	1436	23.869	
125	2	59.9988	1436	23.8688	
126	0	60	1436	23.8849	
126	1	60	1436	23.8849	
126	2	60	1436	23.8849	
126	3	60	1436	23.8834	
127	0	60	1437	23.879	
127	1	60	1437	23.879	
127	2	60	1437	23.879	
127	3	60	1437	23.8774	
128	0	60	1436	23.894	
128	1	60	1436	23.894	
128	2	60	1436	23.894	
128	3	60	1436	23.8924	
129	0	60	1437	23.8739	
129	1	60	1437	23.8739	
129	2	60	1437	23.8739	
129	3	60	1437	23.8724	
130	0	60	1436	23.8917	
130	1	60	1436	23.8917	
130	2	60	1436	23.8917	
130	3	60	1436	23.9388	
131	0	60	1437	23.9117	
131	1	60	1437	23.9117	
131	2	60	1437	23.9117	
132	0	60	1437	23.7806	
132	1	60	1437	23.7806	
132	2	60	1437	23.7806	
133	0	60	1437	23.9098	
133	1	60	1437	23.9098	
133	2	60	1437	23.9098	
134	0	60	1436	23.9403	
134	1	60	1436	23.9403	
134	2	60	1436	23.9403	

