136
1
1090	0.0209358
2
1080	0.0204778
1090	0.0450096
3
1070	0.0295818
1080	0.0560867
1090	0.0750011
4
1060	0.00497633
1070	0.0337605
1080	0.0598746
1090	0.0944497
5
1050	0.0227992
1060	0.0496572
1070	0.0810516
1080	0.109234
1090	0.117177
6
1040	0.0283193
1050	0.0532532
1060	0.071636
1070	0.0962032
1080	0.130786
1090	0.132821
7
1030	0.0170862
1040	0.0490151
1050	0.0684703
1060	0.0886501
1070	0.112581
1080	0.14748
1090	0.167625
8
1020	0.0184859
1030	0.0493601
1040	0.0692973
1050	0.0898679
1060	0.114578
1070	0.159898
1080	0.168759
1090	0.193038
10
1000	0.00893402
1010	0.0149357
1020	0.0505501
1030	0.0791331
1040	0.0864648
1050	0.12324
1060	0.143028
1070	0.173995
1080	0.190491
1090	0.218304
11
990	0.0240855
1000	0.0262855
1010	0.0656974
1020	0.0942846
1030	0.097279
1040	0.138392
1050	0.149945
1060	0.189147
1070	0.198317
1080	0.230261
1090	0.28204
12
980	0.0101321
990	0.0278734
1000	0.0356442
1010	0.0697309
1020	0.0980725
1030	0.107286
1040	0.14218
1050	0.164345
1060	0.192935
1070	0.211738
1080	0.241303
1090	0.285832
13
970	0.0100441
980	0.0392371
990	0.0395429
1000	0.0808489
1010	0.100423
1020	0.110074
1030	0.135583
1040	0.154731
1050	0.201997
1060	0.208663
1070	0.244553
1080	0.25971
1090	0.300826
14
960	0.0167349
970	0.0543886
980	0.0543886
990	0.082917
1000	0.108528
1010	0.124588
1020	0.136281
1030	0.159875
1040	0.206643
1050	0.21945
1060	0.239363
1070	0.260646
1080	0.306562
1090	0.327297
15
950	0.0234493
960	0.0695401
970	0.0695401
980	0.0831103
990	0.113358
1000	0.139739
1010	0.141607
1020	0.169152
1030	0.198551
1040	0.233908
1050	0.236225
1060	0.259284
1070	0.303278
1080	0.33054
1090	0.352655
16
940	0.0122267
950	0.0321069
960	0.073328
970	0.073328
980	0.100565
990	0.123306
1000	0.143527
1010	0.151181
1020	0.177596
1030	0.202654
1040	0.238904
1050	0.245478
1060	0.263155
1070	0.313762
1080	0.335386
1090	0.360594
18
920	0.0121804
930	0.0150907
940	0.0437985
950	0.0860414
960	0.0884795
970	0.0974372
980	0.123428
990	0.158679
1000	0.162044
1010	0.189395
1020	0.21446
1030	0.228184
1040	0.254056
1050	0.27622
1060	0.318412
1070	0.341417
1080	0.368554
1090	0.384525
19
910	0.0262287
920	0.0273385
930	0.056812
940	0.0784513
950	0.103631
960	0.104062
970	0.13465
980	0.167451
990	0.17383
1000	0.194799
1010	0.21099
1020	0.230513
1030	0.243335
1040	0.269659
1050	0.294491
1060	0.342924
1070	0.360677
1080	0.387777
1090	0.439029
20
900	0.00886438
910	0.0375923
920	0.0500616
930	0.0764108
940	0.114995
950	0.114995
960	0.136319
970	0.166822
980	0.18483
990	0.197407
1000	0.206291
1010	0.222405
1020	0.241971
1030	0.255054
1040	0.294579
1050	0.321293
1060	0.367275
1070	0.396955
1080	0.425597
1090	0.480657
21
890	0.0155497
900	0.0432684
910	0.0539192
920	0.0879787
930	0.126512
940	0.130146
950	0.135721
960	0.163989
970	0.18516
980	0.20629
990	0.21948
1000	0.221628
1010	0.237681
1020	0.257249
1030	0.296672
1040	0.321176
1050	0.370684
1060	0.399204
1070	0.418161
1080	0.4898
1090	0.500968
22
880	0.0203149
890	0.050074
900	0.0726462
910	0.10191
920	0.13381
930	0.149086
940	0.149134
950	0.182928
960	0.18914
970	0.212769
980	0.229697
990	0.23842
1000	0.240918
1010	0.275066
1020	0.280979
1030	0.333346
1040	0.362616
1050	0.395838
1060	0.427168
1070	0.480379
1080	0.509835
1090	0.55196
23
870	0.0219668
880	0.0445799
890	0.0715466
900	0.106468
910	0.140155
920	0.160449
930	0.160449
940	0.162931
950	0.194406
960	0.210269
970	0.2243
980	0.241112
990	0.249883
1000	0.280634
1010	0.286494
1020	0.329379
1030	0.356173
1040	0.400826
1050	0.436694
1060	0.46675
1070	0.521017
1080	0.541035
1090	0.590314
24
860	0.00834174
870	0.0392543
880	0.0652717
890	0.0882638
900	0.129047
910	0.164185
920	0.168025
930	0.168025
940	0.182888
950	0.201993
960	0.21786
970	0.231891
980	0.248711
990	0.259598
1000	0.294006
1010	0.301747
1020	0.352169
1030	0.385142
1040	0.416673
1050	0.447448
1060	0.503744
1070	0.52928
1080	0.571865
1090	0.597977
25
850	0.0226807
860	0.0530696
870	0.0761759
880	0.0921935
890	0.108882
900	0.159782
910	0.183176
920	0.183176
930	0.183176
940	0.199909
950	0.217185
960	0.233195
970	0.249871
980	0.264174
990	0.280929
1000	0.312465
1010	0.366768
1020	0.398755
1030	0.437142
1040	0.467845
1050	0.499488
1060	0.541722
1070	0.567153
1080	0.588438
1090	0.622137
26
840	0.03572
850	0.0564612
860	0.0777171
870	0.0943758
880	0.107411
890	0.152954
900	0.1774
910	0.198328
920	0.198328
930	0.202138
940	0.23217
950	0.240796
960	0.248554
970	0.2732
980	0.298475
990	0.322391
1000	0.365612
1010	0.412489
1020	0.436793
1030	0.463721
1040	0.511243
1050	0.534828
1060	0.562487
1070	0.607209
1080	0.628978
1090	0.672466
27
830	0.010631
840	0.0448806
850	0.0699905
860	0.0854216
870	0.101998
880	0.115224
890	0.166138
900	0.187139
910	0.205904
920	0.205904
930	0.228789
940	0.239746
950	0.24931
960	0.257525
970	0.283882
980	0.314884
990	0.361311
1000	0.391663
1010	0.432207
1020	0.469755
1030	0.485983
1040	0.522858
1050	0.545602
1060	0.576252
1070	0.632146
1080	0.654888
1090	0.685049
28
820	0.0221668
830	0.0467663
840	0.0873381
850	0.0909586
860	0.116753
870	0.120611
880	0.170229
890	0.196612
900	0.221055
910	0.221055
920	0.222415
930	0.254898
940	0.254898
950	0.264697
960	0.288794
970	0.316174
980	0.35385
990	0.383635
1000	0.43764
1010	0.475315
1020	0.485091
1030	0.52804
1040	0.550171
1050	0.577052
1060	0.630931
1070	0.667114
1080	0.696634
1090	0.746584
29
810	0.031314
820	0.0593906
830	0.10249
840	0.103472
850	0.131905
860	0.133014
870	0.184442
880	0.2046
890	0.212376
900	0.236207
910	0.236268
920	0.270049
930	0.270049
940	0.275023
950	0.300976
960	0.331326
970	0.359055
980	0.393638
990	0.45276
1000	0.481809
1010	0.500058
1020	0.532542
1030	0.558261
1040	0.587258
1050	0.646082
1060	0.672522
1070	0.706637
1080	0.761732
1090	0.790118
30
800	0.0345788
810	0.0698907
820	0.0929626
830	0.113853
840	0.13752
850	0.143268
860	0.167539
870	0.203314
880	0.215964
890	0.223988
900	0.24757
910	0.264594
920	0.281413
930	0.281413
940	0.310949
950	0.337073
960	0.351427
970	0.399179
980	0.438618
990	0.474291
1000	0.511421
1010	0.522893
1020	0.558672
1030	0.593366
1040	0.632047
1050	0.66547
1060	0.712178
1070	0.751617
1080	0.782571
1090	0.834016
31
790	0.0493511
800	0.0842094
810	0.100372
820	0.129005
830	0.144095
840	0.158538
850	0.173868
860	0.217571
870	0.226097
880	0.231489
890	0.262721
900	0.271185
910	0.296564
920	0.296564
930	0.323818
940	0.344429
950	0.362047
960	0.413097
970	0.451172
980	0.490704
990	0.526573
1000	0.532753
1010	0.572403
1020	0.608192
1030	0.639555
1040	0.676309
1050	0.725818
1060	0.768308
1070	0.793447
1080	0.849047
1090	0.877614
32
780	0.0533211
790	0.0760466
800	0.099258
810	0.126108
820	0.140704
830	0.155486
840	0.170666
850	0.192392
860	0.229311
870	0.237586
880	0.25281
890	0.278464
900	0.293502
910	0.307928
920	0.316942
930	0.337792
940	0.367881
950	0.383398
960	0.429122
970	0.481255
980	0.509311
990	0.537999
1000	0.576908
1010	0.611724
1020	0.630036
1030	0.666054
1040	0.698461
1050	0.752466
1060	0.799527
1070	0.839433
1080	0.870164
1090	0.922331
33
770	0.0195698
780	0.0680941
790	0.094836
800	0.117524
810	0.134081
820	0.149991
830	0.163078
840	0.179984
850	0.200026
860	0.237033
870	0.245304
880	0.261848
890	0.286166
900	0.302836
910	0.315504
920	0.330092
930	0.347115
940	0.37601
950	0.392566
960	0.436874
970	0.506369
980	0.529817
990	0.555839
1000	0.590419
1010	0.619994
1020	0.638688
1030	0.677922
1040	0.707458
1050	0.787969
1060	0.814594
1070	0.86787
1080	0.900606
1090	0.936902
34
760	0.0227623
770	0.0437875
780	0.0933815
790	0.113244
800	0.133621
810	0.159857
820	0.165337
830	0.180147
840	0.201915
850	0.219469
860	0.252628
870	0.267344
880	0.283325
890	0.313731
900	0.330655
910	0.331466
920	0.346288
930	0.377705
940	0.409134
950	0.439978
960	0.495462
970	0.525106
980	0.563143
990	0.60358
1000	0.624854
1010	0.63969
1020	0.685598
1030	0.706799
1040	0.770667
1050	0.824118
1060	0.879434
1070	0.910957
1080	0.946963
1090	1.01621
35
750	0.0422546
760	0.05629
770	0.08778
780	0.123965
790	0.149118
800	0.170384
810	0.182371
820	0.190097
830	0.220791
840	0.229557
850	0.255039
860	0.283032
870	0.304273
880	0.32101
890	0.349595
900	0.349595
910	0.354867
920	0.381867
930	0.424951
940	0.451903
950	0.524322
960	0.549499
970	0.573304
980	0.607125
990	0.640767
1000	0.65064
1010	0.699352
1020	0.715257
1030	0.799966
1040	0.841953
1050	0.891028
1060	0.930462
1070	0.964135
1080	1.04008
1090	1.08971
36
740	0.0328606
750	0.0499289
760	0.0910536
770	0.115061
780	0.134204
790	0.161997
800	0.189946
810	0.189946
820	0.221162
830	0.228367
840	0.261722
850	0.26717
860	0.292983
870	0.314766
880	0.32935
890	0.35717
900	0.35717
910	0.383027
920	0.399803
930	0.447013
940	0.489574
950	0.535907
960	0.568629
970	0.611767
980	0.635775
990	0.648343
1000	0.68391
1010	0.707247
1020	0.75375
1030	0.838368
1040	0.876992
1050	0.909624
1060	0.958762
1070	1.00892
1080	1.07449
1090	1.13849
38
720	0.0018268
730	0.00275853
740	0.0536182
750	0.0564175
760	0.0948414
770	0.135328
780	0.144476
790	0.169517
800	0.193734
810	0.194148
820	0.232154
830	0.232854
840	0.266402
850	0.278929
860	0.304154
870	0.318557
880	0.333154
890	0.360958
900	0.360975
910	0.392934
920	0.415002
930	0.453326
940	0.515441
950	0.549876
960	0.575118
970	0.615555
980	0.652131
990	0.653191
1000	0.705169
1010	0.714443
1020	0.780699
1030	0.843812
1040	0.896431
1050	0.934769
1060	0.970004
1070	1.05697
1080	1.08909
1090	1.14228
39
710	0.0131904
720	0.0131904
730	0.038914
740	0.0649819
750	0.0983677
760	0.122491
770	0.147191
780	0.176811
790	0.192239
800	0.205098
810	0.227668
820	0.243518
830	0.267956
840	0.279254
850	0.30298
860	0.317056
870	0.330219
880	0.344913
890	0.372322
900	0.390276
910	0.409941
920	0.462095
930	0.495481
940	0.545012
950	0.574373
960	0.624261
970	0.640402
980	0.663495
990	0.677842
1000	0.72208
1010	0.758499
1020	0.824392
1030	0.861442
1040	0.938798
1050	0.974322
1060	1.06025
1070	1.08147
1080	1.12777
1090	1.15903
40
700	0.0167151
710	0.0207662
720	0.0226098
730	0.067954
740	0.0767058
750	0.113844
760	0.153238
770	0.165375
780	0.184794
790	0.200117
800	0.213774
810	0.251094
820	0.252618
830	0.281395
840	0.291745
850	0.310568
860	0.324651
870	0.338035
880	0.352654
890	0.380206
900	0.411874
910	0.436252
920	0.474312
930	0.51345
940	0.558833
950	0.582359
960	0.631878
970	0.647978
980	0.67107
990	0.696062
1000	0.73063
1010	0.780911
1020	0.861013
1030	0.891185
1040	0.964003
1050	1.01448
1060	1.06798
1070	1.08909
1080	1.14699
1090	1.17528
74
360	0
370	0
380	0
390	0
400	0
410	-0.000685741
420	-0.000685741
430	-0.000685741
440	-0.000685741
450	-0.000685741
460	-0.000685741
470	-0.000685741
480	-0.000685741
490	-0.000685741
500	-0.000685741
510	-0.000685741
520	-0.000685741
530	-0.000685741
540	-0.000685741
550	-0.000685741
560	-0.00510978
570	-0.00510978
580	-0.00510978
590	-0.00510978
600	-0.00510978
610	-0.00510978
620	-0.00510978
630	-0.00510978
640	-0.00510978
650	-0.00510978
660	-0.00510978
670	-0.00510978
680	-0.00510978
690	-0.00507335
700	0.0245541
710	0.0245541
720	0.0320373
730	0.0745335
740	0.0881471
750	0.12108
760	0.158055
770	0.169857
780	0.188968
790	0.204849
800	0.222306
810	0.254882
820	0.261685
830	0.286106
840	0.295933
850	0.314403
860	0.3285
870	0.342112
880	0.356946
890	0.387451
900	0.415666
910	0.456947
920	0.486979
930	0.525522
940	0.573538
950	0.598726
960	0.638919
970	0.651766
980	0.674874
990	0.711836
1000	0.738984
1010	0.809405
1020	0.865205
1030	0.913772
1040	0.97301
1050	1.02124
1060	1.07874
1070	1.09925
1080	1.1649
1090	1.19211
74
360	0.0530303
370	0.0530303
380	0.0530303
390	0.0530303
400	0.0530303
410	0.0523446
420	0.0523446
430	0.0523446
440	0.0523446
450	0.0523446
460	0.0523446
470	0.0523446
480	0.0523446
490	0.0523446
500	0.0523446
510	0.0523446
520	0.0523446
530	0.0523446
540	0.0523446
550	0.0523446
560	0.0479205
570	0.0479205
580	0.0479205
590	0.0479205
600	0.0479205
610	0.0479205
620	0.0479205
630	0.0479205
640	0.0479205
650	0.0479205
660	0.0479205
670	0.0615178
680	0.0779163
690	0.0779163
700	0.0810852
710	0.114888
720	0.132508
730	0.169681
740	0.179781
750	0.210553
760	0.234068
770	0.257248
780	0.267484
790	0.268789
800	0.289342
810	0.312407
820	0.337504
830	0.34216
840	0.358478
850	0.376299
860	0.413534
870	0.434106
880	0.457489
890	0.514642
900	0.537056
910	0.567035
920	0.61128
930	0.635645
940	0.675786
950	0.703968
960	0.729937
970	0.767165
980	0.803843
990	0.849954
1000	0.911716
1010	0.939114
1020	1.01499
1030	1.05222
1040	1.09925
1050	1.13509
1060	1.16887
1070	1.21112
1080	1.24662
1090	1.31068
74
360	0.106061
370	0.106061
380	0.106061
390	0.106061
400	0.106061
410	0.105375
420	0.105375
430	0.105375
440	0.105375
450	0.105375
460	0.105375
470	0.105375
480	0.105375
490	0.105375
500	0.105375
510	0.105375
520	0.105375
530	0.105375
540	0.105375
550	0.105375
560	0.100951
570	0.100951
580	0.100951
590	0.100951
600	0.100951
610	0.100951
620	0.100951
630	0.100951
640	0.106442
650	0.130947
660	0.130947
670	0.130947
680	0.146436
690	0.175793
700	0.200366
710	0.214883
720	0.237323
730	0.262554
740	0.288107
750	0.292184
760	0.297262
770	0.323381
780	0.346828
790	0.380791
800	0.39519
810	0.39519
820	0.400543
830	0.437691
840	0.453721
850	0.489752
860	0.534251
870	0.562118
880	0.595134
890	0.605781
900	0.65989
910	0.715984
920	0.744152
930	0.778123
940	0.798081
950	0.852742
960	0.891744
970	0.952492
980	0.993826
990	1.06674
1000	1.08545
1010	1.12174
1020	1.17661
1030	1.20139
1040	1.25392
1050	1.29075
1060	1.35283
1070	1.39688
1080	1.45881
1090	1.49368
74
360	0.159091
370	0.159091
380	0.159091
390	0.159091
400	0.159091
410	0.158405
420	0.158405
430	0.158405
440	0.158405
450	0.158405
460	0.158405
470	0.158405
480	0.158405
490	0.158405
500	0.158405
510	0.158405
520	0.158405
530	0.158405
540	0.158405
550	0.158405
560	0.153981
570	0.153981
580	0.153981
590	0.153981
600	0.153981
610	0.157287
620	0.183977
630	0.183977
640	0.183977
650	0.186056
660	0.228823
670	0.235113
680	0.25805
690	0.286101
700	0.313446
710	0.345214
720	0.345214
730	0.345214
740	0.379501
750	0.391393
760	0.401649
770	0.420365
780	0.448221
790	0.448221
800	0.448221
810	0.477646
820	0.497003
830	0.54097
840	0.572211
850	0.609654
860	0.628916
870	0.657272
880	0.728819
890	0.772357
900	0.83211
910	0.844864
920	0.906159
930	0.925422
940	1.0043
950	1.0301
960	1.11598
970	1.12581
980	1.16864
990	1.21188
1000	1.2436
1010	1.30293
1020	1.33001
1030	1.40114
1040	1.43737
1050	1.50638
1060	1.5424
1070	1.56571
1080	1.65676
1090	1.78149
74
360	0.212121
370	0.212121
380	0.212121
390	0.212121
400	0.212121
410	0.211435
420	0.211435
430	0.211435
440	0.211435
450	0.211435
460	0.211435
470	0.211435
480	0.211435
490	0.211435
500	0.211435
510	0.211435
520	0.211435
530	0.211435
540	0.211435
550	0.211435
560	0.207011
570	0.207011
580	0.207011
590	0.207011
600	0.213357
610	0.237007
620	0.239366
630	0.269988
640	0.287742
650	0.311242
660	0.327887
670	0.343237
680	0.351886
690	0.367981
700	0.398306
710	0.418106
720	0.442475
730	0.453722
740	0.45468
750	0.45468
760	0.47678
770	0.491779
780	0.513108
790	0.544168
800	0.583775
810	0.609163
820	0.625395
830	0.679568
840	0.709351
850	0.787679
860	0.8293
870	0.863863
880	0.898165
890	0.947513
900	0.983442
910	1.05731
920	1.08332
930	1.16901
940	1.17922
950	1.22175
960	1.26479
970	1.29776
980	1.35584
990	1.38574
1000	1.45357
1010	1.49359
1020	1.55909
1030	1.59357
1040	1.62693
1050	1.73527
1060	1.83159
1070	1.87387
1080	1.90344
1090	1.94649
74
360	0.265152
370	0.265152
380	0.265152
390	0.265152
400	0.265152
410	0.264466
420	0.264466
430	0.264466
440	0.264466
450	0.264466
460	0.264466
470	0.264466
480	0.264466
490	0.264466
500	0.264466
510	0.264466
520	0.264466
530	0.264466
540	0.264466
550	0.264466
560	0.260043
570	0.263527
580	0.29446
590	0.290049
600	0.305327
610	0.32241
620	0.343276
630	0.35888
640	0.373123
650	0.390898
660	0.401081
670	0.426068
680	0.436985
690	0.45368
700	0.469558
710	0.485292
720	0.50771
730	0.50771
740	0.516398
750	0.542872
760	0.566328
770	0.593993
780	0.632861
790	0.663474
800	0.72579
810	0.775019
820	0.85521
830	0.886852
840	0.91238
850	0.941788
860	0.964551
870	0.993098
880	1.07446
890	1.11761
900	1.1973
910	1.22013
920	1.26761
930	1.29641
940	1.36644
950	1.40466
960	1.48008
970	1.50914
980	1.58363
990	1.61256
1000	1.64137
1010	1.709
1020	1.82751
1030	1.89637
1040	1.9306
1050	1.98358
1060	2.00879
1070	2.08824
1080	2.12913
1090	2.18104
74
360	0.318182
370	0.318182
380	0.318182
390	0.318182
400	0.318182
410	0.317496
420	0.317496
430	0.317496
440	0.317496
450	0.317496
460	0.317496
470	0.317496
480	0.317496
490	0.317496
500	0.317496
510	0.317496
520	0.317496
530	0.317496
540	0.317496
550	0.317496
560	0.313098
570	0.327785
580	0.34749
590	0.343079
600	0.358369
610	0.376433
620	0.398251
630	0.413143
640	0.440709
650	0.463343
660	0.489422
670	0.490439
680	0.490443
690	0.506868
700	0.523076
710	0.56074
720	0.56074
730	0.584635
740	0.616727
750	0.678317
760	0.702611
770	0.775188
780	0.807968
790	0.875162
800	0.922499
810	0.934203
820	0.97991
830	0.99764
840	1.01525
850	1.06624
860	1.14743
870	1.1853
880	1.25789
890	1.29723
900	1.32226
910	1.40165
920	1.4423
930	1.51514
940	1.54588
950	1.62673
960	1.65191
970	1.67801
980	1.74429
990	1.87057
1000	1.93319
1010	1.97176
1020	2.00784
1030	2.03965
1040	2.11759
1050	2.16857
1060	2.2229
1070	2.25647
1080	2.36281
1090	2.42209
74
360	0.371212
370	0.371212
380	0.371212
390	0.371212
400	0.371212
410	0.370526
420	0.370526
430	0.370526
440	0.370526
450	0.370526
460	0.370526
470	0.370526
480	0.370526
490	0.370526
500	0.370526
510	0.370526
520	0.370526
530	0.370526
540	0.370526
550	0.370526
560	0.375993
570	0.400521
580	0.400521
590	0.414412
600	0.427079
610	0.464997
620	0.485912
630	0.510169
640	0.542856
650	0.54347
660	0.54347
670	0.54347
680	0.543473
690	0.560805
700	0.596739
710	0.636082
720	0.6684
730	0.710775
740	0.801664
750	0.828599
760	0.892767
770	0.9172
780	0.970399
790	0.996678
800	1.03607
810	1.06283
820	1.10479
830	1.19659
840	1.22438
850	1.30652
860	1.3392
870	1.36714
880	1.44461
890	1.48744
900	1.55845
910	1.591
920	1.6725
930	1.69633
940	1.7236
950	1.78654
960	1.89182
970	1.99691
980	2.03487
990	2.06436
1000	2.1507
1010	2.19537
1020	2.25149
1030	2.2849
1040	2.35345
1050	2.42077
1060	2.4643
1070	2.5198
1080	2.56371
1090	2.63472
74
360	0.424242
370	0.424242
380	0.424242
390	0.424242
400	0.424242
410	0.423557
420	0.423557
430	0.423557
440	0.423557
450	0.423557
460	0.423557
470	0.423557
480	0.423557
490	0.423557
500	0.423557
510	0.423557
520	0.423557
530	0.423557
540	0.429442
550	0.453551
560	0.453551
570	0.466123
580	0.48894
590	0.511709
600	0.543163
610	0.578824
620	0.5965
630	0.5965
640	0.5965
650	0.5965
660	0.5965
670	0.596748
680	0.641633
690	0.690041
700	0.749631
710	0.79683
720	0.842489
730	0.874217
740	0.947736
750	0.969127
760	1.02202
770	1.06536
780	1.09048
790	1.11159
800	1.18511
810	1.24065
820	1.30179
830	1.35137
840	1.4
850	1.42929
860	1.52317
870	1.54493
880	1.6221
890	1.65139
900	1.72488
910	1.75764
920	1.77746
930	1.86491
940	1.99464
950	2.0455
960	2.09286
970	2.12927
980	2.19003
990	2.24492
1000	2.28797
1010	2.32589
1020	2.4412
1030	2.49143
1040	2.56186
1050	2.59626
1060	2.6752
1070	2.77179
1080	2.80745
1090	2.89132
74
360	0.477273
370	0.477273
380	0.477273
390	0.477273
400	0.477273
410	0.476587
420	0.476587
430	0.476587
440	0.476587
450	0.476587
460	0.476587
470	0.476587
480	0.476587
490	0.476587
500	0.476587
510	0.482854
520	0.506581
530	0.506581
540	0.51956
550	0.542328
560	0.565014
570	0.596193
580	0.632001
590	0.64953
600	0.64953
610	0.64953
620	0.64953
630	0.64953
640	0.649903
650	0.694643
660	0.743369
670	0.802277
680	0.849998
690	0.895484
700	0.929036
710	1.00273
720	1.0272
730	1.07509
740	1.12803
750	1.15038
760	1.16806
770	1.24784
780	1.29444
790	1.35633
800	1.40474
810	1.45303
820	1.48257
830	1.5762
840	1.5983
850	1.67506
860	1.70459
870	1.77791
880	1.81086
890	1.83086
900	1.91661
910	2.06594
920	2.0935
930	2.14589
940	2.16858
950	2.26402
960	2.30038
970	2.34038
980	2.38587
990	2.50592
1000	2.54582
1010	2.61815
1020	2.65008
1030	2.72837
1040	2.82475
1050	2.86129
1060	2.9442
1070	2.97928
1080	3.0889
1090	3.12455
74
360	0.530303
370	0.530303
380	0.530303
390	0.530303
400	0.530303
410	0.529617
420	0.529617
430	0.529617
440	0.529617
450	0.529617
460	0.529617
470	0.529617
480	0.529617
490	0.534452
500	0.559611
510	0.572162
520	0.595034
530	0.61787
540	0.649224
550	0.684327
560	0.702561
570	0.702561
580	0.702561
590	0.702561
600	0.702561
610	0.702863
620	0.746886
630	0.796164
640	0.854364
650	0.902577
660	0.929818
670	0.998209
680	1.05162
690	1.11671
700	1.14061
710	1.17802
720	1.20897
730	1.22067
740	1.29977
750	1.34723
760	1.40841
770	1.45753
780	1.50606
790	1.53495
800	1.62923
810	1.65078
820	1.72806
830	1.75695
840	1.83094
850	1.86321
860	1.88386
870	1.96966
880	2.1052
890	2.14635
900	2.19892
910	2.22104
920	2.31581
930	2.35303
940	2.39331
950	2.43882
960	2.55653
970	2.5985
980	2.67013
990	2.70271
1000	2.78031
1010	2.87761
1020	2.91491
1030	2.99717
1040	3.03228
1050	3.14028
1060	3.17797
1070	3.25706
1080	3.28792
1090	3.37148
74
360	0.583333
370	0.583333
380	0.583333
390	0.583333
400	0.583333
410	0.582648
420	0.582648
430	0.582648
440	0.582648
450	0.582648
460	0.583956
470	0.612642
480	0.626575
490	0.649079
500	0.67157
510	0.702258
520	0.72312
530	0.755591
540	0.755591
550	0.755591
560	0.755591
570	0.755591
580	0.755591
590	0.773863
600	0.861583
610	0.88246
620	0.954192
630	0.983553
640	1.08505
650	1.11505
660	1.16644
670	1.21284
680	1.23334
690	1.262
700	1.27505
710	1.3548
720	1.4015
730	1.4653
740	1.51249
750	1.55898
760	1.59379
770	1.68202
780	1.707
790	1.78088
800	1.81291
810	1.88383
820	1.91968
830	1.94408
840	2.03977
850	2.18441
860	2.20116
870	2.25132
880	2.28267
890	2.38634
900	2.41496
910	2.44779
920	2.51086
930	2.63817
940	2.66457
950	2.73994
960	2.77547
970	2.88349
980	2.93474
990	3.01013
1000	3.05174
1010	3.12423
1020	3.21425
1030	3.25775
1040	3.31662
1050	3.36954
1060	3.49496
1070	3.55057
1080	3.62161
1090	3.73598
74
360	0.636364
370	0.636364
380	0.636364
390	0.636364
400	0.636364
410	0.635678
420	0.635678
430	0.635678
440	0.657839
450	0.680584
460	0.703082
470	0.708577
480	0.721959
490	0.741664
500	0.755609
510	0.771805
520	0.783351
530	0.808621
540	0.808621
550	0.808621
560	0.828066
570	0.885449
580	0.92319
590	0.982345
600	1.01024
610	1.06493
620	1.14293
630	1.19797
640	1.22808
650	1.27913
660	1.30921
670	1.33357
680	1.42234
690	1.45994
700	1.53735
710	1.57224
720	1.61213
730	1.66685
740	1.73245
750	1.78358
760	1.83355
770	1.89824
780	1.941
790	1.97027
800	2.03064
810	2.16202
820	2.24103
830	2.28676
840	2.32017
850	2.42456
860	2.45337
870	2.48552
880	2.5466
890	2.67834
900	2.70305
910	2.78036
920	2.81182
930	2.91409
940	2.97058
950	3.04308
960	3.08961
970	3.16209
980	3.24904
990	3.29812
1000	3.35473
1010	3.4123
1020	3.54088
1030	3.59015
1040	3.66685
1050	3.77085
1060	3.81062
1070	3.85444
1080	3.91623
1090	4.04901
74
360	0.689394
370	0.689394
380	0.689394
390	0.689394
400	0.689394
410	0.689541
420	0.70164
430	0.718859
440	0.735905
450	0.740778
460	0.761568
470	0.761608
480	0.775024
490	0.794694
500	0.808863
510	0.827289
520	0.861651
530	0.861651
540	0.879505
550	0.965184
560	0.989515
570	1.06463
580	1.09332
590	1.18944
600	1.24422
610	1.2774
620	1.31734
630	1.34576
640	1.39463
650	1.47763
660	1.5238
670	1.57477
680	1.64134
690	1.66616
700	1.76031
710	1.78624
720	1.85676
730	1.8923
740	1.96239
750	1.99527
760	2.02704
770	2.12918
780	2.26353
790	2.29549
800	2.32703
810	2.39432
820	2.46647
830	2.51305
840	2.53906
850	2.63468
860	2.71396
870	2.76992
880	2.81833
890	2.89246
900	2.98434
910	3.03693
920	3.11314
930	3.15564
940	3.26894
950	3.29731
960	3.38119
970	3.4057
980	3.4992
990	3.61109
1000	3.64792
1010	3.75559
1020	3.80919
1030	3.88002
1040	3.90433
1050	3.99357
1060	4.10607
1070	4.14503
1080	4.16711
1090	4.25423
74
360	0.742424
370	0.742424
380	0.742424
390	0.742424
400	0.742424
410	0.742755
420	0.754671
430	0.773774
440	0.788936
450	0.795099
460	0.814602
470	0.814638
480	0.830586
490	0.847725
500	0.864008
510	0.901394
520	0.932652
530	1.01549
540	1.0834
550	1.12047
560	1.19231
570	1.27175
580	1.34901
590	1.3727
600	1.3983
610	1.48187
620	1.52547
630	1.59987
640	1.62492
650	1.68418
660	1.73359
670	1.80208
680	1.8534
690	1.90122
700	1.96719
710	2.01318
720	2.04043
730	2.11373
740	2.25846
750	2.30904
760	2.35802
770	2.3998
780	2.50167
790	2.53005
800	2.56015
810	2.63346
820	2.74775
830	2.78295
840	2.84198
850	2.89183
860	3.01462
870	3.03865
880	3.13248
890	3.1664
900	3.25143
910	3.31817
920	3.34304
930	3.42888
940	3.45253
950	3.54783
960	3.65778
970	3.70176
980	3.81905
990	3.86134
1000	3.92941
1010	3.96043
1020	4.06452
1030	4.15237
1040	4.19206
1050	4.22798
1060	4.30657
1070	4.34469
1080	4.45611
1090	4.48624
74
360	0.795455
370	0.795455
380	0.795455
390	0.795455
400	0.795796
410	0.796264
420	0.807701
430	0.828029
440	0.852003
450	0.852003
460	0.882652
470	0.895064
480	0.946237
490	0.983172
500	1.04952
510	1.09515
520	1.15065
530	1.19989
540	1.32156
550	1.38319
560	1.41564
570	1.46706
580	1.54374
590	1.58937
600	1.63218
610	1.69953
620	1.72866
630	1.82168
640	1.85229
650	1.92392
660	1.96428
670	2.02063
680	2.06287
690	2.09909
700	2.20772
710	2.32848
720	2.37158
730	2.40384
740	2.48304
750	2.53922
760	2.58334
770	2.62752
780	2.74411
790	2.78897
800	2.86588
810	2.89392
820	2.98671
830	3.03948
840	3.06494
850	3.12578
860	3.19224
870	3.24728
880	3.35608
890	3.38939
900	3.46763
910	3.5049
920	3.61458
930	3.69513
940	3.76947
950	3.88272
960	3.91681
970	3.96502
980	4.03441
990	4.17528
1000	4.20307
1010	4.23421
1020	4.30011
1030	4.34639
1040	4.41591
1050	4.49647
1060	4.54158
1070	4.56428
1080	4.65771
1090	4.68342
74
360	0.848485
370	0.848485
380	0.848485
390	0.848485
400	0.848893
410	0.849965
420	0.867124
430	0.901372
440	0.916819
450	0.943203
460	1.00725
470	1.04503
480	1.15785
490	1.19485
500	1.2883
510	1.35538
520	1.42459
530	1.48361
540	1.56445
550	1.61773
560	1.65733
570	1.72198
580	1.753
590	1.83964
600	1.87066
610	1.94777
620	1.98634
630	2.04082
640	2.08984
650	2.11415
660	2.21726
670	2.32466
680	2.37284
690	2.42403
700	2.47322
710	2.54012
720	2.5741
730	2.62369
740	2.67284
750	2.7332
760	2.80568
770	2.86999
780	2.91472
790	2.99424
800	3.07395
810	3.1297
820	3.22047
830	3.25517
840	3.3656
850	3.39791
860	3.47989
870	3.51054
880	3.59662
890	3.70424
900	3.73452
910	3.83043
920	3.92288
930	3.9591
940	4.00081
950	4.06885
960	4.18117
970	4.23314
980	4.27345
990	4.32017
1000	4.38502
1010	4.44569
1020	4.53912
1030	4.57689
1040	4.60327
1050	4.69917
1060	4.72532
1070	4.82422
1080	4.84374
1090	4.87302
74
360	0.901515
370	0.901515
380	0.901515
390	0.901515
400	0.906171
410	0.949513
420	0.985097
430	1.03259
440	1.08736
450	1.13419
460	1.19621
470	1.22095
480	1.3029
490	1.42697
500	1.4622
510	1.54042
520	1.59783
530	1.65743
540	1.69281
550	1.75419
560	1.78827
570	1.87258
580	1.90377
590	1.98152
600	2.0156
610	2.07407
620	2.1224
630	2.14351
640	2.22995
650	2.36332
660	2.39963
670	2.4661
680	2.49451
690	2.58613
700	2.61251
710	2.65499
720	2.69768
730	2.79633
740	2.83772
750	2.91839
760	2.95078
770	3.03189
780	3.10702
790	3.15615
800	3.25433
810	3.28225
820	3.38801
830	3.42904
840	3.50314
850	3.54076
860	3.61788
870	3.7349
880	3.76642
890	3.85062
900	3.95598
910	3.99232
920	4.0353
930	4.10598
940	4.21781
950	4.2716
960	4.30719
970	4.37001
980	4.42059
990	4.49118
1000	4.57257
1010	4.61364
1020	4.63995
1030	4.73126
1040	4.75807
1050	4.84487
1060	4.87595
1070	4.90718
1080	4.98208
1090	5.05366
74
360	0.954545
370	0.957403
380	0.998539
390	1.03144
400	1.08541
410	1.13717
420	1.1825
430	1.24593
440	1.27198
450	1.36019
460	1.49642
470	1.5148
480	1.60301
490	1.64762
500	1.71542
510	1.74185
520	1.80204
530	1.83494
540	1.91999
550	1.94952
560	2.02832
570	2.06262
580	2.12162
590	2.17044
600	2.19208
610	2.28466
620	2.42405
630	2.46816
640	2.51284
650	2.53019
660	2.61695
670	2.65153
680	2.70138
690	2.74731
700	2.86437
710	2.89219
720	2.97921
730	3.01122
740	3.1154
750	3.15727
760	3.24782
770	3.29465
780	3.37707
790	3.4571
800	3.51032
810	3.56644
820	3.62549
830	3.75742
840	3.79014
850	3.87835
860	3.97059
870	4.02089
880	4.06824
890	4.13312
900	4.27051
910	4.30358
920	4.34088
930	4.4043
940	4.44818
950	4.51743
960	4.58969
970	4.64364
980	4.6692
990	4.75523
1000	4.78789
1010	4.87464
1020	4.90637
1030	4.9337
1040	5.00952
1050	5.07956
1060	5.13497
1070	5.26327
1080	5.29601
1090	5.38495
74
360	1.00891
370	1.04099
380	1.10233
390	1.13554
400	1.21413
410	1.2343
420	1.29114
430	1.33083
440	1.44268
450	1.5308
460	1.56545
470	1.67219
480	1.69294
490	1.76176
500	1.79098
510	1.83816
520	1.89012
530	1.95544
540	2.00451
550	2.06489
560	2.11901
570	2.16218
580	2.2049
590	2.24603
600	2.35933
610	2.45299
620	2.50639
630	2.54852
640	2.62002
650	2.66856
660	2.72853
670	2.75691
680	2.85649
690	2.90402
700	2.97907
710	3.02113
720	3.09969
730	3.16891
740	3.2252
750	3.31074
760	3.35302
770	3.46747
780	3.50403
790	3.58846
800	3.61587
810	3.70607
820	3.80501
830	3.85119
840	3.96953
850	4.02507
860	4.09366
870	4.13046
880	4.23942
890	4.31423
900	4.36546
910	4.38837
920	4.47333
930	4.49822
940	4.59276
950	4.63432
960	4.6863
970	4.72527
980	4.80371
990	4.84536
1000	4.9217
1010	4.95653
1020	4.98414
1030	5.083
1040	5.12362
1050	5.20228
1060	5.30886
1070	5.36168
1080	5.42829
1090	5.4788
74
360	1.07132
370	1.1457
380	1.16847
390	1.23767
400	1.26867
410	1.31687
420	1.36879
430	1.48576
440	1.55178
450	1.59177
460	1.69606
470	1.71796
480	1.78063
490	1.82662
500	1.86416
510	1.93662
520	1.98269
530	2.06745
540	2.09977
550	2.16671
560	2.20741
570	2.23563
580	2.32132
590	2.46491
600	2.4903
610	2.5514
620	2.59279
630	2.67542
640	2.70912
650	2.74948
660	2.80982
670	2.91016
680	2.94182
690	3.02224
700	3.05528
710	3.15842
720	3.19878
730	3.27875
740	3.33612
750	3.41294
760	3.50499
770	3.54779
780	3.61214
790	3.66123
800	3.7805
810	3.83379
820	3.91077
830	3.98367
840	4.07918
850	4.11481
860	4.15691
870	4.26578
880	4.33803
890	4.38712
900	4.43623
910	4.48822
920	4.54295
930	4.63674
940	4.67714
950	4.71515
960	4.79284
970	4.83148
980	4.9177
990	4.95121
1000	4.98016
1010	5.05554
1020	5.12108
1030	5.18776
1040	5.31102
1050	5.33818
1060	5.43501
1070	5.46341
1080	5.55401
1090	5.58866
74
360	1.13089
370	1.1659
380	1.23814
390	1.26435
400	1.32548
410	1.36149
420	1.46295
430	1.55474
440	1.58342
450	1.68418
460	1.72089
470	1.74838
480	1.83327
490	1.86969
500	1.95878
510	1.98527
520	2.07269
530	2.10277
540	2.17459
550	2.20835
560	2.23869
570	2.3175
580	2.44725
590	2.48887
600	2.56148
610	2.58624
620	2.66883
630	2.70398
640	2.7547
650	2.80882
660	2.91445
670	2.94743
680	3.0285
690	3.06374
700	3.17139
710	3.20531
720	3.28521
730	3.33474
740	3.40635
750	3.51235
760	3.55399
770	3.6124
780	3.67319
790	3.77414
800	3.83482
810	3.8929
820	3.97125
830	4.06457
840	4.12529
850	4.14809
860	4.22684
870	4.30473
880	4.39576
890	4.43333
900	4.49149
910	4.55311
920	4.6421
930	4.6829
940	4.71631
950	4.79645
960	4.83225
970	4.92135
980	4.9566
990	4.98554
1000	5.05908
1010	5.12259
1020	5.18421
1030	5.31393
1040	5.34401
1050	5.43124
1060	5.46625
1070	5.56201
1080	5.59325
1090	5.67341
74
360	1.19736
370	1.27327
380	1.29692
390	1.35023
400	1.39504
410	1.51099
420	1.57738
430	1.64425
440	1.71733
450	1.74844
460	1.78969
470	1.87172
480	1.90942
490	1.97764
500	2.02103
510	2.09277
520	2.13759
530	2.19365
540	2.24235
550	2.27016
560	2.36833
570	2.49162
580	2.52719
590	2.58071
600	2.6305
610	2.70097
620	2.74791
630	2.78204
640	2.85602
650	2.93396
660	2.98518
670	3.04791
680	3.10055
690	3.20649
700	3.23971
710	3.34371
720	3.3687
730	3.45997
740	3.53109
750	3.56593
760	3.63752
770	3.77685
780	3.81556
790	3.85374
800	3.91481
810	4.00981
820	4.0723
830	4.14711
840	4.17103
850	4.22908
860	4.34289
870	4.41733
880	4.50002
890	4.52659
900	4.62333
910	4.66613
920	4.71832
930	4.76431
940	4.83203
950	4.88269
960	4.9525
970	4.99096
980	5.0218
990	5.12352
1000	5.15553
1010	5.24679
1020	5.33193
1030	5.38315
1040	5.46544
1050	5.50697
1060	5.58846
1070	5.6287
1080	5.74007
1090	5.7939
74
360	1.26826
370	1.30234
380	1.36561
390	1.39903
400	1.51113
410	1.58809
420	1.6394
430	1.73178
440	1.7649
450	1.79016
460	1.88779
470	1.9112
480	1.99353
490	2.02205
500	2.10781
510	2.13907
520	2.20674
530	2.24858
540	2.27439
550	2.3636
560	2.50899
570	2.52725
580	2.59681
590	2.62738
600	2.71721
610	2.74506
620	2.79074
630	2.84758
640	2.94876
650	2.98364
660	3.06151
670	3.10098
680	3.21921
690	3.24238
700	3.33949
710	3.37665
720	3.46587
730	3.53243
740	3.56043
750	3.64096
760	3.79383
770	3.82512
780	3.86617
790	3.92411
800	3.99052
810	4.04949
820	4.12104
830	4.16759
840	4.22996
850	4.37001
860	4.41916
870	4.506
880	4.53652
890	4.63362
900	4.67816
910	4.73034
920	4.76748
930	4.84482
940	4.88509
950	4.96617
960	5.00331
970	5.02574
980	5.11969
990	5.15996
1000	5.24285
1010	5.34609
1020	5.38478
1030	5.47898
1040	5.51312
1050	5.60154
1060	5.63281
1070	5.74255
1080	5.80138
1090	5.8677
74
360	1.33778
370	1.38774
380	1.44157
390	1.56956
400	1.61466
410	1.6842
420	1.75474
430	1.78568
440	1.83128
450	1.90841
460	1.95103
470	2.01511
480	2.06595
490	2.12968
500	2.18351
510	2.23163
520	2.27884
530	2.31329
540	2.42245
550	2.52954
560	2.564
570	2.61831
580	2.66766
590	2.7387
600	2.78954
610	2.82156
620	2.9038
630	2.97333
640	3.04315
650	3.09042
660	3.16977
670	3.24033
680	3.30467
690	3.37898
700	3.42052
710	3.48838
720	3.55551
730	3.63059
740	3.77761
750	3.82599
760	3.851
770	3.88534
780	3.94665
790	4.0593
800	4.09094
810	4.18115
820	4.2101
830	4.31328
840	4.42385
850	4.46497
860	4.53546
870	4.58107
880	4.68921
890	4.71686
900	4.7541
910	4.81691
920	4.86972
930	4.93626
940	4.99079
950	5.02627
960	5.07262
970	5.16678
980	5.20123
990	5.31039
1000	5.37114
1010	5.43843
1020	5.50173
1030	5.56229
1040	5.62387
1050	5.68144
1060	5.81351
1070	5.83883
1080	5.90433
1090	5.9447
74
360	1.39543
370	1.46181
380	1.58097
390	1.62356
400	1.70571
410	1.76337
420	1.79267
430	1.85242
440	1.91537
450	1.97179
460	2.02243
470	2.08549
480	2.13717
490	2.20273
500	2.23995
510	2.28465
520	2.3278
530	2.4449
540	2.53541
550	2.57856
560	2.62521
570	2.68496
580	2.74708
590	2.80858
600	2.86501
610	2.9599
620	3.0072
630	3.07329
640	3.1347
650	3.205
660	3.24514
670	3.32314
680	3.38359
690	3.45661
700	3.53654
710	3.58633
720	3.70515
730	3.81281
740	3.84278
750	3.86341
760	3.89407
770	3.96958
780	4.06508
790	4.10493
800	4.18648
810	4.23212
820	4.34999
830	4.4301
840	4.48072
850	4.54217
860	4.59859
870	4.69505
880	4.73017
890	4.76257
900	4.83808
910	4.87919
920	4.96051
930	5.00056
940	5.03331
950	5.09306
960	5.17269
970	5.21916
980	5.33725
990	5.37973
1000	5.45939
1010	5.51257
1020	5.59306
1030	5.63448
1040	5.71331
1050	5.82157
1060	5.8537
1070	5.91072
1080	5.96714
1090	6.04318
74
360	1.47814
370	1.59507
380	1.65933
390	1.72748
400	1.79939
410	1.82898
420	1.88009
430	1.95221
440	1.99772
450	2.05916
460	2.10887
470	2.17337
480	2.22378
490	2.27491
500	2.32298
510	2.35197
520	2.45069
530	2.57388
540	2.60161
550	2.66116
560	2.68923
570	2.78631
580	2.84529
590	2.92491
600	2.99547
610	3.0567
620	3.10889
630	3.13982
640	3.24065
650	3.28608
660	3.36955
670	3.42079
680	3.48801
690	3.57341
700	3.62232
710	3.74125
720	3.84965
730	3.8695
740	3.89323
750	3.92973
760	3.99313
770	4.09808
780	4.14388
790	4.22101
800	4.26703
810	4.38306
820	4.46744
830	4.52661
840	4.57943
850	4.61794
860	4.72646
870	4.75733
880	4.79803
890	4.85991
900	4.91444
910	4.9893
920	5.03627
930	5.06936
940	5.12409
950	5.20949
960	5.24941
970	5.35933
980	5.41874
990	5.49919
1000	5.54862
1010	5.619
1020	5.67009
1030	5.73603
1040	5.85871
1050	5.88672
1060	5.94708
1070	5.99611
1080	6.07949
1090	6.12128
74
360	1.54224
370	1.6596
380	1.70211
390	1.79953
400	1.83422
410	1.85688
420	1.95314
430	1.9762
440	2.0644
450	2.08801
460	2.18108
470	2.20245
480	2.2798
490	2.31016
500	2.34018
510	2.41478
520	2.54342
530	2.58498
540	2.63471
550	2.67773
560	2.75313
570	2.83667
580	2.897
590	2.9893
600	3.01952
610	3.0799
620	3.12627
630	3.20087
640	3.27821
650	3.33677
660	3.42333
670	3.45953
680	3.57577
690	3.60131
700	3.70078
710	3.81138
720	3.86293
730	3.89086
740	3.93004
750	3.967
760	4.08412
770	4.12072
780	4.21538
790	4.24947
800	4.35154
810	4.46658
820	4.50319
830	4.56609
840	4.60402
850	4.69498
860	4.74831
870	4.79844
880	4.84256
890	4.90741
900	4.95955
910	5.03746
920	5.07374
930	5.10137
940	5.20806
950	5.23247
960	5.3199
970	5.41101
980	5.46556
990	5.54772
1000	5.59344
1010	5.67168
1020	5.71099
1030	5.83051
1040	5.87501
1050	5.94881
1060	5.97468
1070	6.07415
1080	6.10318
1090	6.19463
74
360	1.63285
370	1.69538
380	1.77603
390	1.83065
400	1.86394
410	1.91444
420	1.98791
430	2.03027
440	2.09414
450	2.14628
460	2.20813
470	2.26107
480	2.30936
490	2.35889
500	2.38832
510	2.49046
520	2.60068
530	2.63135
540	2.69374
550	2.7418
560	2.85622
570	2.88848
580	2.98935
590	3.01994
600	3.0623
610	3.14433
620	3.17806
630	3.29174
640	3.31942
650	3.41211
660	3.45504
670	3.52591
680	3.60652
690	3.66028
700	3.76735
710	3.87962
720	3.91086
730	3.94109
740	3.9683
750	4.0579
760	4.12948
770	4.19628
780	4.25279
790	4.32121
800	4.42535
810	4.4978
820	4.55889
830	4.61208
840	4.67561
850	4.76422
860	4.80021
870	4.83385
880	4.91368
890	4.94588
900	5.03296
910	5.07044
920	5.10238
930	5.16347
940	5.24464
950	5.28618
960	5.40898
970	5.45051
980	5.54011
990	5.58343
1000	5.66408
1010	5.70466
1020	5.77878
1030	5.89407
1040	5.9228
1050	5.9799
1060	6.03366
1070	6.11303
1080	6.15865
1090	6.2637
74
360	1.69799
370	1.80231
380	1.82841
390	1.85532
400	1.92642
410	1.97777
420	2.045
430	2.08629
440	2.1597
450	2.20048
460	2.27467
470	2.30523
480	2.34521
490	2.39698
500	2.52263
510	2.59719
520	2.67229
530	2.70716
540	2.81438
550	2.8444
560	2.90272
570	2.97181
580	3.00913
590	3.0725
600	3.1321
610	3.19237
620	3.28696
630	3.32559
640	3.43271
650	3.45997
660	3.56353
670	3.60311
680	3.69043
690	3.838
700	3.87437
710	3.90241
720	3.93656
730	3.99606
740	4.10998
750	4.12891
760	4.22164
770	4.2498
780	4.33944
790	4.47826
800	4.4922
810	4.57334
820	4.60788
830	4.69289
840	4.75339
850	4.8089
860	4.83814
870	4.91702
880	4.95189
890	5.04669
900	5.07869
910	5.10473
920	5.2021
930	5.23995
940	5.32805
950	5.41743
960	5.46843
970	5.55615
980	5.59556
990	5.67953
1000	5.71664
1010	5.83063
1020	5.88083
1030	5.95115
1040	5.97877
1050	6.06918
1060	6.10779
1070	6.19125
1080	6.33066
1090	6.38246
74
360	1.76071
370	1.838
380	1.87479
390	1.90767
400	1.99947
410	2.02433
420	2.10538
430	2.13756
440	2.21929
450	2.25006
460	2.31791
470	2.36065
480	2.38506
490	2.47054
500	2.57368
510	2.6695
520	2.70734
530	2.777
540	2.85496
550	2.89119
560	2.94506
570	3.03193
580	3.05401
590	3.15108
600	3.17872
610	3.27742
620	3.32506
630	3.40821
640	3.46371
650	3.53443
660	3.61286
670	3.66881
680	3.80225
690	3.88409
700	3.91763
710	3.95804
720	3.98122
730	4.0768
740	4.13762
750	4.18658
760	4.26047
770	4.31098
780	4.42968
790	4.50742
800	4.54487
810	4.62087
820	4.66361
830	4.7743
840	4.80373
850	4.84095
860	4.91166
870	4.95352
880	5.03512
890	5.08024
900	5.11104
910	5.17865
920	5.251
930	5.30152
940	5.42974
950	5.46205
960	5.55764
970	5.59492
980	5.67962
990	5.71754
1000	5.8038
1010	5.90132
1020	5.92874
1030	5.98881
1040	6.03855
1050	6.12107
1060	6.16769
1070	6.28717
1080	6.39448
1090	6.42533
74
360	1.81433
370	1.83894
380	1.86349
390	1.93923
400	1.98479
410	2.05482
420	2.0937
430	2.16872
440	2.20744
450	2.28247
460	2.31232
470	2.35063
480	2.40351
490	2.52784
500	2.61528
510	2.64828
520	2.70964
530	2.81605
540	2.84518
550	2.89339
560	2.98906
570	3.02351
580	3.11557
590	3.14528
600	3.23031
610	3.2946
620	3.36538
630	3.43483
640	3.48843
650	3.58731
660	3.62092
670	3.72596
680	3.86012
690	3.88533
700	3.91068
710	3.94291
720	4.00507
730	4.11352
740	4.14182
750	4.23644
760	4.26185
770	4.3576
780	4.47796
790	4.51228
800	4.5951
810	4.62667
820	4.72957
830	4.76734
840	4.81268
850	4.86758
860	4.92308
870	4.9902
880	5.04949
890	5.08203
900	5.12677
910	5.22357
920	5.26166
930	5.37101
940	5.42615
950	5.49617
960	5.56133
970	5.6185
980	5.68294
990	5.73724
1000	5.863
1010	5.89483
1020	5.96386
1030	5.99747
1040	6.09689
1050	6.12116
1060	6.21477
1070	6.37159
1080	6.39682
1090	6.47182
74
360	1.87104
370	1.89294
380	1.9843
390	2.01263
400	2.09603
410	2.12347
420	2.21476
430	2.23591
440	2.31983
450	2.34321
460	2.37692
470	2.44169
480	2.54494
490	2.64264
500	2.68073
510	2.79742
520	2.8379
530	2.86766
540	2.92514
550	3.02225
560	3.06113
570	3.15004
580	3.18506
590	3.29177
600	3.32464
610	3.41934
620	3.46217
630	3.5318
640	3.61162
650	3.6602
660	3.77193
670	3.88483
680	3.91689
690	3.9423
700	3.97165
710	4.051
720	4.13822
730	4.17399
740	4.26071
750	4.29724
760	4.40467
770	4.50214
780	4.55234
790	4.61984
800	4.67652
810	4.76933
820	4.81063
830	4.84147
840	4.92324
850	4.95316
860	5.04526
870	5.07984
880	5.10842
890	5.17887
900	5.24596
910	5.30345
920	5.41436
930	5.4544
940	5.5386
950	5.58839
960	5.65964
970	5.71042
980	5.78248
990	5.90003
1000	5.92794
1010	5.9879
1020	6.03729
1030	6.12015
1040	6.16387
1050	6.27376
1060	6.40329
1070	6.42812
1080	6.49564
1090	6.54179
74
360	1.92425
370	2.01461
380	2.04272
390	2.13179
400	2.15287
410	2.24187
420	2.26642
430	2.34424
440	2.37271
450	2.404
460	2.47329
470	2.58466
480	2.66752
490	2.72835
500	2.84585
510	2.87418
520	2.89939
530	2.981
540	3.04673
550	3.10601
560	3.17408
570	3.22105
580	3.33054
590	3.35528
600	3.45341
610	3.49208
620	3.57216
630	3.63745
640	3.69443
650	3.81731
660	3.9082
670	3.94161
680	3.98395
690	4.00737
700	4.09739
710	4.16455
720	4.2351
730	4.28565
740	4.35956
750	4.49014
760	4.53246
770	4.61484
780	4.65239
790	4.73785
800	4.79398
810	4.85138
820	4.87868
830	4.95817
840	4.99439
850	5.08724
860	5.11982
870	5.14394
880	5.2326
890	5.27484
900	5.34875
910	5.46265
920	5.49739
930	5.59905
940	5.62598
950	5.72357
960	5.74852
970	5.84707
980	5.92123
990	5.97589
1000	6.0172
1010	6.09342
1020	6.14576
1030	6.2089
1040	6.34796
1050	6.42545
1060	6.48782
1070	6.52561
1080	6.60568
1090	6.64929
74
360	1.98315
370	2.05332
380	2.10147
390	2.16056
400	2.21366
410	2.27415
420	2.32867
430	2.37607
440	2.42391
450	2.45653
460	2.55991
470	2.69129
480	2.71174
490	2.80096
500	2.88336
510	2.9142
520	2.95385
530	3.06428
540	3.09117
550	3.18038
560	3.21522
570	3.29735
580	3.36145
590	3.42702
600	3.50563
610	3.5554
620	3.65826
630	3.68776
640	3.78759
650	3.92936
660	3.95804
670	3.98176
680	4.01463
690	4.07786
700	4.17197
710	4.22099
720	4.30177
730	4.34524
740	4.45952
750	4.54622
760	4.60216
770	4.66484
780	4.71795
790	4.8096
800	4.85117
810	4.88526
820	4.95819
830	4.99469
840	5.07329
850	5.12078
860	5.15206
870	5.20636
880	5.29088
890	5.33513
900	5.45019
910	5.49819
920	5.57395
930	5.63191
940	5.70123
950	5.75498
960	5.82025
970	5.94232
980	5.97059
990	6.0331
1000	6.07487
1010	6.16303
1020	6.20255
1030	6.31287
1040	6.44492
1050	6.47892
1060	6.53985
1070	6.58588
1080	6.66187
1090	6.71045
74
360	2.03949
370	2.0829
380	2.14642
390	2.19573
400	2.25974
410	2.31125
420	2.3612
430	2.4106
440	2.44175
450	2.54624
460	2.67894
470	2.69263
480	2.77431
490	2.8696
500	2.90133
510	2.93454
520	3.04124
530	3.07425
540	3.16035
550	3.20101
560	3.28544
570	3.34547
580	3.41243
590	3.49071
600	3.54222
610	3.64379
620	3.67493
630	3.77942
640	3.91581
650	3.94695
660	3.97149
670	4.00162
680	4.07373
690	4.15452
700	4.20603
710	4.28648
720	4.33063
730	4.44837
740	4.53209
750	4.58507
760	4.65056
770	4.70502
780	4.7935
790	4.83544
800	4.87039
810	4.94398
820	4.97976
830	5.05923
840	5.10544
850	5.13728
860	5.19394
870	5.27531
880	5.32019
890	5.43867
900	5.48532
910	5.56553
920	5.6158
930	5.68865
940	5.7402
950	5.80717
960	5.92863
970	5.95522
980	6.01849
990	6.06264
1000	6.1467
1010	6.18644
1020	6.29976
1030	6.42828
1040	6.47458
1050	6.52654
1060	6.5911
1070	6.64757
1080	6.69204
1090	6.70621
74
360	2.10201
370	2.17149
380	2.21477
390	2.28445
400	2.3294
410	2.38419
420	2.43672
430	2.46076
440	2.56044
450	2.69457
460	2.71349
470	2.79256
480	2.89529
490	2.92655
500	2.95878
510	3.06712
520	3.09979
530	3.19467
540	3.22555
550	3.31903
560	3.36893
570	3.43801
580	3.51503
590	3.5658
600	3.6689
610	3.70112
620	3.80543
630	3.94159
640	3.96822
650	3.99348
660	4.02458
670	4.09699
680	4.17904
690	4.22731
700	4.31184
710	4.35181
720	4.45994
730	4.55638
740	4.60799
750	4.6752
760	4.7318
770	4.8179
780	4.86118
790	4.89453
800	4.97361
810	5.00418
820	5.08988
830	5.12916
840	5.16124
850	5.2195
860	5.30007
870	5.34585
880	5.45666
890	5.50822
900	5.59062
910	5.63874
920	5.71282
930	5.76274
940	5.82517
950	5.94363
960	5.97681
970	6.04384
980	6.08462
990	6.17221
1000	6.20977
1010	6.31675
1020	6.41924
1030	6.52438
1040	6.55771
1050	6.63825
1060	6.66197
1070	6.69754
1080	6.72811
1090	6.74873
74
360	2.16815
370	2.19859
380	2.28392
390	2.31249
400	2.39362
410	2.41957
420	2.4537
430	2.51991
440	2.63403
450	2.71639
460	2.77008
470	2.89722
480	2.92597
490	2.95073
500	3.03312
510	3.09765
520	3.15871
530	3.22266
540	3.28077
550	3.37549
560	3.4101
570	3.51822
580	3.54683
590	3.63952
600	3.68993
610	3.76496
620	3.90819
630	3.9614
640	3.99112
650	4.02967
660	4.0716
670	4.1869
680	4.20893
690	4.29868
700	4.33708
710	4.41946
720	4.56554
730	4.59231
740	4.68458
750	4.71135
760	4.81065
770	4.84544
780	4.8975
790	4.9409
800	5.00465
810	5.05393
820	5.13119
830	5.17023
840	5.19775
850	5.29779
860	5.32858
870	5.41611
880	5.51004
890	5.55785
900	5.64354
910	5.68253
920	5.77123
930	5.80037
940	5.90261
950	5.97115
960	6.03661
970	6.06992
980	6.15378
990	6.20471
1000	6.30439
1010	6.38147
1020	6.50184
1030	6.55529
1040	6.60319
1050	6.66488
1060	6.68383
1070	6.70869
1080	6.7392
1090	6.75989
74
360	2.21815
370	2.29654
380	2.33375
390	2.41332
400	2.44029
410	2.47571
420	2.54428
430	2.68303
440	2.73836
450	2.7998
460	2.92487
470	2.95055
480	2.97441
490	3.05986
500	3.12064
510	3.1879
520	3.24546
530	3.30989
540	3.39342
550	3.43862
560	3.54289
570	3.57392
580	3.67419
590	3.71305
600	3.79493
610	3.94427
620	3.98611
630	4.01413
640	4.05129
650	4.0972
660	4.20547
670	4.23914
680	4.33923
690	4.36456
700	4.45848
710	4.58561
720	4.61953
730	4.70484
740	4.73624
750	4.83797
760	4.87146
770	4.91896
780	4.97122
790	5.02544
800	5.08335
810	5.15171
820	5.19014
830	5.22268
840	5.32576
850	5.35191
860	5.44159
870	5.53159
880	5.5782
890	5.66543
900	5.70074
910	5.78957
920	5.8303
930	5.94148
940	5.99216
950	6.06278
960	6.09226
970	6.16092
980	6.22883
990	6.29921
1000	6.42891
1010	6.50013
1020	6.5748
1030	6.61021
1040	6.68426
1050	6.70675
1060	6.70688
1070	6.74598
1080	6.7634
1090	6.80902
74
360	2.28736
370	2.32895
380	2.40603
390	2.43461
400	2.4745
410	2.53373
420	2.64759
430	2.73994
440	2.79106
450	2.90118
460	2.94562
470	2.97096
480	3.04803
490	3.11946
500	3.17707
510	3.24488
520	3.29924
530	3.39781
540	3.43067
550	3.54244
560	3.56825
570	3.66338
580	3.70966
590	3.7843
600	3.91191
610	3.98412
620	4.01483
630	4.05519
640	4.09495
650	4.20701
660	4.22996
670	4.32421
680	4.35944
690	4.44787
700	4.58155
710	4.61319
720	4.70941
730	4.73346
740	4.83015
750	4.86394
760	4.92227
770	4.96203
780	5.02703
790	5.07572
800	5.15537
810	5.19354
820	5.21529
830	5.3086
840	5.34613
850	5.42402
860	5.53708
870	5.56718
880	5.67095
890	5.69823
900	5.79163
910	5.81891
920	5.91746
930	5.99126
940	6.04237
950	6.0906
960	6.13594
970	6.19272
980	6.30611
990	6.45897
1000	6.49044
1010	6.57728
1020	6.61467
1030	6.68369
1040	6.71399
1050	6.71399
1060	6.72334
1070	6.76937
1080	6.78446
1090	6.82166
74
360	2.35167
370	2.42855
380	2.46253
390	2.4928
400	2.57568
410	2.70443
420	2.75492
430	2.82221
440	2.94032
450	2.96865
460	2.99481
470	3.09365
480	3.13796
490	3.21756
500	3.26188
510	3.33984
520	3.40953
530	3.46369
540	3.55796
550	3.59344
560	3.71027
570	3.73159
580	3.82359
590	3.95627
600	4.00367
610	4.03154
620	4.06843
630	4.12342
640	4.21904
650	4.25925
660	4.35374
670	4.38847
680	4.49547
690	4.60258
700	4.63961
710	4.72117
720	4.75666
730	4.86006
740	4.88328
750	4.93503
760	4.98427
770	5.04059
780	5.0964
790	5.16806
800	5.20849
810	5.23346
820	5.33119
830	5.36464
840	5.45491
850	5.54878
860	5.59474
870	5.68324
880	5.72027
890	5.80381
900	5.84242
910	5.94732
920	6.00697
930	6.04607
940	6.10053
950	6.13451
960	6.23714
970	6.38588
980	6.47149
990	6.53878
1000	6.59044
1010	6.6684
1020	6.70363
1030	6.72664
1040	6.72664
1050	6.73905
1060	6.78201
1070	6.80098
1080	6.8343
1090	6.83445
74
360	2.42597
370	2.46312
380	2.50421
390	2.56074
400	2.66668
410	2.77007
420	2.82414
430	2.95924
440	2.98271
450	3.00129
460	3.07774
470	3.15023
480	3.20103
490	3.27492
500	3.32489
510	3.42774
520	3.45496
530	3.55799
540	3.59388
550	3.68086
560	3.73838
570	3.80228
580	3.92992
590	4.0128
600	4.0448
610	4.08725
620	4.12043
630	4.22824
640	4.25936
650	4.35767
660	4.39142
670	4.47738
680	4.6098
690	4.64386
700	4.74209
710	4.75493
720	4.83706
730	4.88794
740	4.95553
750	4.97736
760	5.06018
770	5.08705
780	5.17867
790	5.20781
800	5.23842
810	5.31688
820	5.37323
830	5.43468
840	5.56802
850	5.59353
860	5.68364
870	5.71793
880	5.80641
890	5.84029
900	5.92475
910	6.01305
920	6.04522
930	6.10585
940	6.1384
950	6.23426
960	6.38726
970	6.48683
980	6.54582
990	6.60484
1000	6.67366
1010	6.71386
1020	6.74755
1030	6.74755
1040	6.74888
1050	6.80292
1060	6.80686
1070	6.85522
1080	6.85522
1090	6.87472
74
360	2.47994
370	2.51691
380	2.58274
390	2.72384
400	2.78538
410	2.86117
420	2.95027
430	2.98218
440	3.01111
450	3.07311
460	3.16362
470	3.20572
480	3.28863
490	3.32767
500	3.44211
510	3.46782
520	3.5681
530	3.60709
540	3.69512
550	3.75374
560	3.8257
570	3.97156
580	4.02914
590	4.05864
600	4.09682
610	4.14505
620	4.24864
630	4.27437
640	4.37542
650	4.40254
660	4.49134
670	4.62726
680	4.6515
690	4.73954
700	4.76327
710	4.8337
720	4.89932
730	4.95597
740	4.98374
750	5.06794
760	5.09428
770	5.18767
780	5.21871
790	5.24826
800	5.31563
810	5.38603
820	5.44268
830	5.57311
840	5.60041
850	5.68998
860	5.73016
870	5.81207
880	5.86074
890	5.93268
900	6.013
910	6.06046
920	6.12813
930	6.16267
940	6.27367
950	6.43836
960	6.50139
970	6.57411
980	6.61865
990	6.69597
1000	6.72974
1010	6.76198
1020	6.76198
1030	6.76204
1040	6.80338
1050	6.81846
1060	6.86965
1070	6.86965
1080	6.88123
1090	6.90251
74
360	2.56678
370	2.66974
380	2.78965
390	2.84614
400	2.90328
410	2.99519
420	3.02642
430	3.05338
440	3.14586
450	3.20106
460	3.28207
470	3.32495
480	3.40942
490	3.46957
500	3.53793
510	3.61935
520	3.67062
530	3.77394
540	3.8047
550	3.90947
560	4.04795
570	4.07738
580	4.09847
590	4.13102
600	4.18674
610	4.28152
620	4.31161
630	4.41564
640	4.43909
650	4.53123
660	4.66821
670	4.68801
680	4.7794
690	4.79869
700	4.87299
710	4.9338
720	4.99473
730	5.02045
740	5.10713
750	5.13156
760	5.22889
770	5.25617
780	5.28457
790	5.35887
800	5.42086
810	5.48328
820	5.61562
830	5.63881
840	5.73466
850	5.76791
860	5.81962
870	5.88814
880	5.97902
890	6.04707
900	6.09845
910	6.16037
920	6.21164
930	6.33721
940	6.50374
950	6.54857
960	6.63665
970	6.66824
980	6.744
990	6.78115
1000	6.79486
1010	6.79486
1020	6.7954
1030	6.84147
1040	6.85256
1050	6.90253
1060	6.90253
1070	6.91728
1080	6.93539
1090	6.93539
74
360	2.64138
370	2.78506
380	2.81839
390	2.88111
400	2.9556
410	3.0141
420	3.04134
430	3.11222
440	3.19195
450	3.2485
460	3.31459
470	3.36955
480	3.46769
490	3.50439
500	3.61486
510	3.64358
520	3.74074
530	3.78757
540	3.86323
550	3.99132
560	4.05967
570	4.0904
580	4.1342
590	4.15314
600	4.24633
610	4.29217
620	4.35748
630	4.42634
640	4.47891
650	4.59541
660	4.67587
670	4.73082
680	4.79598
690	4.82968
700	4.93657
710	4.95837
720	5.00984
730	5.05922
740	5.11612
750	5.17586
760	5.24276
770	5.28168
780	5.31687
790	5.42302
800	5.44787
810	5.54997
820	5.62394
830	5.68049
840	5.75739
850	5.78904
860	5.84671
870	5.93005
880	6.01023
890	6.06665
900	6.16274
910	6.19165
920	6.29916
930	6.46348
940	6.52813
950	6.60459
960	6.6499
970	6.72635
980	6.76098
990	6.80144
1000	6.80144
1010	6.80144
1020	6.81305
1030	6.85681
1040	6.87469
1050	6.90911
1060	6.9092
1070	6.94196
1080	6.94196
1090	6.94802
74
360	2.70538
370	2.81604
380	2.86387
390	2.91756
400	3.01798
410	3.05863
420	3.0823
430	3.17046
440	3.22817
450	3.29913
460	3.35001
470	3.41798
480	3.49942
490	3.55021
500	3.65341
510	3.68712
520	3.79542
530	3.82685
540	3.91424
550	4.05911
560	4.09809
570	4.1236
580	4.16585
590	4.19543
600	4.29925
610	4.32956
620	4.40724
630	4.4613
640	4.52702
650	4.65164
660	4.71353
670	4.7893
680	4.82729
690	4.87509
700	4.96715
710	5.00156
720	5.04416
730	5.1069
740	5.15246
750	5.22491
760	5.27848
770	5.31324
780	5.36328
790	5.4536
800	5.4917
810	5.60448
820	5.6613
830	5.73524
840	5.79695
850	5.81963
860	5.89806
870	5.96786
880	6.06434
890	6.11529
900	6.1934
910	6.24045
920	6.3622
930	6.52848
940	6.5675
950	6.65563
960	6.68932
970	6.77745
980	6.80152
990	6.83202
1000	6.83202
1010	6.83202
1020	6.85359
1030	6.88739
1040	6.91697
1050	6.93968
1060	6.94241
1070	6.97254
1080	6.97254
1090	6.98644
74
360	2.76466
370	2.79489
380	2.88866
390	2.97242
400	3.02084
410	3.05164
420	3.15812
430	3.19114
440	3.27404
450	3.31344
460	3.39633
470	3.45949
480	3.51121
490	3.61268
500	3.64846
510	3.76026
520	3.78326
530	3.86463
540	4.01576
550	4.05483
560	4.08259
570	4.12701
580	4.14783
590	4.24214
600	4.28562
610	4.35331
620	4.41976
630	4.47908
640	4.61007
650	4.6693
660	4.73049
670	4.78745
680	4.83232
690	4.92615
700	4.96342
710	5.00413
720	5.07334
730	5.11306
740	5.19292
750	5.23775
760	5.27187
770	5.3251
780	5.41061
790	5.45548
800	5.5764
810	5.62075
820	5.67875
830	5.74073
840	5.77154
850	5.8301
860	5.96448
870	6.01337
880	6.09703
890	6.15417
900	6.2257
910	6.37087
920	6.49647
930	6.52595
940	6.61341
950	6.64767
960	6.73437
970	6.76008
980	6.79318
990	6.79318
1000	6.79318
1010	6.80733
1020	6.84855
1030	6.86938
1040	6.90085
1050	6.90139
1060	6.93371
1070	6.93371
1080	6.94175
1090	6.99247
74
360	2.82508
370	2.92772
380	2.99719
390	3.04685
400	3.07066
410	3.16409
420	3.21307
430	3.28457
440	3.33369
450	3.40023
460	3.48482
470	3.52942
480	3.63902
490	3.66361
500	3.75775
510	3.80639
520	3.87859
530	4.02061
540	4.07908
550	4.10871
560	4.14201
570	4.166
580	4.24315
590	4.30939
600	4.36672
610	4.44402
620	4.48862
630	4.604
640	4.72172
650	4.75711
660	4.81236
670	4.86191
680	4.95063
690	4.98673
700	5.02811
710	5.0904
720	5.13507
730	5.20303
740	5.26038
750	5.29717
760	5.34713
770	5.43625
780	5.47306
790	5.58065
800	5.64551
810	5.67006
820	5.74934
830	5.79795
840	5.8659
850	6.00425
860	6.04052
870	6.12475
880	6.17899
890	6.2491
900	6.38934
910	6.53543
920	6.54818
930	6.62604
940	6.66855
950	6.74145
960	6.77895
970	6.81985
980	6.81985
990	6.81985
1000	6.82734
1010	6.87522
1020	6.88754
1030	6.92752
1040	6.92752
1050	6.96037
1060	6.96037
1070	6.96378
1080	7.01914
1090	7.03599
74
360	2.87925
370	3.00929
380	3.02745
390	3.06447
400	3.12377
410	3.21831
420	3.25176
430	3.34103
440	3.37173
450	3.47625
460	3.51288
470	3.59665
480	3.65813
490	3.72336
500	3.81031
510	3.85257
520	3.96895
530	4.08293
540	4.1232
550	4.12943
560	4.16811
570	4.21333
580	4.32032
590	4.34229
600	4.43644
610	4.4726
620	4.55711
630	4.71006
640	4.74339
650	4.81307
660	4.8429
670	4.93111
680	4.97484
690	5.03478
700	5.07183
710	5.13955
720	5.18699
730	5.26411
740	5.30141
750	5.33389
760	5.4396
770	5.4675
780	5.56178
790	5.63316
800	5.67075
810	5.72042
820	5.80297
830	5.8471
840	5.96537
850	6.03989
860	6.10627
870	6.18116
880	6.23527
890	6.36352
900	6.49069
910	6.54997
920	6.59
930	6.67283
940	6.70989
950	6.78127
960	6.82426
970	6.83434
980	6.83434
990	6.83434
1000	6.86437
1010	6.88975
1020	6.92904
1030	6.94201
1040	6.94824
1050	6.97487
1060	6.97487
1070	6.99572
1080	7.03426
1090	7.08096
74
360	2.95356
370	3.02958
380	3.07788
390	3.10129
400	3.19489
410	3.24359
420	3.31077
430	3.36592
440	3.43234
450	3.51789
460	3.56091
470	3.67211
480	3.69874
490	3.79987
500	3.83949
510	3.91572
520	4.06399
530	4.11303
540	4.14275
550	4.17002
560	4.1985
570	4.27775
580	4.34153
590	4.39511
600	4.47712
610	4.52241
620	4.64317
630	4.75576
640	4.78498
650	4.84537
660	4.89368
670	4.98366
680	5.02366
690	5.06514
700	5.15327
710	5.18076
720	5.27839
730	5.30394
740	5.33276
750	5.42424
760	5.47142
770	5.55143
780	5.63416
790	5.6855
800	5.71386
810	5.81639
820	5.8407
830	5.93656
840	6.05012
850	6.09238
860	6.19494
870	6.22573
880	6.3314
890	6.45407
900	6.54712
910	6.58331
920	6.67086
930	6.7053
940	6.78984
950	6.81935
960	6.85389
970	6.85389
980	6.85389
990	6.85825
1000	6.90927
1010	6.9176
1020	6.96156
1030	6.96156
1040	6.98882
1050	6.99442
1060	6.99578
1070	7.04786
1080	7.06544
1090	7.118
74
360	3.00357
370	3.02662
380	3.06066
390	3.1283
400	3.2126
410	3.25303
420	3.33512
430	3.37632
440	3.48519
450	3.51149
460	3.60478
470	3.65606
480	3.73302
490	3.80517
500	3.85492
510	3.98241
520	4.07837
530	4.11697
540	4.12644
550	4.16307
560	4.21594
570	4.31459
580	4.34202
590	4.44616
600	4.47379
610	4.57174
620	4.69601
630	4.74462
640	4.81783
650	4.85016
660	4.93955
670	4.97322
680	5.02209
690	5.12111
700	5.14819
710	5.2477
720	5.27421
730	5.29936
740	5.38954
750	5.43814
760	5.50889
770	5.60268
780	5.64855
790	5.67344
800	5.75973
810	5.79957
820	5.87031
830	6.01479
840	6.04373
850	6.13702
860	6.19318
870	6.30894
880	6.38883
890	6.49796
900	6.55015
910	6.63178
920	6.67471
930	6.75789
940	6.78675
950	6.82862
960	6.82862
970	6.82862
980	6.82862
990	6.8652
1000	6.88439
1010	6.93103
1020	6.93629
1030	6.94524
1040	6.96915
1050	6.96915
1060	6.99528
1070	7.02947
1080	7.08389
1090	7.09516
74
360	3.06532
370	3.09771
380	3.18176
390	3.24367
400	3.29716
410	3.36605
420	3.41532
430	3.52027
440	3.55421
450	3.65797
460	3.69258
470	3.77563
480	3.8393
490	3.90566
500	4.03286
510	4.09845
520	4.14334
530	4.16809
540	4.19751
550	4.26719
560	4.34389
570	4.40276
580	4.47453
590	4.53592
600	4.6677
610	4.74774
620	4.81269
630	4.85298
640	4.87808
650	4.95653
660	4.99741
670	5.07531
680	5.15139
690	5.20136
700	5.27703
710	5.31005
720	5.34181
730	5.44386
740	5.47718
750	5.56203
760	5.63462
770	5.68774
780	5.70979
790	5.79918
800	5.84111
810	5.92967
820	6.04
830	6.08292
840	6.14297
850	6.26708
860	6.34224
870	6.45236
880	6.56292
890	6.60585
900	6.68762
910	6.72695
920	6.79141
930	6.84529
940	6.85904
950	6.85904
960	6.85904
970	6.85916
980	6.89858
990	6.91568
1000	6.96425
1010	6.9667
1020	6.97814
1030	6.99956
1040	6.99956
1050	7.0287
1060	7.06129
1070	7.11689
1080	7.12722
1090	7.18523
74
360	3.11957
370	3.20181
380	3.26934
390	3.32768
400	3.39173
410	3.45015
420	3.54361
430	3.57875
440	3.68419
450	3.71936
460	3.80563
470	3.86214
480	3.9268
490	4.06168
500	4.11263
510	4.16676
520	4.20191
530	4.22899
540	4.31426
550	4.36667
560	4.43485
570	4.4986
580	4.5693
590	4.70966
600	4.77417
610	4.8459
620	4.88238
630	4.91613
640	5.00683
650	5.02214
660	5.10367
670	5.17634
680	5.22414
690	5.30275
700	5.33461
710	5.37233
720	5.48005
730	5.50354
740	5.59351
750	5.66083
760	5.71234
770	5.74049
780	5.83819
790	5.86205
800	5.94851
810	6.05765
820	6.10771
830	6.22807
840	6.31304
850	6.36927
860	6.4958
870	6.58898
880	6.6424
890	6.71148
900	6.76094
910	6.81551
920	6.87814
930	6.88607
940	6.88607
950	6.88607
960	6.88607
970	6.91518
980	6.9415
990	6.97946
1000	6.99374
1010	6.99994
1020	7.0266
1030	7.0266
1040	7.0469
1050	7.08605
1060	7.13104
1070	7.15145
1080	7.19995
1090	7.21817
74
360	3.17697
370	3.28221
380	3.31232
390	3.40313
400	3.43087
410	3.52901
420	3.57271
430	3.6488
440	3.71952
450	3.77499
460	3.87339
470	3.90754
480	4.01279
490	4.11908
500	4.16516
510	4.1953
520	4.22989
530	4.28879
540	4.37538
550	4.4179
560	4.50288
570	4.54238
580	4.65299
590	4.75558
600	4.81496
610	4.87188
620	4.9076
630	4.97374
640	5.02594
650	5.0679
660	5.18097
670	5.2102
680	5.29483
690	5.33609
700	5.36117
710	5.43798
720	5.50335
730	5.56024
740	5.67398
750	5.70222
760	5.73698
770	5.80579
780	5.86533
790	5.92921
800	6.06402
810	6.09078
820	6.1811
830	6.3259
840	6.35418
850	6.45218
860	6.60272
870	6.6289
880	6.72473
890	6.74874
900	6.82537
910	6.85684
920	6.9049
930	6.9049
940	6.9049
950	6.9049
960	6.90901
970	6.96028
980	6.96813
990	7.01257
1000	7.01257
1010	7.03826
1020	7.04543
1030	7.04671
1040	7.09578
1050	7.11574
1060	7.16901
1070	7.18268
1080	7.23109
1090	7.25063
74
360	3.2454
370	3.28323
380	3.36202
390	3.40582
400	3.49023
410	3.55356
420	3.60392
430	3.70693
440	3.74436
450	3.84997
460	3.88032
470	3.97293
480	4.10641
490	4.13267
500	4.17659
510	4.2149
520	4.25633
530	4.36462
540	4.3887
550	4.48964
560	4.51435
570	4.6124
580	4.70941
590	4.76345
600	4.81908
610	4.8922
620	4.93578
630	4.99722
640	5.03207
650	5.1198
660	5.18753
670	5.25901
680	5.31058
690	5.34171
700	5.4002
710	5.49248
720	5.52538
730	5.63911
740	5.67805
750	5.71749
760	5.77516
770	5.84887
780	5.89355
790	6.01621
800	6.06703
810	6.14014
820	6.28453
830	6.32836
840	6.41365
850	6.53834
860	6.60161
870	6.67554
880	6.72489
890	6.80206
900	6.83046
910	6.89831
920	6.89831
930	6.89831
940	6.89831
950	6.89831
960	6.92239
970	6.95368
980	6.98658
990	7.00598
1000	7.00916
1010	7.03884
1020	7.03884
1030	7.05445
1040	7.0976
1050	7.13822
1060	7.16252
1070	7.2072
1080	7.22746
1090	7.24404
74
360	3.32229
370	3.41331
380	3.44423
390	3.54514
400	3.58581
410	3.67677
420	3.73357
430	3.80618
440	3.88432
450	3.93388
460	4.05527
470	4.12992
480	4.19169
490	4.21396
500	4.24293
510	4.31332
520	4.38697
530	4.44612
540	4.50959
550	4.56562
560	4.63308
570	4.69132
580	4.80016
590	4.85935
600	4.91567
610	4.96307
620	5.03512
630	5.08944
640	5.19883
650	5.23012
660	5.32331
670	5.34973
680	5.37559
690	5.46178
700	5.51627
710	5.58523
720	5.68305
730	5.72327
740	5.75054
750	5.83027
760	5.87804
770	5.94987
780	6.08035
790	6.10569
800	6.20194
810	6.34012
820	6.36086
830	6.45137
840	6.60673
850	6.63639
860	6.72474
870	6.75691
880	6.83494
890	6.86865
900	6.92338
910	6.92338
920	6.92338
930	6.92338
940	6.92338
950	6.94995
960	6.97876
970	7.01396
980	7.03105
990	7.03597
1000	7.06391
1010	7.06391
1020	7.08201
1030	7.12296
1040	7.16534
1050	7.1882
1060	7.23417
1070	7.25423
1080	7.26911
1090	7.26911
74
360	3.38957
370	3.43923
380	3.51434
390	3.58414
400	3.64686
410	3.74111
420	3.78525
430	3.90092
440	3.92388
450	4.02221
460	4.14531
470	4.16886
480	4.21561
490	4.25287
500	4.29391
510	4.39943
520	4.42875
530	4.52494
540	4.55098
550	4.60603
560	4.66425
570	4.77314
580	4.84891
590	4.93092
600	4.95655
610	5.04791
620	5.07809
630	5.18494
640	5.22639
650	5.30614
660	5.34884
670	5.37831
680	5.43638
690	5.52752
700	5.56395
710	5.67777
720	5.71332
730	5.75718
740	5.80441
750	5.88792
760	5.92741
770	6.0442
780	6.10301
790	6.16186
800	6.29249
810	6.36142
820	6.41408
830	6.54413
840	6.63873
850	6.6968
860	6.76062
870	6.82179
880	6.86224
890	6.94122
900	6.94343
910	6.94343
920	6.94343
930	6.94343
940	6.94647
950	6.99881
960	7.00532
970	7.0511
980	7.0511
990	7.07526
1000	7.08396
1010	7.08461
1020	7.1334
1030	7.15279
1040	7.20755
1050	7.21969
1060	7.26963
1070	7.28916
1080	7.28916
1090	7.28916
74
360	3.44207
370	3.53011
380	3.58313
390	3.6537
400	3.73721
410	3.78523
420	3.89417
430	3.92662
440	4.03077
450	4.13822
460	4.18406
470	4.21747
480	4.24899
490	4.30574
500	4.39206
510	4.43308
520	4.48822
530	4.52286
540	4.57816
550	4.70621
560	4.82202
570	4.86495
580	4.92531
590	4.97187
600	5.04239
610	5.08604
620	5.20239
630	5.22366
640	5.30296
650	5.3459
660	5.37486
670	5.4338
680	5.52296
690	5.56225
700	5.6743
710	5.7113
720	5.75324
730	5.80198
740	5.88352
750	5.92499
760	6.03922
770	6.10145
780	6.16911
790	6.30883
800	6.36252
810	6.43819
820	6.58435
830	6.63989
840	6.7141
850	6.75991
860	6.83121
870	6.86271
880	6.93891
890	6.93891
900	6.93891
910	6.93891
920	6.93891
930	6.94312
940	6.99429
950	7.00232
960	7.04658
970	7.04658
980	7.07286
990	7.07944
1000	7.08075
1010	7.13095
1020	7.15002
1030	7.20302
1040	7.21701
1050	7.2651
1060	7.28464
1070	7.28464
1080	7.28464
1090	7.28464
74
360	3.49273
370	3.58373
380	3.62534
390	3.7384
400	3.76759
410	3.87359
420	3.9133
430	4.00437
440	4.14498
450	4.16813
460	4.21457
470	4.25145
480	4.29385
490	4.38503
500	4.41297
510	4.44692
520	4.52412
530	4.56259
540	4.67385
550	4.8186
560	4.84281
570	4.92368
580	4.94746
590	5.03146
600	5.06496
610	5.14975
620	5.22112
630	5.26194
640	5.34665
650	5.37974
660	5.40797
670	5.51318
680	5.54576
690	5.63369
700	5.70613
710	5.75788
720	5.78624
730	5.88762
740	5.91212
750	6.01302
760	6.10328
770	6.14803
780	6.2713
790	6.36128
800	6.40604
810	6.52006
820	6.63989
830	6.67836
840	6.75961
850	6.8028
860	6.85573
870	6.91854
880	6.94902
890	6.94902
900	6.94902
910	6.94902
920	6.94902
930	6.97229
940	7.0044
950	7.02824
960	7.05669
970	7.05977
980	7.08955
990	7.08955
1000	7.10464
1010	7.14831
1020	7.18757
1030	7.21323
1040	7.25641
1050	7.27807
1060	7.29475
1070	7.29475
1080	7.29475
1090	7.29475
74
360	3.54923
370	3.62589
380	3.69143
390	3.77685
400	3.83006
410	3.93354
420	3.96756
430	4.07521
440	4.18335
450	4.22123
460	4.25952
470	4.29393
480	4.35893
490	4.42561
500	4.45216
510	4.50009
520	4.56411
530	4.61647
540	4.74253
550	4.86806
560	4.89089
570	4.97307
580	4.99608
590	5.0901
600	5.11372
610	5.20957
620	5.26159
630	5.31616
640	5.38649
650	5.41815
660	5.4674
670	5.56904
680	5.59505
690	5.69386
700	5.7505
710	5.79638
720	5.83915
730	5.92599
740	5.9636
750	6.07494
760	6.14608
770	6.21023
780	6.34191
790	6.40256
800	6.46081
810	6.59277
820	6.68066
830	6.74078
840	6.80111
850	6.86158
860	6.90048
870	6.97569
880	6.98739
890	6.98739
900	6.98739
910	6.98739
920	6.98739
930	7.02352
940	7.04328
950	7.06661
960	7.09506
970	7.10409
980	7.12791
990	7.12791
1000	7.15393
1010	7.18846
1020	7.24155
1030	7.25419
1040	7.31097
1050	7.32243
1060	7.33312
1070	7.33312
1080	7.33312
1090	7.33312
74
360	3.60672
370	3.69718
380	3.755
390	3.82859
400	3.91019
410	3.96232
420	4.09112
430	4.14848
440	4.22466
450	4.24922
460	4.27586
470	4.36096
480	4.40703
490	4.43123
500	4.48182
510	4.54388
520	4.59448
530	4.71529
540	4.82213
550	4.86512
560	4.94942
570	4.97608
580	5.06775
590	5.0948
600	5.19753
610	5.24413
620	5.31542
630	5.36491
640	5.39492
650	5.45549
660	5.54651
670	5.58332
680	5.69679
690	5.73322
700	5.7749
710	5.8301
720	5.90309
730	5.95292
740	6.07893
750	6.12713
760	6.19689
770	6.34119
780	6.38503
790	6.47089
800	6.60938
810	6.66073
820	6.72973
830	6.78255
840	6.85385
850	6.88462
860	6.96212
870	6.96863
880	6.96863
890	6.96863
900	6.96863
910	6.96863
920	6.97024
930	7.01344
940	7.02555
950	7.04875
960	7.07626
970	7.09613
980	7.10912
990	7.12737
1000	7.16807
1010	7.21177
1020	7.23326
1030	7.28079
1040	7.29921
1050	7.31432
1060	7.31432
1070	7.31432
1080	7.31432
1090	7.31432
74
360	3.69312
370	3.77377
380	3.82445
390	3.93388
400	3.96542
410	4.06968
420	4.16607
430	4.21749
440	4.25895
450	4.29057
460	4.3464
470	4.42687
480	4.4568
490	4.4803
500	4.56943
510	4.59294
520	4.68843
530	4.83256
540	4.88222
550	4.95053
560	4.9878
570	5.06199
580	5.10337
590	5.17683
600	5.26349
610	5.31124
620	5.38432
630	5.41809
640	5.45124
650	5.55775
660	5.59008
670	5.67823
680	5.74676
690	5.79949
700	5.82867
710	5.92745
720	5.95316
730	6.05012
740	6.1474
750	6.19735
760	6.32076
770	6.4003
780	6.462
790	6.59698
800	6.68172
810	6.74121
820	6.80181
830	6.86201
840	6.90023
850	6.97442
860	6.99518
870	6.99518
880	6.99518
890	6.99518
900	6.99518
910	6.99518
920	6.9968
930	7.03999
940	7.05211
950	7.07531
960	7.10281
970	7.13527
980	7.13967
990	7.19444
1000	7.21295
1010	7.25926
1020	7.28047
1030	7.32134
1040	7.34088
1050	7.34088
1060	7.34088
1070	7.34088
1080	7.34088
1090	7.34088
74
360	3.75024
370	3.81143
380	3.90355
390	3.94885
400	4.07361
410	4.14477
420	4.19801
430	4.23791
440	4.26972
450	4.32058
460	4.40534
470	4.44048
480	4.44852
490	4.52401
500	4.56341
510	4.64526
520	4.79212
530	4.85936
540	4.90545
550	4.96342
560	5.02461
570	5.07771
580	5.14923
590	5.23553
600	5.28957
610	5.35941
620	5.39646
630	5.43462
640	5.5484
650	5.57075
660	5.67008
670	5.72234
680	5.77837
690	5.81348
700	5.90207
710	5.9357
720	6.04854
730	6.12682
740	6.17609
750	6.3048
760	6.37829
770	6.44902
780	6.59577
790	6.66009
800	6.72367
810	6.77445
820	6.84835
830	6.88187
840	6.95642
850	6.97886
860	6.97886
870	6.97886
880	6.97886
890	6.97886
900	6.97886
910	6.97886
920	6.98078
930	7.03578
940	7.03582
950	7.07794
960	7.10032
970	7.11935
980	7.15751
990	7.18326
1000	7.24294
1010	7.24962
1020	7.30501
1030	7.32078
1040	7.32455
1050	7.32455
1060	7.32455
1070	7.32455
1080	7.32455
1090	7.32455
74
360	3.80165
370	3.9145
380	3.9458
390	4.04268
400	4.16401
410	4.19609
420	4.25292
430	4.29056
440	4.31449
450	4.40819
460	4.43502
470	4.46235
480	4.50916
490	4.5749
500	4.62816
510	4.74269
520	4.87717
530	4.91358
540	4.98037
550	5.03283
560	5.09247
570	5.15138
580	5.25518
590	5.28643
600	5.37904
610	5.41029
620	5.4331
630	5.52264
640	5.57585
650	5.64686
660	5.73587
670	5.78349
680	5.81394
690	5.9019
700	5.9359
710	6.02063
720	6.14656
730	6.17424
740	6.28076
750	6.39354
760	6.44277
770	6.55959
780	6.67727
790	6.72085
800	6.78871
810	6.84278
820	6.89076
830	6.96178
840	6.99146
850	7.00048
860	7.00048
870	7.00048
880	7.00048
890	7.00048
900	7.00048
910	7.00048
920	7.02963
930	7.0574
940	7.07498
950	7.11006
960	7.14097
970	7.15598
980	7.19973
990	7.23928
1000	7.26462
1010	7.3082
1020	7.32936
1030	7.34617
1040	7.34617
1050	7.34617
1060	7.34617
1070	7.34617
1080	7.34617
1090	7.34617
74
360	3.89671
370	3.96834
380	4.02729
390	4.15898
400	4.21489
410	4.29057
420	4.30432
430	4.3352
440	4.38686
450	4.46326
460	4.48962
470	4.51701
480	4.59633
490	4.63248
500	4.71768
510	4.87038
520	4.9281
530	5.00087
540	5.03626
550	5.11776
560	5.15013
570	5.236
580	5.30279
590	5.36537
600	5.42582
610	5.46119
620	5.50229
630	5.61058
640	5.64214
650	5.74461
660	5.78985
670	5.84229
680	5.88766
690	5.96632
700	6.00853
710	6.1235
720	6.19444
730	6.26066
740	6.39913
750	6.44969
760	6.53204
770	6.68292
780	6.73168
790	6.811
800	6.84598
810	6.92618
820	6.95509
830	7.02071
840	7.04356
850	7.04356
860	7.04356
870	7.04356
880	7.04356
890	7.04356
900	7.04356
910	7.04374
920	7.08399
930	7.10084
940	7.14264
950	7.16704
960	7.18414
970	7.22416
980	7.24954
990	7.30763
1000	7.31602
1010	7.36971
1020	7.38754
1030	7.38925
1040	7.38925
1050	7.38925
1060	7.38925
1070	7.38925
1080	7.38925
1090	7.38925
74
360	3.96107
370	4.04163
380	4.18292
390	4.20892
400	4.25703
410	4.28613
420	4.31956
430	4.36239
440	4.45313
450	4.48705
460	4.51203
470	4.59885
480	4.62707
490	4.72724
500	4.88762
510	4.9218
520	5.00688
530	5.02969
540	5.11781
550	5.14436
560	5.24235
570	5.29267
580	5.36744
590	5.42457
600	5.45215
610	5.52909
620	5.59445
630	5.65542
640	5.75862
650	5.79419
660	5.82933
670	5.90046
680	5.95452
690	6.02057
700	6.15873
710	6.1905
720	6.27978
730	6.41735
740	6.4474
750	6.54975
760	6.70242
770	6.72937
780	6.81324
790	6.84396
800	6.90851
810	6.97164
820	7.0108
830	7.02931
840	7.02931
850	7.02931
860	7.02931
870	7.02931
880	7.02931
890	7.02931
900	7.02931
910	7.03839
920	7.08623
930	7.10665
940	7.14043
950	7.17032
960	7.21533
970	7.23764
980	7.29339
990	7.30437
1000	7.35547
1010	7.375
1020	7.375
1030	7.375
1040	7.375
1050	7.375
1060	7.375
1070	7.375
1080	7.375
1090	7.375
74
360	4.01934
370	4.14851
380	4.2075
390	4.23165
400	4.29595
410	4.3247
420	4.34906
430	4.43396
440	4.47787
450	4.50674
460	4.5706
470	4.61981
480	4.6873
490	4.82671
500	4.91999
510	4.97442
520	5.02592
530	5.08615
540	5.13852
550	5.20611
560	5.29652
570	5.34006
580	5.40542
590	5.45567
600	5.49703
610	5.60521
620	5.62961
630	5.7254
640	5.7813
650	5.83606
660	5.86881
670	5.96114
680	5.99791
690	6.10653
700	6.1883
710	6.24708
720	6.37842
730	6.43957
740	6.51068
750	6.65315
760	6.72277
770	6.78881
780	6.83714
790	6.90141
800	6.94729
810	7.01423
820	7.04471
830	7.04471
840	7.04471
850	7.04471
860	7.04471
870	7.04471
880	7.04471
890	7.04471
900	7.04471
910	7.07677
920	7.10294
930	7.15234
940	7.17275
950	7.19657
960	7.24396
970	7.27602
980	7.30878
990	7.34434
1000	7.37246
1010	7.3904
1020	7.3904
1030	7.3904
1040	7.3904
1050	7.3904
1060	7.3904
1070	7.3904
1080	7.3904
1090	7.3904
74
360	4.12883
370	4.2224
380	4.26127
390	4.30437
400	4.34273
410	4.37349
420	4.42672
430	4.50261
440	4.5401
450	4.57652
460	4.64858
470	4.69621
480	4.81333
490	4.95531
500	4.98603
510	5.06003
520	5.09547
530	5.16461
540	5.21404
550	5.32943
560	5.35872
570	5.41491
580	5.47778
590	5.50929
600	5.58783
610	5.64972
620	5.71059
630	5.80795
640	5.85663
650	5.88763
660	5.96751
670	6.01083
680	6.09975
690	6.22443
700	6.25073
710	6.34595
720	6.47023
730	6.51231
740	6.62388
750	6.75353
760	6.79306
770	6.85834
780	6.89118
790	6.94515
800	7.04098
810	7.07749
820	7.0856
830	7.0856
840	7.0856
850	7.0856
860	7.0856
870	7.0856
880	7.0856
890	7.0856
900	7.09062
910	7.14252
920	7.15631
930	7.19448
940	7.22607
950	7.26082
960	7.28987
970	7.34967
980	7.3561
990	7.41175
1000	7.42644
1010	7.43129
1020	7.43129
1030	7.43129
1040	7.43129
1050	7.43129
1060	7.43129
1070	7.43129
1080	7.43129
1090	7.43129
74
360	4.18381
370	4.22908
380	4.27353
390	4.31675
400	4.34405
410	4.41488
420	4.47043
430	4.50585
440	4.55585
450	4.61331
460	4.67608
470	4.80831
480	4.92029
490	4.97155
500	5.02885
510	5.09272
520	5.1324
530	5.21193
540	5.29315
550	5.33968
560	5.37777
570	5.45233
580	5.4831
590	5.57336
600	5.62366
610	5.70918
620	5.77118
630	5.83367
640	5.86561
650	5.94857
660	5.97866
670	6.07764
680	6.18409
690	6.23396
700	6.35328
710	6.43272
720	6.49926
730	6.63513
740	6.72036
750	6.7864
760	6.82255
770	6.85239
780	6.91644
790	7.00979
800	7.04452
810	7.05533
820	7.05533
830	7.05533
840	7.05533
850	7.05533
860	7.05533
870	7.05533
880	7.05533
890	7.05733
900	7.10872
910	7.12059
920	7.16305
930	7.19577
940	7.22145
950	7.25658
960	7.30798
970	7.32232
980	7.37719
990	7.39051
1000	7.40102
1010	7.40102
1020	7.40102
1030	7.40102
1040	7.40102
1050	7.40102
1060	7.40102
1070	7.40102
1080	7.40102
1090	7.40102
74
360	4.24327
370	4.29891
380	4.33668
390	4.36492
400	4.45949
410	4.48981
420	4.52224
430	4.59989
440	4.6278
450	4.72097
460	4.86832
470	4.93202
480	5.00423
490	5.04159
500	5.12329
510	5.14953
520	5.25203
530	5.29935
540	5.37204
550	5.40143
560	5.4627
570	5.51317
580	5.60665
590	5.6447
600	5.76027
610	5.78846
620	5.84126
630	5.89484
640	5.95609
650	6.01588
660	6.14211
670	6.19614
680	6.26913
690	6.41641
700	6.44913
710	6.54464
720	6.67736
730	6.73192
740	6.81189
750	6.84059
760	6.86569
770	6.94645
780	7.02101
790	7.06852
800	7.06852
810	7.06852
820	7.06852
830	7.06852
840	7.06852
850	7.06852
860	7.06852
870	7.06852
880	7.06883
890	7.11464
900	7.12993
910	7.17615
920	7.20759
930	7.22852
940	7.26808
950	7.3139
960	7.33335
970	7.38305
980	7.3997
990	7.41421
1000	7.41421
1010	7.41421
1020	7.41421
1030	7.41421
1040	7.41421
1050	7.41421
1060	7.41421
1070	7.41421
1080	7.41421
1090	7.41421
74
360	4.29454
370	4.32993
380	4.35829
390	4.45546
400	4.48308
410	4.51599
420	4.58736
430	4.62015
440	4.70675
450	4.83583
460	4.92623
470	4.98797
480	5.03243
490	5.10541
500	5.13981
510	5.23363
520	5.28999
530	5.36752
540	5.39407
550	5.45706
560	5.50678
570	5.60194
580	5.63967
590	5.74722
600	5.78066
610	5.83658
620	5.88229
630	5.95153
640	6.00125
650	6.1141
660	6.1903
670	6.25285
680	6.39251
690	6.43646
700	6.51344
710	6.63828
720	6.72301
730	6.77994
740	6.82702
750	6.85643
760	6.91257
770	7.02031
780	7.04793
790	7.06912
800	7.06912
810	7.06912
820	7.06912
830	7.06912
840	7.06912
850	7.06912
860	7.06912
870	7.06912
880	7.09049
890	7.12605
900	7.16455
910	7.18844
920	7.21447
930	7.26838
940	7.28974
950	7.3332
960	7.35759
970	7.39528
980	7.41482
990	7.41482
1000	7.41482
1010	7.41482
1020	7.41482
1030	7.41482
1040	7.41482
1050	7.41482
1060	7.41482
1070	7.41482
1080	7.41482
1090	7.41482
74
360	4.35129
370	4.41763
380	4.47587
390	4.53137
400	4.55469
410	4.62646
420	4.66156
430	4.77235
440	4.91224
450	4.95872
460	5.04738
470	5.0649
480	5.11672
490	5.19529
500	5.29488
510	5.34547
520	5.38746
530	5.4621
540	5.48797
550	5.57588
560	5.62704
570	5.69504
580	5.78257
590	5.82404
600	5.86218
610	5.93516
620	5.9777
630	6.054
640	6.17681
650	6.22265
660	6.31305
670	6.45073
680	6.46667
690	6.55956
700	6.68701
710	6.75019
720	6.82483
730	6.85474
740	6.88229
750	6.9503
760	7.04303
770	7.08533
780	7.0927
790	7.0927
800	7.0927
810	7.0927
820	7.0927
830	7.0927
840	7.0927
850	7.0927
860	7.0927
870	7.11991
880	7.14977
890	7.19622
900	7.21627
910	7.2408
920	7.29195
930	7.31916
940	7.35678
950	7.38745
960	7.41912
970	7.43839
980	7.43839
990	7.43839
1000	7.43839
1010	7.43839
1020	7.43839
1030	7.43839
1040	7.43839
1050	7.43839
1060	7.43839
1070	7.43839
1080	7.43839
1090	7.43839
74
360	4.41296
370	4.50495
380	4.53411
390	4.56893
400	4.63349
410	4.66994
420	4.7467
430	4.89301
440	4.97819
450	5.03274
460	5.07947
470	5.11843
480	5.19738
490	5.32552
500	5.35143
510	5.41274
520	5.4522
530	5.50837
540	5.55931
550	5.65462
560	5.68837
570	5.79382
580	5.82955
590	5.88764
600	5.92994
610	6.00234
620	6.04538
630	6.16016
640	6.24289
650	6.301
660	6.43085
670	6.48517
680	6.54041
690	6.66739
700	6.77547
710	6.81492
720	6.87762
730	6.90975
740	6.9442
750	7.05037
760	7.09154
770	7.12453
780	7.12453
790	7.12453
800	7.12453
810	7.12453
820	7.12453
830	7.12453
840	7.12453
850	7.12453
860	7.13195
870	7.18145
880	7.19953
890	7.23477
900	7.26519
910	7.3068
920	7.33137
930	7.3886
940	7.39793
950	7.45068
960	7.46979
970	7.47022
980	7.47022
990	7.47022
1000	7.47022
1010	7.47022
1020	7.47022
1030	7.47022
1040	7.47022
1050	7.47022
1060	7.47022
1070	7.47022
1080	7.47022
1090	7.47022
74
360	4.48188
370	4.5206
380	4.5659
390	4.60845
400	4.66359
410	4.71844
420	4.84421
430	4.96736
440	4.99054
450	5.04635
460	5.08903
470	5.1472
480	5.27628
490	5.33481
500	5.39084
510	5.42882
520	5.50188
530	5.53095
540	5.61759
550	5.67016
560	5.74606
570	5.82072
580	5.8725
590	5.90878
600	6.004
610	6.02746
620	6.11967
630	6.24533
640	6.26803
650	6.36024
660	6.48887
670	6.50675
680	6.59257
690	6.74472
700	6.7902
710	6.86042
720	6.89901
730	6.92578
740	7.00628
750	7.07827
760	7.1066
770	7.13084
780	7.13084
790	7.13084
800	7.13084
810	7.13084
820	7.13084
830	7.13084
840	7.13084
850	7.13084
860	7.14723
870	7.18855
880	7.23465
890	7.25634
900	7.28086
910	7.33009
920	7.35881
930	7.39491
940	7.42692
950	7.45801
960	7.47653
970	7.47653
980	7.47653
990	7.47653
1000	7.47653
1010	7.47653
1020	7.47653
1030	7.47653
1040	7.47653
1050	7.47653
1060	7.47653
1070	7.47653
1080	7.47653
1090	7.47653
74
360	4.53321
370	4.57445
380	4.63155
390	4.67476
400	4.74962
410	4.86518
420	4.95855
430	4.99397
440	5.05879
450	5.10146
460	5.17786
470	5.29079
480	5.34694
490	5.42099
500	5.44795
510	5.5163
520	5.55797
530	5.6619
540	5.69178
550	5.79827
560	5.8357
570	5.88482
580	5.92803
590	6.01114
600	6.04744
610	6.15957
620	6.25317
630	6.28104
640	6.38299
650	6.49533
660	6.52305
670	6.62645
680	6.77558
690	6.80077
700	6.85436
710	6.91334
720	6.96427
730	7.06651
740	7.10173
750	7.12798
760	7.13867
770	7.13867
780	7.13867
790	7.13867
800	7.13867
810	7.13867
820	7.13867
830	7.13867
840	7.13867
850	7.15923
860	7.19713
870	7.2463
880	7.26859
890	7.29164
900	7.33792
910	7.37274
920	7.40275
930	7.44133
940	7.46669
950	7.48436
960	7.48436
970	7.48436
980	7.48436
990	7.48436
1000	7.48436
1010	7.48436
1020	7.48436
1030	7.48436
1040	7.48436
1050	7.48436
1060	7.48436
1070	7.48436
1080	7.48436
1090	7.48436
74
360	4.59835
370	4.67037
380	4.71653
390	4.81748
400	4.88516
410	4.99518
420	5.02403
430	5.09107
440	5.12636
450	5.2234
460	5.35048
470	5.38635
480	5.43831
490	5.49396
500	5.53521
510	5.60514
520	5.67794
530	5.72326
540	5.82338
550	5.85803
560	5.90293
570	5.95937
580	6.02821
590	6.07272
600	6.17248
610	6.269
620	6.3159
630	6.41675
640	6.50942
650	6.57604
660	6.69494
670	6.76817
680	6.8158
690	6.8945
700	6.93809
710	7.02155
720	7.08303
730	7.11674
740	7.15572
750	7.15572
760	7.15572
770	7.15572
780	7.15572
790	7.15572
800	7.15572
810	7.15572
820	7.15572
830	7.15572
840	7.18053
850	7.21532
860	7.26335
870	7.29008
880	7.31193
890	7.35498
900	7.39552
910	7.41994
920	7.46446
930	7.48499
940	7.50141
950	7.50141
960	7.50141
970	7.50141
980	7.50141
990	7.50141
1000	7.50141
1010	7.50141
1020	7.50141
1030	7.50141
1040	7.50141
1050	7.50141
1060	7.50141
1070	7.50141
1080	7.50141
1090	7.50141
74
360	4.64895
370	4.70496
380	4.7654
390	4.88668
400	4.95589
410	5.00167
420	5.08775
430	5.11869
440	5.2218
450	5.34123
460	5.36596
470	5.43731
480	5.46998
490	5.53054
500	5.57508
510	5.67885
520	5.69964
530	5.79945
540	5.84606
550	5.90227
560	5.93207
570	6.02919
580	6.0494
590	6.14838
600	6.2698
610	6.29178
620	6.39321
630	6.48732
640	6.56638
650	6.65283
660	6.75267
670	6.80897
680	6.87991
690	6.92668
700	7.00422
710	7.07929
720	7.11659
730	7.14365
740	7.15685
750	7.15685
760	7.15685
770	7.15685
780	7.15685
790	7.15685
800	7.15685
810	7.15685
820	7.15685
830	7.16447
840	7.21376
850	7.24717
860	7.2732
870	7.30028
880	7.3561
890	7.37352
900	7.42092
910	7.44113
920	7.483
930	7.50254
940	7.50254
950	7.50254
960	7.50254
970	7.50254
980	7.50254
990	7.50254
1000	7.50254
1010	7.50254
1020	7.50254
1030	7.50254
1040	7.50254
1050	7.50254
1060	7.50254
1070	7.50254
1080	7.50254
1090	7.50254
74
360	4.72427
370	4.84234
380	4.97618
390	5.00231
400	5.03738
410	5.14401
420	5.16863
430	5.25665
440	5.40586
450	5.41629
460	5.49072
470	5.51208
480	5.58555
490	5.61453
500	5.71472
510	5.74712
520	5.82655
530	5.89715
540	5.94939
550	5.97498
560	6.06085
570	6.09727
580	6.1767
590	6.32458
600	6.33701
610	6.4143
620	6.56089
630	6.6681
640	6.69773
650	6.79863
660	6.86133
670	6.91929
680	6.97697
690	7.03422
700	7.1332
710	7.16618
720	7.18776
730	7.21202
740	7.21202
750	7.21202
760	7.21202
770	7.21202
780	7.21202
790	7.21202
800	7.21202
810	7.21202
820	7.21483
830	7.26893
840	7.28906
850	7.32309
860	7.35297
870	7.39733
880	7.42022
890	7.4761
900	7.48692
910	7.53817
920	7.55771
930	7.55771
940	7.55771
950	7.55771
960	7.55771
970	7.55771
980	7.55771
990	7.55771
1000	7.55771
1010	7.55771
1020	7.55771
1030	7.55771
1040	7.55771
1050	7.55771
1060	7.55771
1070	7.55771
1080	7.55771
1090	7.55771
74
360	4.77457
370	4.93563
380	4.98672
390	5.01197
400	5.06654
410	5.15741
420	5.19069
430	5.29761
440	5.41371
450	5.43501
460	5.50034
470	5.53432
480	5.59393
490	5.63965
500	5.74166
510	5.76706
520	5.86513
530	5.91058
540	5.96528
550	5.99648
560	6.09171
570	6.11772
580	6.21653
590	6.33283
600	6.35643
610	6.45229
620	6.60086
630	6.67658
640	6.72303
650	6.84323
660	6.8761
670	6.95205
680	6.99155
690	7.06676
700	7.14224
710	7.17954
720	7.20875
730	7.21987
740	7.21987
750	7.21987
760	7.21987
770	7.21987
780	7.21987
790	7.21987
800	7.21987
810	7.21987
820	7.22909
830	7.27678
840	7.31147
850	7.33786
860	7.36457
870	7.41913
880	7.43824
890	7.48395
900	7.50581
910	7.54603
920	7.56557
930	7.56557
940	7.56557
950	7.56557
960	7.56557
970	7.56557
980	7.56557
990	7.56557
1000	7.56557
1010	7.56557
1020	7.56557
1030	7.56557
1040	7.56557
1050	7.56557
1060	7.56557
1070	7.56557
1080	7.56557
1090	7.56557
74
360	4.87855
370	4.99436
380	5.02218
390	5.04113
400	5.12713
410	5.17751
420	5.24219
430	5.37973
440	5.42982
450	5.48054
460	5.52072
470	5.58614
480	5.6193
490	5.69648
500	5.75893
510	5.81479
520	5.9179
530	5.94636
540	5.9848
550	6.04801
560	6.10917
570	6.16577
580	6.29587
590	6.34956
600	6.40322
610	6.53038
620	6.66827
630	6.70226
640	6.78018
650	6.88053
660	6.9144
670	6.99635
680	7.03022
690	7.13754
700	7.16951
710	7.1983
720	7.23466
730	7.23466
740	7.23466
750	7.23466
760	7.23466
770	7.23466
780	7.23466
790	7.23466
800	7.23466
810	7.23466
820	7.26645
830	7.29745
840	7.34229
850	7.37509
860	7.39688
870	7.43474
880	7.48252
890	7.50021
900	7.55166
910	7.5673
920	7.58035
930	7.58035
940	7.58035
950	7.58035
960	7.58035
970	7.58035
980	7.58035
990	7.58035
1000	7.58035
1010	7.58035
1020	7.58035
1030	7.58035
1040	7.58035
1050	7.58035
1060	7.58035
1070	7.58035
1080	7.58035
1090	7.58035
74
360	4.95172
370	4.99673
380	5.02032
390	5.08035
400	5.16434
410	5.20288
420	5.31553
430	5.42062
440	5.44615
450	5.50729
460	5.54657
470	5.60164
480	5.65278
490	5.74857
500	5.77858
510	5.88234
520	5.92004
530	5.97213
540	6.00919
550	6.09862
560	6.1293
570	6.2338
580	6.33974
590	6.36779
600	6.46932
610	6.60761
620	6.68435
630	6.73622
640	6.86076
650	6.88599
660	6.96752
670	7.00181
680	7.08333
690	7.15028
700	7.18642
710	7.22128
720	7.22679
730	7.22679
740	7.22679
750	7.22679
760	7.22679
770	7.22679
780	7.22679
790	7.22679
800	7.22679
810	7.23883
820	7.28375
830	7.32377
840	7.34776
850	7.37345
860	7.42604
870	7.44916
880	7.49086
890	7.51701
900	7.55307
910	7.57248
920	7.57248
930	7.57248
940	7.57248
950	7.57248
960	7.57248
970	7.57248
980	7.57248
990	7.57248
1000	7.57248
1010	7.57248
1020	7.57248
1030	7.57248
1040	7.57248
1050	7.57248
1060	7.57248
1070	7.57248
1080	7.57248
1090	7.57248
74
360	5.00499
370	5.02257
380	5.10516
390	5.16023
400	5.22105
410	5.33888
420	5.41346
430	5.46001
440	5.50339
450	5.56496
460	5.60125
470	5.67484
480	5.74221
490	5.79402
500	5.90206
510	5.92855
520	5.96778
530	6.02785
540	6.09241
550	6.14497
560	6.25538
570	6.33377
580	6.38933
590	6.50106
600	6.65679
610	6.68474
620	6.76058
630	6.86475
640	6.89584
650	6.98069
660	7.01178
670	7.11257
680	7.15146
690	7.18153
700	7.21908
710	7.21908
720	7.21908
730	7.21908
740	7.21908
750	7.21908
760	7.21908
770	7.21908
780	7.21908
790	7.21908
800	7.24685
810	7.28008
820	7.32671
830	7.35645
840	7.37791
850	7.41857
860	7.46212
870	7.48379
880	7.53109
890	7.54983
900	7.56477
910	7.56477
920	7.56477
930	7.56477
940	7.56477
950	7.56477
960	7.56477
970	7.56477
980	7.56477
990	7.56477
1000	7.56477
1010	7.56477
1020	7.56477
1030	7.56477
1040	7.56477
1050	7.56477
1060	7.56477
1070	7.56477
1080	7.56477
1090	7.56477
74
360	5.07363
370	5.17689
380	5.20648
390	5.29043
400	5.44299
410	5.45431
420	5.52192
430	5.54984
440	5.62747
450	5.65184
460	5.74916
470	5.78683
480	5.86484
490	5.93794
500	5.98771
510	6.01334
520	6.09581
530	6.13553
540	6.21057
550	6.35722
560	6.37718
570	6.4537
580	6.60147
590	6.71013
600	6.7339
610	6.83048
620	6.90174
630	6.95671
640	7.01768
650	7.07191
660	7.17484
670	7.20426
680	7.22686
690	7.25423
700	7.25423
710	7.25423
720	7.25423
730	7.25423
740	7.25423
750	7.25423
760	7.25423
770	7.25423
780	7.25507
790	7.30336
800	7.32542
810	7.36306
820	7.39466
830	7.43106
840	7.45857
850	7.51831
860	7.52486
870	7.58038
880	7.5956
890	7.59992
900	7.59992
910	7.59992
920	7.59992
930	7.59992
940	7.59992
950	7.59992
960	7.59992
970	7.59992
980	7.59992
990	7.59992
1000	7.59992
1010	7.59992
1020	7.59992
1030	7.59992
1040	7.59992
1050	7.59992
1060	7.59992
1070	7.59992
1080	7.59992
1090	7.59992
74
360	5.12483
370	5.20719
380	5.24917
390	5.36611
400	5.46339
410	5.48984
420	5.55013
430	5.59286
440	5.64495
450	5.70042
460	5.79091
470	5.82691
480	5.93785
490	5.96568
500	6.0149
510	6.05538
520	6.14119
530	6.17431
540	6.28225
550	6.38207
560	6.41661
570	6.52606
580	6.67878
590	6.72743
600	6.78215
610	6.91165
620	6.93174
630	7.01945
640	7.04736
650	7.13432
660	7.194
670	7.22883
680	7.26856
690	7.26955
700	7.26955
710	7.26955
720	7.26955
730	7.26955
740	7.26955
750	7.26955
760	7.26955
770	7.26955
780	7.28216
790	7.32655
800	7.36778
810	7.39113
820	7.41659
830	7.46881
840	7.49279
850	7.53363
860	7.56071
870	7.59589
880	7.61524
890	7.61524
900	7.61524
910	7.61524
920	7.61524
930	7.61524
940	7.61524
950	7.61524
960	7.61524
970	7.61524
980	7.61524
990	7.61524
1000	7.61524
1010	7.61524
1020	7.61524
1030	7.61524
1040	7.61524
1050	7.61524
1060	7.61524
1070	7.61524
1080	7.61524
1090	7.61524
74
360	5.18952
370	5.22359
380	5.30309
390	5.42889
400	5.47332
410	5.53498
420	5.56688
430	5.64718
440	5.66765
450	5.76175
460	5.80459
470	5.8776
480	5.95939
490	6.00158
500	6.03062
510	6.10849
520	6.15363
530	6.2234
540	6.34978
550	6.39512
560	6.4665
570	6.59279
580	6.73264
590	6.74977
600	6.84307
610	6.92244
620	6.9703
630	7.03849
640	7.08554
650	7.19735
660	7.21956
670	7.24456
680	7.27674
690	7.27674
700	7.27674
710	7.27674
720	7.27674
730	7.27674
740	7.27674
750	7.27674
760	7.27674
770	7.27674
780	7.3173
790	7.34261
800	7.38441
810	7.41717
820	7.44579
830	7.47796
840	7.53637
850	7.54377
860	7.6029
870	7.61263
880	7.62243
890	7.62243
900	7.62243
910	7.62243
920	7.62243
930	7.62243
940	7.62243
950	7.62243
960	7.62243
970	7.62243
980	7.62243
990	7.62243
1000	7.62243
1010	7.62243
1020	7.62243
1030	7.62243
1040	7.62243
1050	7.62243
1060	7.62243
1070	7.62243
1080	7.62243
1090	7.62243
74
360	5.25115
370	5.34692
380	5.48554
390	5.49621
400	5.5721
410	5.59405
420	5.66493
430	5.6978
440	5.80648
450	5.83063
460	5.92031
470	5.97753
480	6.03699
490	6.05724
500	6.15072
510	6.17842
520	6.2643
530	6.40407
540	6.42269
550	6.51389
560	6.66462
570	6.74759
580	6.77976
590	6.88768
600	6.94226
610	7.00838
620	7.05784
630	7.12244
640	7.2123
650	7.25086
660	7.27168
670	7.2917
680	7.2917
690	7.2917
700	7.2917
710	7.2917
720	7.2917
730	7.2917
740	7.2917
750	7.2917
760	7.29447
770	7.34861
780	7.36942
790	7.40275
800	7.43258
810	7.47894
820	7.50008
830	7.55577
840	7.56686
850	7.61785
860	7.63739
870	7.63739
880	7.63739
890	7.63739
900	7.63739
910	7.63739
920	7.63739
930	7.63739
940	7.63739
950	7.63739
960	7.63739
970	7.63739
980	7.63739
990	7.63739
1000	7.63739
1010	7.63739
1020	7.63739
1030	7.63739
1040	7.63739
1050	7.63739
1060	7.63739
1070	7.63739
1080	7.63739
1090	7.63739
74
360	5.32817
370	5.46307
380	5.51146
390	5.56203
400	5.60286
410	5.67106
420	5.70189
430	5.78311
440	5.84168
450	5.90374
460	5.99927
470	6.0317
480	6.0669
490	6.1328
500	6.19086
510	6.2491
520	6.37991
530	6.43318
540	6.49678
550	6.63183
560	6.75214
570	6.78412
580	6.86458
590	6.96199
600	7.00031
610	7.07812
620	7.11492
630	7.22833
640	7.25341
650	7.28105
660	7.31664
670	7.31664
680	7.31664
690	7.31664
700	7.31664
710	7.31664
720	7.31664
730	7.31664
740	7.31664
750	7.31664
760	7.34767
770	7.37879
780	7.42427
790	7.45706
800	7.47804
810	7.51644
820	7.56395
830	7.58182
840	7.63316
850	7.64862
860	7.66233
870	7.66233
880	7.66233
890	7.66233
900	7.66233
910	7.66233
920	7.66233
930	7.66233
940	7.66233
950	7.66233
960	7.66233
970	7.66233
980	7.66233
990	7.66233
1000	7.66233
1010	7.66233
1020	7.66233
1030	7.66233
1040	7.66233
1050	7.66233
1060	7.66233
1070	7.66233
1080	7.66233
1090	7.66233
74
360	5.38325
370	5.51397
380	5.5279
390	5.60053
400	5.6277
410	5.69336
420	5.73314
430	5.83806
440	5.86355
450	5.95895
460	6.00755
470	6.06542
480	6.09062
490	6.18762
500	6.21091
510	6.30428
520	6.43231
530	6.45686
540	6.55379
550	6.68807
560	6.77602
570	6.81499
580	6.91953
590	6.97279
600	7.04899
610	7.08824
620	7.16279
630	7.24091
640	7.27926
650	7.30577
660	7.32013
670	7.32013
680	7.32013
690	7.32013
700	7.32013
710	7.32013
720	7.32013
730	7.32013
740	7.32013
750	7.32437
760	7.37704
770	7.40288
780	7.43283
790	7.46161
800	7.51628
810	7.53146
820	7.5842
830	7.59862
840	7.64628
850	7.66582
860	7.66582
870	7.66582
880	7.66582
890	7.66582
900	7.66582
910	7.66582
920	7.66582
930	7.66582
940	7.66582
950	7.66582
960	7.66582
970	7.66582
980	7.66582
990	7.66582
1000	7.66582
1010	7.66582
1020	7.66582
1030	7.66582
1040	7.66582
1050	7.66582
1060	7.66582
1070	7.66582
1080	7.66582
1090	7.66582
74
360	5.45545
370	5.53161
380	5.56863
390	5.62038
400	5.67377
410	5.71727
420	5.78276
430	5.86014
440	5.90784
450	6.02039
460	6.04205
470	6.08477
480	6.13603
490	6.20991
500	6.25404
510	6.36936
520	6.4515
530	6.50204
540	6.62377
550	6.7864
560	6.79964
570	6.86442
580	6.98295
590	7.01052
600	7.09924
610	7.12436
620	7.21975
630	7.2676
640	7.29889
650	7.33776
660	7.33776
670	7.33776
680	7.33776
690	7.33776
700	7.33776
710	7.33776
720	7.33776
730	7.33776
740	7.33776
750	7.35832
760	7.39655
770	7.44539
780	7.4676
790	7.491
800	7.53701
810	7.57119
820	7.60187
830	7.63959
840	7.66614
850	7.68345
860	7.68345
870	7.68345
880	7.68345
890	7.68345
900	7.68345
910	7.68345
920	7.68345
930	7.68345
940	7.68345
950	7.68345
960	7.68345
970	7.68345
980	7.68345
990	7.68345
1000	7.68345
1010	7.68345
1020	7.68345
1030	7.68345
1040	7.68345
1050	7.68345
1060	7.68345
1070	7.68345
1080	7.68345
1090	7.68345
74
360	5.50735
370	5.52553
380	5.59333
390	5.63066
400	5.68688
410	5.7436
420	5.83464
430	5.86391
440	5.9733
450	6.00363
460	6.05868
470	6.09297
480	6.18432
490	6.2136
500	6.32299
510	6.42568
520	6.45565
530	6.56585
540	6.69145
550	6.76955
560	6.81493
570	6.9412
580	6.97006
590	7.05352
600	7.08809
610	7.17561
620	7.23561
630	7.27173
640	7.31064
650	7.31351
660	7.31351
670	7.31351
680	7.31351
690	7.31351
700	7.31351
710	7.31351
720	7.31351
730	7.31351
740	7.32032
750	7.3704
760	7.40178
770	7.42898
780	7.45646
790	7.51276
800	7.52884
810	7.57758
820	7.59632
830	7.63966
840	7.6592
850	7.6592
860	7.6592
870	7.6592
880	7.6592
890	7.6592
900	7.6592
910	7.6592
920	7.6592
930	7.6592
940	7.6592
950	7.6592
960	7.6592
970	7.6592
980	7.6592
990	7.6592
1000	7.6592
1010	7.6592
1020	7.6592
1030	7.6592
1040	7.6592
1050	7.6592
1060	7.6592
1070	7.6592
1080	7.6592
1090	7.6592
74
360	5.57812
370	5.63601
380	5.68716
390	5.73199
400	5.79593
410	5.8781
420	5.91119
430	6.01172
440	6.04919
450	6.10182
460	6.14338
470	6.22778
480	6.26087
490	6.36816
500	6.46914
510	6.50296
520	6.61018
530	6.73666
540	6.81422
550	6.87895
560	6.98141
570	7.01604
580	7.10316
590	7.13514
600	7.22734
610	7.28032
620	7.31511
630	7.35696
640	7.35696
650	7.35696
660	7.35696
670	7.35696
680	7.35696
690	7.35696
700	7.35696
710	7.35696
720	7.35696
730	7.36579
740	7.41386
750	7.44917
760	7.47458
770	7.50122
780	7.55622
790	7.57524
800	7.62104
810	7.64292
820	7.68312
830	7.70266
840	7.70266
850	7.70266
860	7.70266
870	7.70266
880	7.70266
890	7.70266
900	7.70266
910	7.70266
920	7.70266
930	7.70266
940	7.70266
950	7.70266
960	7.70266
970	7.70266
980	7.70266
990	7.70266
1000	7.70266
1010	7.70266
1020	7.70266
1030	7.70266
1040	7.70266
1050	7.70266
1060	7.70266
1070	7.70266
1080	7.70266
1090	7.70266
74
360	5.63653
370	5.69137
380	5.73321
390	5.80059
400	5.87783
410	5.91469
420	6.02986
430	6.05447
440	6.10179
450	6.14723
460	6.22736
470	6.26575
480	6.38249
490	6.46829
500	6.5106
510	6.63126
520	6.7606
530	6.81666
540	6.88874
550	7.00084
560	7.02407
570	7.11737
580	7.13825
590	7.23462
600	7.28277
610	7.31531
620	7.3567
630	7.3567
640	7.3567
650	7.3567
660	7.3567
670	7.3567
680	7.3567
690	7.3567
700	7.3567
710	7.3567
720	7.3677
730	7.41359
740	7.45277
750	7.47661
760	7.50248
770	7.55595
780	7.57799
790	7.62077
800	7.64584
810	7.68287
820	7.70239
830	7.70239
840	7.70239
850	7.70239
860	7.70239
870	7.70239
880	7.70239
890	7.70239
900	7.70239
910	7.70239
920	7.70239
930	7.70239
940	7.70239
950	7.70239
960	7.70239
970	7.70239
980	7.70239
990	7.70239
1000	7.70239
1010	7.70239
1020	7.70239
1030	7.70239
1040	7.70239
1050	7.70239
1060	7.70239
1070	7.70239
1080	7.70239
1090	7.70239
74
360	5.70502
370	5.7583
380	5.81191
390	5.90646
400	5.93159
410	6.03193
420	6.07589
430	6.13017
440	6.16259
450	6.25599
460	6.28237
470	6.38424
480	6.4968
490	6.52851
500	6.63651
510	6.77132
520	6.84132
530	6.90106
540	7.02747
550	7.04373
560	7.12875
570	7.15845
580	7.2404
590	7.30708
600	7.34328
610	7.38006
620	7.38533
630	7.38533
640	7.38533
650	7.38533
660	7.38533
670	7.38533
680	7.38533
690	7.38533
700	7.38533
710	7.39057
720	7.44223
730	7.46925
740	7.49909
750	7.52744
760	7.58182
770	7.59791
780	7.64941
790	7.66509
800	7.71148
810	7.73102
820	7.73102
830	7.73102
840	7.73102
850	7.73102
860	7.73102
870	7.73102
880	7.73102
890	7.73102
900	7.73102
910	7.73102
920	7.73102
930	7.73102
940	7.73102
950	7.73102
960	7.73102
970	7.73102
980	7.73102
990	7.73102
1000	7.73102
1010	7.73102
1020	7.73102
1030	7.73102
1040	7.73102
1050	7.73102
1060	7.73102
1070	7.73102
1080	7.73102
1090	7.73102
74
360	5.75645
370	5.79665
380	5.90579
390	5.92228
400	6.00551
410	6.07087
420	6.1295
430	6.15169
440	6.24268
450	6.27278
460	6.35741
470	6.4959
480	6.51961
490	6.61271
500	6.75178
510	6.83862
520	6.88446
530	6.99879
540	7.03712
550	7.10623
560	7.15235
570	7.21864
580	7.30455
590	7.34122
600	7.37162
610	7.38485
620	7.38485
630	7.38485
640	7.38485
650	7.38485
660	7.38485
670	7.38485
680	7.38485
690	7.38485
700	7.38688
710	7.43907
720	7.45951
730	7.49505
740	7.52549
750	7.5664
760	7.59156
770	7.64892
780	7.65809
790	7.711
800	7.72979
810	7.73054
820	7.73054
830	7.73054
840	7.73054
850	7.73054
860	7.73054
870	7.73054
880	7.73054
890	7.73054
900	7.73054
910	7.73054
920	7.73054
930	7.73054
940	7.73054
950	7.73054
960	7.73054
970	7.73054
980	7.73054
990	7.73054
1000	7.73054
1010	7.73054
1020	7.73054
1030	7.73054
1040	7.73054
1050	7.73054
1060	7.73054
1070	7.73054
1080	7.73054
1090	7.73054
74
360	5.81682
370	5.91286
380	5.94696
390	6.03185
400	6.09365
410	6.15414
420	6.17686
430	6.26583
440	6.29671
450	6.38909
460	6.51907
470	6.54317
480	6.63252
490	6.77047
500	6.8626
510	6.90864
520	7.00951
530	7.06143
540	7.14221
550	7.18056
560	7.26181
570	7.32829
580	7.36209
590	7.40652
600	7.40981
610	7.40981
620	7.40981
630	7.40981
640	7.40981
650	7.40981
660	7.40981
670	7.40981
680	7.40981
690	7.41013
700	7.45779
710	7.47936
720	7.51802
730	7.55023
740	7.58516
750	7.61294
760	7.67388
770	7.67912
780	7.73596
790	7.74955
800	7.7555
810	7.7555
820	7.7555
830	7.7555
840	7.7555
850	7.7555
860	7.7555
870	7.7555
880	7.7555
890	7.7555
900	7.7555
910	7.7555
920	7.7555
930	7.7555
940	7.7555
950	7.7555
960	7.7555
970	7.7555
980	7.7555
990	7.7555
1000	7.7555
1010	7.7555
1020	7.7555
1030	7.7555
1040	7.7555
1050	7.7555
1060	7.7555
1070	7.7555
1080	7.7555
1090	7.7555
74
360	5.86909
370	5.94931
380	5.99152
390	6.10639
400	6.12944
410	6.17428
420	6.22522
430	6.29872
440	6.3453
450	6.46465
460	6.53999
470	6.59093
480	6.71465
490	6.85275
500	6.89055
510	6.96405
520	7.06936
530	7.10575
540	7.18692
550	7.22331
560	7.33247
570	7.36294
580	7.39056
590	7.42849
600	7.42849
610	7.42849
620	7.42849
630	7.42849
640	7.42849
650	7.42849
660	7.42849
670	7.42849
680	7.42849
690	7.43871
700	7.48537
710	7.52176
720	7.54753
730	7.57389
740	7.62774
750	7.64821
760	7.69257
770	7.71586
780	7.75466
790	7.77418
800	7.77418
810	7.77418
820	7.77418
830	7.77418
840	7.77418
850	7.77418
860	7.77418
870	7.77418
880	7.77418
890	7.77418
900	7.77418
910	7.77418
920	7.77418
930	7.77418
940	7.77418
950	7.77418
960	7.77418
970	7.77418
980	7.77418
990	7.77418
1000	7.77418
1010	7.77418
1020	7.77418
1030	7.77418
1040	7.77418
1050	7.77418
1060	7.77418
1070	7.77418
1080	7.77418
1090	7.77418
74
360	5.93258
370	5.96819
380	6.05048
390	6.11878
400	6.17432
410	6.19751
420	6.28744
430	6.31968
440	6.40608
450	6.53313
460	6.56323
470	6.65316
480	6.78374
490	6.88957
500	6.92566
510	7.02805
520	7.0854
530	7.16136
540	7.2051
550	7.2876
560	7.35445
570	7.38769
580	7.43424
590	7.43698
600	7.43698
610	7.43698
620	7.43698
630	7.43698
640	7.43698
650	7.43698
660	7.43698
670	7.43698
680	7.43698
690	7.47461
700	7.50141
710	7.54461
720	7.5774
730	7.60353
740	7.63755
750	7.69309
760	7.70321
770	7.7628
780	7.7714
790	7.78267
800	7.78267
810	7.78267
820	7.78267
830	7.78267
840	7.78267
850	7.78267
860	7.78267
870	7.78267
880	7.78267
890	7.78267
900	7.78267
910	7.78267
920	7.78267
930	7.78267
940	7.78267
950	7.78267
960	7.78267
970	7.78267
980	7.78267
990	7.78267
1000	7.78267
1010	7.78267
1020	7.78267
1030	7.78267
1040	7.78267
1050	7.78267
1060	7.78267
1070	7.78267
1080	7.78267
1090	7.78267
74
360	5.99549
370	6.09822
380	6.13913
390	6.19391
400	6.22882
410	6.31885
420	6.34945
430	6.4585
440	6.55964
450	6.59309
460	6.7053
470	6.84167
480	6.90604
490	6.97321
500	7.0885
510	7.1205
520	7.20613
530	7.24105
540	7.35483
550	7.38023
560	7.40793
570	7.41638
580	7.44961
590	7.44961
600	7.44961
610	7.44961
620	7.44961
630	7.44961
640	7.44961
650	7.44961
660	7.44961
670	7.45208
680	7.50649
690	7.52697
700	7.56034
710	7.59035
720	7.63697
730	7.65759
740	7.71368
750	7.72437
760	7.77576
770	7.7953
780	7.7953
790	7.7953
800	7.7953
810	7.7953
820	7.7953
830	7.7953
840	7.7953
850	7.7953
860	7.7953
870	7.7953
880	7.7953
890	7.7953
900	7.7953
910	7.7953
920	7.7953
930	7.7953
940	7.7953
950	7.7953
960	7.7953
970	7.7953
980	7.7953
990	7.7953
1000	7.7953
1010	7.7953
1020	7.7953
1030	7.7953
1040	7.7953
1050	7.7953
1060	7.7953
1070	7.7953
1080	7.7953
1090	7.7953
74
360	6.07143
370	6.15174
380	6.19962
390	6.22806
400	6.31146
410	6.35046
420	6.42923
430	6.56817
440	6.59291
450	6.67478
460	6.81378
470	6.92186
480	6.96433
490	7.08404
500	7.12374
510	7.21023
520	7.24216
530	7.32943
540	7.38858
550	7.42004
560	7.4372
570	7.43755
580	7.47077
590	7.47077
600	7.47077
610	7.47077
620	7.47077
630	7.47077
640	7.47077
650	7.47077
660	7.47077
670	7.50136
680	7.53266
690	7.5784
700	7.61108
710	7.63177
720	7.67049
730	7.7176
740	7.73584
750	7.78681
760	7.8025
770	7.81646
780	7.81646
790	7.81646
800	7.81646
810	7.81646
820	7.81646
830	7.81646
840	7.81646
850	7.81646
860	7.81646
870	7.81646
880	7.81646
890	7.81646
900	7.81646
910	7.81646
920	7.81646
930	7.81646
940	7.81646
950	7.81646
960	7.81646
970	7.81646
980	7.81646
990	7.81646
1000	7.81646
1010	7.81646
1020	7.81646
1030	7.81646
1040	7.81646
1050	7.81646
1060	7.81646
1070	7.81646
1080	7.81646
1090	7.81646
