119
1
1090	0.0297279
2
1080	0.0419429
1090	0.0956993
3
1070	0.0559491
1080	0.092455
1090	0.199165
4
1060	0.0648635
1070	0.0839378
1080	0.172558
1090	0.237965
5
1050	0.0629481
1060	0.0920402
1070	0.16876
1080	0.253021
1090	0.283405
6
1040	0.0102024
1050	0.0862381
1060	0.106811
1070	0.195575
1080	0.257217
1090	0.30619
7
1030	0.0193792
1040	0.0858298
1050	0.113539
1060	0.191546
1070	0.271846
1080	0.30796
1090	0.416304
8
1020	0.0310445
1030	0.0884388
1040	0.123664
1050	0.192831
1060	0.286997
1070	0.314208
1080	0.41428
1090	0.449742
9
1010	0.0395237
1020	0.0714643
1030	0.128094
1040	0.172065
1050	0.277626
1060	0.307622
1070	0.383992
1080	0.455797
1090	0.49514
10
1000	0.0373749
1010	0.0626555
1020	0.139268
1030	0.158722
1040	0.250285
1050	0.31046
1060	0.358493
1070	0.467157
1080	0.483503
1090	0.527562
21
890	0.00288248
900	0.00288248
910	0.00288248
920	0.00288248
930	0.00288248
940	0.00288248
950	0.00288248
960	0.00288248
970	0.00288248
980	0.00288248
990	0.00484293
1000	0.0546752
1010	0.0786908
1020	0.143056
1030	0.178089
1040	0.285639
1050	0.318474
1060	0.387333
1070	0.470945
1080	0.501603
1090	0.535398
22
880	0.0142461
890	0.0142461
900	0.0142461
910	0.0142461
920	0.0142461
930	0.0142461
940	0.0142461
950	0.0142461
960	0.0142461
970	0.0142461
980	0.0142461
990	0.0418025
1000	0.0724611
1010	0.13945
1020	0.166667
1030	0.245306
1040	0.324876
1050	0.361283
1060	0.470504
1070	0.492153
1080	0.542074
1090	0.573646
23
870	0.0256097
880	0.0256097
890	0.0256097
900	0.0256097
910	0.0256097
920	0.0256097
930	0.0256097
940	0.0256097
950	0.0256097
960	0.0256097
970	0.0256097
980	0.0356803
990	0.077632
1000	0.119219
1010	0.167849
1020	0.220908
1030	0.33624
1040	0.351856
1050	0.435031
1060	0.494834
1070	0.543591
1080	0.568568
1090	0.593233
24
860	0.00239772
870	0.0293976
880	0.0293976
890	0.0293976
900	0.0293976
910	0.0293976
920	0.0293976
930	0.0293976
940	0.0293976
950	0.0293976
960	0.0293976
970	0.0293976
980	0.0491697
990	0.0843539
1000	0.140594
1010	0.177009
1020	0.244498
1030	0.340027
1040	0.367248
1050	0.464263
1060	0.503084
1070	0.557204
1080	0.583809
1090	0.60598
64
460	0.0301383
470	0.0301383
480	0.0301383
490	0.0301383
500	0.0301383
510	0.0301383
520	0.0301383
530	0.0301383
540	0.0301383
550	0.0301383
560	0.0301383
570	0.0301383
580	0.0301383
590	0.0301383
600	0.0301383
610	0.0301383
620	0.0301383
630	0.0301383
640	0.0301383
650	0.0301383
660	0.0301383
670	0.0301383
680	0.0301383
690	0.0301383
700	0.0301383
710	0.0301383
720	0.0301383
730	0.0301383
740	0.0301383
750	0.0301383
760	0.0301383
770	0.0301383
780	0.0301383
790	0.0301383
800	0.0301383
810	0.0301383
820	0.0301383
830	0.0301383
840	0.0301383
850	0.054275
860	0.0597007
870	0.0597007
880	0.0597007
890	0.0597007
900	0.0597007
910	0.0597007
920	0.0597007
930	0.0597007
940	0.0597007
950	0.0597007
960	0.0682438
970	0.111509
980	0.15173
990	0.201128
1000	0.253725
1010	0.353389
1020	0.384253
1030	0.468842
1040	0.52832
1050	0.576276
1060	0.600956
1070	0.625857
1080	0.697018
1090	0.777498
65
450	0.0175123
460	0.0490777
470	0.0490777
480	0.0490777
490	0.0490777
500	0.0490777
510	0.0490777
520	0.0490777
530	0.0490777
540	0.0490777
550	0.0490777
560	0.0490777
570	0.0490777
580	0.0490777
590	0.0490777
600	0.0490777
610	0.0490777
620	0.0490777
630	0.0490777
640	0.0490777
650	0.0490777
660	0.0490777
670	0.0490777
680	0.0490777
690	0.0490777
700	0.0490777
710	0.0490777
720	0.0490777
730	0.0490777
740	0.0490777
750	0.0490777
760	0.0490777
770	0.0490777
780	0.0490777
790	0.0490777
800	0.0490777
810	0.0490777
820	0.0490777
830	0.0490777
840	0.0785546
850	0.0786401
860	0.0786401
870	0.0786401
880	0.0786401
890	0.0786401
900	0.0786401
910	0.0786401
920	0.0786401
930	0.0786401
940	0.0786401
950	0.0902618
960	0.130756
970	0.177785
980	0.221305
990	0.281088
1000	0.38927
1010	0.407161
1020	0.49544
1030	0.548141
1040	0.603141
1050	0.623787
1060	0.647533
1070	0.726056
1080	0.796501
1090	0.839544
68
420	0.000971386
430	0.000971386
440	0.00100626
450	0.0213002
460	0.0528656
470	0.0528656
480	0.0528656
490	0.0528656
500	0.0528656
510	0.0528656
520	0.0528656
530	0.0528656
540	0.0528656
550	0.0528656
560	0.0528656
570	0.0528656
580	0.0528656
590	0.0528656
600	0.0528656
610	0.0528656
620	0.0528656
630	0.0528656
640	0.0528656
650	0.0528656
660	0.0528656
670	0.0528656
680	0.0528656
690	0.0528656
700	0.0528656
710	0.0528656
720	0.0528656
730	0.0528656
740	0.0528656
750	0.0528656
760	0.0528656
770	0.0528656
780	0.0528656
790	0.0528656
800	0.0528656
810	0.0528656
820	0.0528656
830	0.0530965
840	0.0824279
850	0.0824279
860	0.0824279
870	0.0824279
880	0.0824279
890	0.0824279
900	0.0824279
910	0.0824279
920	0.0824279
930	0.0824279
940	0.0824279
950	0.103267
960	0.137688
970	0.196135
980	0.230572
990	0.300564
1000	0.393058
1010	0.421636
1020	0.521934
1030	0.556555
1040	0.610214
1050	0.638153
1060	0.659933
1070	0.747243
1080	0.802664
1090	0.857503
74
360	0
370	0
380	0
390	0
400	0
410	0
420	0.00475926
430	0.00475926
440	0.00479414
450	0.0250881
460	0.0566534
470	0.0566534
480	0.0566534
490	0.0566534
500	0.0566534
510	0.0566534
520	0.0566534
530	0.0566534
540	0.0566534
550	0.0566534
560	0.0566534
570	0.0566534
580	0.0566534
590	0.0566534
600	0.0566534
610	0.0566534
620	0.0566534
630	0.0566534
640	0.0566534
650	0.0566534
660	0.0566534
670	0.0566534
680	0.0566534
690	0.0566534
700	0.0566534
710	0.0566534
720	0.0566534
730	0.0566534
740	0.0566534
750	0.0566534
760	0.0566534
770	0.0566534
780	0.0566534
790	0.0566534
800	0.0566534
810	0.0566534
820	0.0566534
830	0.0600139
840	0.0862158
850	0.0862158
860	0.0862158
870	0.0862158
880	0.0862158
890	0.0862158
900	0.0862158
910	0.0862158
920	0.0862158
930	0.0862158
940	0.0862158
950	0.122076
960	0.148497
970	0.225415
980	0.244167
990	0.333033
1000	0.397297
1010	0.442851
1020	0.554278
1030	0.569098
1040	0.614368
1050	0.645527
1060	0.677821
1070	0.784609
1080	0.812615
1090	0.882687
74
360	0.0530303
370	0.0530303
380	0.0530303
390	0.0577896
400	0.0577896
410	0.0577896
420	0.0577896
430	0.0577896
440	0.0578244
450	0.0781255
460	0.109684
470	0.109684
480	0.109684
490	0.109684
500	0.109684
510	0.109684
520	0.109684
530	0.109684
540	0.109684
550	0.109684
560	0.109684
570	0.109684
580	0.109684
590	0.109684
600	0.109684
610	0.109684
620	0.109684
630	0.109684
640	0.109684
650	0.109684
660	0.109684
670	0.109684
680	0.109684
690	0.109684
700	0.109684
710	0.109684
720	0.109684
730	0.109684
740	0.109684
750	0.109684
760	0.109684
770	0.109684
780	0.109684
790	0.109684
800	0.109684
810	0.139246
820	0.139246
830	0.139246
840	0.139246
850	0.139246
860	0.139246
870	0.139246
880	0.139246
890	0.139246
900	0.139246
910	0.139246
920	0.162816
930	0.195258
940	0.259567
950	0.288721
960	0.365427
970	0.449876
980	0.481957
990	0.591205
1000	0.614472
1010	0.666931
1020	0.698502
1030	0.719722
1040	0.815798
1050	0.86008
1060	0.920515
1070	0.948304
1080	1.0118
1090	1.0418
74
360	0.103244
370	0.106387
380	0.106387
390	0.106387
400	0.106387
410	0.106387
420	0.106387
430	0.106387
440	0.106422
450	0.126826
460	0.158281
470	0.158281
480	0.158281
490	0.158281
500	0.158281
510	0.158281
520	0.158281
530	0.158281
540	0.158281
550	0.158281
560	0.158281
570	0.158281
580	0.158281
590	0.158281
600	0.158281
610	0.158281
620	0.158281
630	0.158281
640	0.158281
650	0.158281
660	0.158281
670	0.158281
680	0.158281
690	0.158281
700	0.158281
710	0.158281
720	0.158281
730	0.158281
740	0.158281
750	0.158281
760	0.158281
770	0.158281
780	0.167443
790	0.187844
800	0.187844
810	0.187844
820	0.187844
830	0.187844
840	0.187844
850	0.187844
860	0.187844
870	0.187844
880	0.187844
890	0.193418
900	0.239636
910	0.272019
920	0.328384
930	0.372362
940	0.489571
950	0.508383
960	0.583146
970	0.655965
980	0.695545
990	0.725293
1000	0.751543
1010	0.813845
1020	0.905641
1030	0.93467
1040	0.985491
1050	1.03533
1060	1.06919
1070	1.14176
1080	1.22614
1090	1.25991
74
360	0.156274
370	0.156274
380	0.156274
390	0.156274
400	0.156274
410	0.156274
420	0.156274
430	0.156274
440	0.156309
450	0.176909
460	0.208169
470	0.208169
480	0.208169
490	0.208169
500	0.208169
510	0.208169
520	0.208169
530	0.208169
540	0.208169
550	0.208169
560	0.208169
570	0.208169
580	0.208169
590	0.208169
600	0.208169
610	0.208169
620	0.208169
630	0.208169
640	0.208169
650	0.208169
660	0.208169
670	0.208169
680	0.208169
690	0.208169
700	0.208169
710	0.208169
720	0.208169
730	0.208169
740	0.208169
750	0.218039
760	0.237731
770	0.237731
780	0.237731
790	0.237731
800	0.237731
810	0.237731
820	0.237731
830	0.237731
840	0.237731
850	0.237731
860	0.243867
870	0.289523
880	0.323164
890	0.37843
900	0.423695
910	0.541966
920	0.559781
930	0.637168
940	0.705925
950	0.746809
960	0.775806
970	0.80185
980	0.865367
990	0.955495
1000	0.987067
1010	1.03584
1020	1.0884
1030	1.12045
1040	1.19565
1050	1.27596
1060	1.31174
1070	1.40548
1080	1.42885
1090	1.46604
74
360	0.209305
370	0.209305
380	0.209305
390	0.209305
400	0.209305
410	0.209305
420	0.209305
430	0.209305
440	0.20934
450	0.230205
460	0.261199
470	0.261199
480	0.261199
490	0.261199
500	0.261199
510	0.261199
520	0.261199
530	0.261199
540	0.261199
550	0.261199
560	0.261199
570	0.261199
580	0.261199
590	0.261199
600	0.261199
610	0.261199
620	0.261199
630	0.261199
640	0.261199
650	0.261199
660	0.261199
670	0.261199
680	0.261199
690	0.261199
700	0.261199
710	0.261199
720	0.271657
730	0.290761
740	0.290761
750	0.290761
760	0.290761
770	0.290761
780	0.290761
790	0.290761
800	0.290761
810	0.290761
820	0.290761
830	0.297637
840	0.342553
850	0.380248
860	0.431524
870	0.482242
880	0.590687
890	0.614184
900	0.699717
910	0.758971
920	0.80478
930	0.830012
940	0.855441
950	0.926609
960	1.00852
970	1.04389
980	1.08907
990	1.14797
1000	1.17471
1010	1.2583
1020	1.32899
1030	1.36908
1040	1.45851
1050	1.48469
1060	1.51926
1070	1.57427
1080	1.59852
1090	1.62491
74
360	0.262335
370	0.262335
380	0.262335
390	0.262335
400	0.262335
410	0.262335
420	0.262335
430	0.262335
440	0.26237
450	0.283686
460	0.314229
470	0.314229
480	0.314229
490	0.314229
500	0.314229
510	0.314229
520	0.314229
530	0.314229
540	0.314229
550	0.314229
560	0.314229
570	0.314229
580	0.314229
590	0.314229
600	0.314229
610	0.314229
620	0.314229
630	0.314229
640	0.314229
650	0.314229
660	0.314229
670	0.314229
680	0.314229
690	0.318507
700	0.343792
710	0.343792
720	0.343792
730	0.343792
740	0.343792
750	0.343792
760	0.343792
770	0.343792
780	0.343792
790	0.343792
800	0.350956
810	0.395583
820	0.431855
830	0.484798
840	0.532908
850	0.654388
860	0.66727
870	0.747947
880	0.812154
890	0.855823
900	0.883021
910	0.908738
920	0.975352
930	1.06155
940	1.09566
950	1.14239
960	1.1979
970	1.22821
980	1.30741
990	1.38204
1000	1.42053
1010	1.51155
1020	1.53704
1030	1.57313
1040	1.62686
1050	1.6536
1060	1.67925
1070	1.75771
1080	1.80304
1090	1.8466
74
360	0.315365
370	0.315365
380	0.315365
390	0.315365
400	0.315365
410	0.315365
420	0.315365
430	0.315365
440	0.3154
450	0.337282
460	0.36726
470	0.36726
480	0.36726
490	0.36726
500	0.36726
510	0.36726
520	0.36726
530	0.36726
540	0.36726
550	0.36726
560	0.36726
570	0.36726
580	0.36726
590	0.36726
600	0.36726
610	0.36726
620	0.36726
630	0.36726
640	0.36726
650	0.36726
660	0.371956
670	0.396822
680	0.396822
690	0.396822
700	0.396822
710	0.396822
720	0.396822
730	0.396822
740	0.396822
750	0.396822
760	0.396822
770	0.404688
780	0.448614
790	0.488435
800	0.53791
810	0.590729
820	0.69068
830	0.72198
840	0.797106
850	0.865163
860	0.918762
870	0.94001
880	0.964359
890	1.03463
900	1.11371
910	1.15759
920	1.19638
930	1.25875
940	1.28375
950	1.35888
960	1.43477
970	1.48434
980	1.56346
990	1.60013
1000	1.62967
1010	1.67878
1020	1.71622
1030	1.73806
1040	1.8158
1050	1.85764
1060	1.89959
1070	1.94347
1080	1.96444
1090	2.04181
74
360	0.368396
370	0.368396
380	0.368396
390	0.368396
400	0.368396
410	0.368396
420	0.368396
430	0.368396
440	0.368431
450	0.391101
460	0.42029
470	0.42029
480	0.42029
490	0.42029
500	0.42029
510	0.42029
520	0.42029
530	0.42029
540	0.42029
550	0.42029
560	0.42029
570	0.42029
580	0.42029
590	0.42029
600	0.42029
610	0.42029
620	0.42029
630	0.423856
640	0.449852
650	0.449852
660	0.449852
670	0.449852
680	0.449852
690	0.449852
700	0.449852
710	0.449852
720	0.449852
730	0.449852
740	0.455995
750	0.501644
760	0.534411
770	0.590641
780	0.635913
790	0.750835
800	0.772098
810	0.84732
820	0.917835
830	0.962411
840	0.989745
850	1.01543
860	1.08159
870	1.16666
880	1.20358
890	1.24861
900	1.30294
910	1.33385
920	1.40907
930	1.48774
940	1.53301
950	1.61593
960	1.64938
970	1.68068
980	1.73177
990	1.76255
1000	1.7875
1010	1.86759
1020	1.9108
1030	1.95254
1040	1.99502
1050	2.01713
1060	2.1021
1070	2.23701
1080	2.24913
1090	2.32505
74
360	0.421426
370	0.421426
380	0.421426
390	0.421426
400	0.421426
410	0.421426
420	0.421426
430	0.421426
440	0.421461
450	0.445324
460	0.47332
470	0.47332
480	0.47332
490	0.47332
500	0.47332
510	0.47332
520	0.47332
530	0.47332
540	0.47332
550	0.47332
560	0.47332
570	0.47332
580	0.47332
590	0.47332
600	0.473823
610	0.502882
620	0.502882
630	0.502882
640	0.502882
650	0.502882
660	0.502882
670	0.502882
680	0.502882
690	0.502882
700	0.502882
710	0.510563
720	0.554674
730	0.594566
740	0.643945
750	0.698773
760	0.806393
770	0.827872
780	0.913636
790	0.971118
800	1.02511
810	1.04623
820	1.07049
830	1.14987
840	1.21973
850	1.26459
860	1.30358
870	1.37416
880	1.39301
890	1.48152
900	1.54105
910	1.59588
920	1.66896
930	1.70967
940	1.73714
950	1.78435
960	1.82538
970	1.84632
980	1.93675
990	1.96721
1000	2.00593
1010	2.0513
1020	2.07923
1030	2.17386
1040	2.28893
1050	2.30871
1060	2.39528
1070	2.41991
1080	2.47485
1090	2.52054
74
360	0.474456
370	0.474456
380	0.474456
390	0.474456
400	0.474456
410	0.474456
420	0.474456
430	0.474456
440	0.474491
450	0.499568
460	0.52635
470	0.52635
480	0.52635
490	0.52635
500	0.52635
510	0.52635
520	0.52635
530	0.52635
540	0.52635
550	0.52635
560	0.52635
570	0.526944
580	0.555913
590	0.555913
600	0.555913
610	0.555913
620	0.555913
630	0.555913
640	0.555913
650	0.555913
660	0.555913
670	0.555913
680	0.56389
690	0.607705
700	0.648087
710	0.697146
720	0.753181
730	0.862021
740	0.881269
750	0.967926
760	1.02457
770	1.08142
780	1.10051
790	1.12455
800	1.20576
810	1.27283
820	1.3198
830	1.35685
840	1.42765
850	1.44644
860	1.53595
870	1.59429
880	1.65032
890	1.72166
900	1.7678
910	1.7915
920	1.8371
930	1.87806
940	1.90186
950	1.99479
960	2.02458
970	2.05985
980	2.10374
990	2.13638
1000	2.23423
1010	2.33986
1020	2.37177
1030	2.44709
1040	2.48427
1050	2.52792
1060	2.57407
1070	2.5954
1080	2.68251
1090	2.71969
74
360	0.527487
370	0.527487
380	0.527487
390	0.527487
400	0.527487
410	0.527487
420	0.527487
430	0.527487
440	0.527522
450	0.553658
460	0.579381
470	0.579381
480	0.579381
490	0.579381
500	0.579381
510	0.579381
520	0.579381
530	0.579381
540	0.579381
550	0.588145
560	0.608943
570	0.608943
580	0.608943
590	0.608943
600	0.608943
610	0.608943
620	0.608943
630	0.608943
640	0.608943
650	0.61601
660	0.660735
670	0.696513
680	0.750024
690	0.79967
700	0.91812
710	0.932608
720	1.01292
730	1.07743
740	1.12781
750	1.15139
760	1.17659
770	1.25033
780	1.32583
790	1.36745
800	1.40926
810	1.47205
820	1.49735
830	1.58277
840	1.64717
850	1.69681
860	1.77449
870	1.81903
880	1.84576
890	1.88997
900	1.93033
910	1.9567
920	2.05524
930	2.07754
940	2.1134
950	2.15635
960	2.1886
970	2.29374
980	2.39248
990	2.42405
1000	2.50011
1010	2.53306
1020	2.58093
1030	2.62182
1040	2.64669
1050	2.72773
1060	2.77177
1070	2.84113
1080	2.94075
1090	2.97871
74
360	0.580517
370	0.580517
380	0.580517
390	0.580517
400	0.580517
410	0.580517
420	0.580517
430	0.580517
440	0.580552
450	0.609769
460	0.632411
470	0.632411
480	0.632411
490	0.632411
500	0.632411
510	0.632411
520	0.632411
530	0.648688
540	0.661973
550	0.661973
560	0.661973
570	0.661973
580	0.661973
590	0.661973
600	0.661973
610	0.661973
620	0.669207
630	0.713765
640	0.752351
650	0.802921
660	0.857054
670	0.966632
680	0.987235
690	1.07745
700	1.13037
710	1.18615
720	1.20631
730	1.23062
740	1.31346
750	1.37894
760	1.43225
770	1.46541
780	1.53311
790	1.55743
800	1.65893
810	1.70193
820	1.77
830	1.82782
840	1.88286
850	1.90295
860	1.94296
870	1.98256
880	2.01727
890	2.11059
900	2.13817
910	2.16879
920	2.2084
930	2.25105
940	2.36056
950	2.44004
960	2.47862
970	2.5482
980	2.59167
990	2.63477
1000	2.68361
1010	2.71537
1020	2.81382
1030	2.83877
1040	2.9408
1050	2.99237
1060	3.05184
1070	3.0743
1080	3.10311
1090	3.17282
74
360	0.633547
370	0.633547
380	0.633547
390	0.633547
400	0.633547
410	0.633547
420	0.633547
430	0.633547
440	0.633582
450	0.665921
460	0.685442
470	0.685442
480	0.685442
490	0.685442
500	0.685442
510	0.709821
520	0.715004
530	0.715004
540	0.715004
550	0.715004
560	0.715004
570	0.715004
580	0.715004
590	0.721556
600	0.766795
610	0.803757
620	0.855704
630	0.908126
640	1.0255
650	1.03928
660	1.12774
670	1.18312
680	1.23718
690	1.25854
700	1.28301
710	1.36492
720	1.43174
730	1.48334
740	1.51834
750	1.58594
760	1.61215
770	1.71863
780	1.75443
790	1.82077
800	1.88051
810	1.93544
820	1.95727
830	1.99592
840	2.0352
850	2.07062
860	2.16359
870	2.18981
880	2.22138
890	2.26125
900	2.30385
910	2.42782
920	2.49307
930	2.53003
940	2.60105
950	2.64446
960	2.6882
970	2.736
980	2.77067
990	2.86633
1000	2.89254
1010	2.99902
1020	3.04497
1030	3.10479
1040	3.12661
1050	3.15697
1060	3.23069
1070	3.28833
1080	3.34648
1090	3.42678
74
360	0.686577
370	0.686577
380	0.686577
390	0.686577
400	0.686577
410	0.686577
420	0.686577
430	0.686577
440	0.686613
450	0.720258
460	0.738474
470	0.738474
480	0.738474
490	0.741392
500	0.768034
510	0.768034
520	0.768034
530	0.768034
540	0.768034
550	0.768034
560	0.77313
570	0.819826
580	0.851332
590	0.908382
600	0.953795
610	1.06346
620	1.08978
630	1.16795
640	1.23593
650	1.2873
660	1.31058
670	1.33543
680	1.41136
690	1.48438
700	1.53202
710	1.57081
720	1.63896
730	1.66161
740	1.75678
750	1.80738
760	1.86917
770	1.933
780	1.98363
790	2.00774
800	2.04854
810	2.08812
820	2.11963
830	2.21647
840	2.23912
850	2.27314
860	2.31402
870	2.35273
880	2.46006
890	2.54504
900	2.58599
910	2.65383
920	2.69925
930	2.74166
940	2.78875
950	2.82094
960	2.91924
970	2.94189
980	3.03718
990	3.09905
1000	3.15742
1010	3.18007
1020	3.20931
1030	3.27632
1040	3.3408
1050	3.39217
1060	3.47931
1070	3.51876
1080	3.59887
1090	3.63462
74
360	0.739608
370	0.739608
380	0.739608
390	0.739608
400	0.739608
410	0.739608
420	0.739608
430	0.739608
440	0.739644
450	0.775376
460	0.791504
470	0.793365
480	0.821064
490	0.821064
500	0.821064
510	0.821064
520	0.821064
530	0.826144
540	0.872856
550	0.903283
560	0.961469
570	1.00509
580	1.11908
590	1.14653
600	1.22815
610	1.28986
620	1.3455
630	1.36805
640	1.39127
650	1.47007
660	1.53824
670	1.59242
680	1.62544
690	1.6917
700	1.71652
710	1.8108
720	1.86229
730	1.92913
740	1.98757
750	2.04022
760	2.06512
770	2.10299
780	2.14013
790	2.17953
800	2.26804
810	2.29979
820	2.32956
830	2.36654
840	2.41087
850	2.52556
860	2.59801
870	2.65078
880	2.70767
890	2.76325
900	2.798
910	2.8412
920	2.88201
930	2.97086
940	3.00261
950	3.10463
960	3.15386
970	3.21016
980	3.23679
990	3.264
1000	3.33365
1010	3.3951
1020	3.4528
1030	3.53218
1040	3.5758
1050	3.65139
1060	3.6915
1070	3.7142
1080	3.80497
1090	3.84828
74
360	0.792638
370	0.792638
380	0.792638
390	0.792638
400	0.792638
410	0.792638
420	0.792638
430	0.796844
440	0.843917
450	0.84538
460	0.849391
470	0.874095
480	0.874095
490	0.874095
500	0.880822
510	0.925886
520	0.960829
530	1.01503
540	1.06378
550	1.18422
560	1.20256
570	1.2906
580	1.34461
590	1.3983
600	1.42521
610	1.44832
620	1.53564
630	1.59376
640	1.65852
650	1.68502
660	1.74415
670	1.78054
680	1.88969
690	1.92201
700	2.00496
710	2.04521
720	2.0919
730	2.12974
740	2.15968
750	2.19367
760	2.24533
770	2.3205
780	2.36416
790	2.38783
800	2.42063
810	2.47666
820	2.60545
830	2.65322
840	2.7158
850	2.76272
860	2.82748
870	2.85516
880	2.89508
890	2.94456
900	3.02364
910	3.06439
920	3.17791
930	3.21274
940	3.26258
950	3.3026
960	3.32478
970	3.4121
980	3.45362
990	3.5293
1000	3.58746
1010	3.64931
1020	3.70596
1030	3.74354
1040	3.78138
1050	3.88854
1060	3.91242
1070	3.93717
1080	3.98205
1090	4.02643
74
360	0.845668
370	0.845668
380	0.845668
390	0.845668
400	0.845668
410	0.845668
420	0.845668
430	0.856525
440	0.898064
450	0.9002
460	0.927125
470	0.933965
480	0.978917
490	1.01354
500	1.06815
510	1.1162
520	1.23465
530	1.25766
540	1.34739
550	1.40645
560	1.44953
570	1.47922
580	1.5195
590	1.63043
600	1.65724
610	1.72019
620	1.74168
630	1.79691
640	1.83789
650	1.94953
660	1.97624
670	2.05962
680	2.09924
690	2.14479
700	2.18365
710	2.21409
720	2.24712
730	2.30082
740	2.37367
750	2.4196
760	2.44348
770	2.47436
780	2.53301
790	2.66231
800	2.71058
810	2.78618
820	2.82075
830	2.89144
840	2.91637
850	2.95044
860	3.01262
870	3.07644
880	3.13014
890	3.25092
900	3.27353
910	3.31625
920	3.35807
930	3.38669
940	3.48561
950	3.51227
960	3.59918
970	3.64365
980	3.71643
990	3.76154
1000	3.79589
1010	3.84535
1020	3.94046
1030	3.97101
1040	3.99413
1050	4.03554
1060	4.08642
1070	4.2077
1080	4.23003
1090	4.32118
74
360	0.898699
370	0.898699
380	0.898699
390	0.898699
400	0.898699
410	0.898699
420	0.898703
430	0.939351
440	0.982344
450	1.03192
460	1.05679
470	1.11812
480	1.15562
490	1.25365
500	1.374
510	1.39769
520	1.47958
530	1.49987
540	1.53096
550	1.59951
560	1.68542
570	1.71699
580	1.77029
590	1.8213
600	1.85345
610	1.92997
620	2.00807
630	2.04479
640	2.13833
650	2.16383
660	2.19975
670	2.25295
680	2.28312
690	2.30829
700	2.395
710	2.43088
720	2.47591
730	2.51977
740	2.54043
750	2.63307
760	2.73809
770	2.76981
780	2.86016
790	2.88198
800	2.94288
810	2.98432
820	3.01038
830	3.09567
840	3.13305
850	3.20877
860	3.30154
870	3.34538
880	3.37711
890	3.41023
900	3.47319
910	3.53981
920	3.59161
930	3.67818
940	3.72122
950	3.80065
960	3.83586
970	3.86138
980	3.95483
990	3.99237
1000	4.02329
1010	4.07939
1020	4.10751
1030	4.20509
1040	4.25726
1050	4.31783
1060	4.40266
1070	4.43191
1080	4.47893
1090	4.56488
74
360	0.951729
370	0.951729
380	0.951729
390	0.951729
400	0.993293
410	1.03527
420	1.08495
430	1.11024
440	1.17115
450	1.20946
460	1.3104
470	1.43899
480	1.45298
490	1.53652
500	1.55688
510	1.58501
520	1.65975
530	1.73797
540	1.77392
550	1.82332
560	1.87985
570	1.90828
580	1.99
590	2.05976
600	2.11214
610	2.18892
620	2.23464
630	2.2592
640	2.3036
650	2.34438
660	2.37302
670	2.46899
680	2.49585
690	2.53174
700	2.5697
710	2.61708
720	2.72178
730	2.80031
740	2.86681
750	2.91099
760	2.98412
770	3.0075
780	3.04235
790	3.11134
800	3.16754
810	3.22906
820	3.3407
830	3.3683
840	3.40854
850	3.45024
860	3.48697
870	3.58359
880	3.61154
890	3.71056
900	3.73904
910	3.82775
920	3.85824
930	3.8879
940	3.9569
950	4.02739
960	4.06626
970	4.09489
980	4.12943
990	4.1976
1000	4.30218
1010	4.33013
1020	4.42572
1030	4.46082
1040	4.48584
1050	4.56211
1060	4.61894
1070	4.68295
1080	4.70555
1090	4.79502
74
360	1.00729
370	1.04677
380	1.09123
390	1.14045
400	1.16503
410	1.22651
420	1.26453
430	1.37566
440	1.49276
450	1.51616
460	1.592
470	1.61201
480	1.64081
490	1.70954
500	1.77502
510	1.86444
520	1.89744
530	1.94584
540	2.00214
550	2.09532
560	2.14141
570	2.22681
580	2.26409
590	2.29859
600	2.34084
610	2.38259
620	2.40838
630	2.50635
640	2.53096
650	2.57093
660	2.61051
670	2.64282
680	2.7481
690	2.8451
700	2.87405
710	2.95418
720	2.98445
730	3.0361
740	3.08508
750	3.10847
760	3.1962
770	3.23141
780	3.31403
790	3.39708
800	3.44899
810	3.47465
820	3.50683
830	3.56971
840	3.63753
850	3.69017
860	3.77303
870	3.81251
880	3.89396
890	3.93052
900	3.95433
910	4.04499
920	4.08857
930	4.11977
940	4.17455
950	4.19808
960	4.29312
970	4.35562
980	4.41484
990	4.49652
1000	4.52694
1010	4.55789
1020	4.66171
1030	4.68691
1040	4.73726
1050	4.78186
1060	4.89472
1070	4.91528
1080	4.93987
1090	5.01956
74
360	1.06296
370	1.11504
380	1.16168
390	1.18327
400	1.25243
410	1.2809
420	1.38065
430	1.51661
440	1.54158
450	1.61793
460	1.63009
470	1.6626
480	1.70876
490	1.8023
500	1.88717
510	1.93457
520	1.97192
530	2.04038
540	2.11674
550	2.16263
560	2.25175
570	2.28714
580	2.32083
590	2.36585
600	2.40422
610	2.42642
620	2.51588
630	2.55017
640	2.59528
650	2.63637
660	2.65988
670	2.75687
680	2.87103
690	2.89163
700	2.98011
710	3.00184
720	3.06099
730	3.10011
740	3.12786
750	3.20686
760	3.25181
770	3.32629
780	3.42152
790	3.4644
800	3.494
810	3.52968
820	3.5831
830	3.66187
840	3.70476
850	3.7989
860	3.8287
870	3.91983
880	3.94896
890	3.97405
900	4.05756
910	4.10972
920	4.1433
930	4.19295
940	4.21734
950	4.30536
960	4.379
970	4.42866
980	4.52222
990	4.5527
1000	4.57567
1010	4.6719
1020	4.70592
1030	4.76269
1040	4.79808
1050	4.90151
1060	4.93419
1070	4.9606
1080	5.03207
1090	5.12133
74
360	1.11779
370	1.15681
380	1.18109
390	1.25572
400	1.27737
410	1.37721
420	1.49437
430	1.53424
440	1.57923
450	1.6235
460	1.66257
470	1.7016
480	1.82175
490	1.88983
500	1.92966
510	1.97261
520	2.03844
530	2.11876
540	2.16672
550	2.25282
560	2.29106
570	2.32378
580	2.36689
590	2.40915
600	2.4295
610	2.52541
620	2.55089
630	2.59719
640	2.63851
650	2.66139
660	2.76297
670	2.87432
680	2.88895
690	2.97834
700	3.0016
710	3.0626
720	3.10323
730	3.1308
740	3.21695
750	3.2541
760	3.33863
770	3.42299
780	3.46769
790	3.49709
800	3.53247
810	3.59667
820	3.6614
830	3.71422
840	3.79879
850	3.83702
860	3.91865
870	3.9538
880	3.97757
890	4.0694
900	4.11007
910	4.14552
920	4.19103
930	4.21624
940	4.30239
950	4.38133
960	4.42359
970	4.52515
980	4.55315
990	4.57462
1000	4.67052
1010	4.70635
1020	4.76525
1030	4.79816
1040	4.90836
1050	4.93512
1060	4.96154
1070	5.03306
1080	5.12395
1090	5.16459
74
360	1.17518
370	1.2062
380	1.27332
390	1.29963
400	1.38183
410	1.48732
420	1.55882
430	1.61387
440	1.65259
450	1.69258
460	1.7252
470	1.82625
480	1.91975
490	1.95379
500	2.00166
510	2.0635
520	2.14871
530	2.18642
540	2.28299
550	2.31286
560	2.35011
570	2.39766
580	2.42686
590	2.4525
600	2.53093
610	2.57627
620	2.62788
630	2.65979
640	2.68455
650	2.77052
660	2.87617
670	2.9165
680	2.99719
690	3.03264
700	3.09035
710	3.1356
720	3.16167
730	3.24916
740	3.28171
750	3.36165
760	3.45278
770	3.49351
780	3.52483
790	3.56091
800	3.6137
810	3.69127
820	3.72974
830	3.82958
840	3.85555
850	3.94943
860	3.97356
870	4.00127
880	4.07593
890	4.13766
900	4.17601
910	4.20933
920	4.2424
930	4.3163
940	4.41208
950	4.4413
960	4.54537
970	4.57522
980	4.59894
990	4.68039
1000	4.73207
1010	4.79559
1020	4.82033
1030	4.91668
1040	4.96009
1050	4.98871
1060	5.04527
1070	5.15458
1080	5.18445
1090	5.21084
74
360	1.23613
370	1.30436
380	1.33399
390	1.438
400	1.57468
410	1.58519
420	1.66226
430	1.67918
440	1.71252
450	1.76789
460	1.89734
470	1.94405
480	2.01404
490	2.03623
500	2.13125
510	2.17379
520	2.24786
530	2.30317
540	2.36304
550	2.38465
560	2.41823
570	2.45769
580	2.49585
590	2.58643
600	2.61741
610	2.6498
620	2.68523
630	2.73312
640	2.85583
650	2.92058
660	2.98044
670	3.02656
680	3.09166
690	3.11948
700	3.16208
710	3.20847
720	3.28597
730	3.32712
740	3.4431
750	3.48061
760	3.53043
770	3.56934
780	3.59244
790	3.68073
800	3.7177
810	3.79403
820	3.85015
830	3.91525
840	3.96853
850	4.00846
860	4.04587
870	4.15078
880	4.17532
890	4.20093
900	4.24817
910	4.28857
920	4.4038
930	4.43434
940	4.50393
950	4.5733
960	4.60315
970	4.63982
980	4.74317
990	4.76652
1000	4.814
1010	4.86338
1020	4.97041
1030	4.99744
1040	5.02047
1050	5.10876
1060	5.1748
1070	5.21427
1080	5.25094
1090	5.28653
74
360	1.30357
370	1.33246
380	1.41149
390	1.55781
400	1.59293
410	1.64461
420	1.68667
430	1.72727
440	1.75873
450	1.86588
460	1.95336
470	2.00352
480	2.0392
490	2.11291
500	2.18262
510	2.23202
520	2.31606
530	2.3533
540	2.38706
550	2.43122
560	2.47226
570	2.49511
580	2.5901
590	2.61885
600	2.66021
610	2.70053
620	2.72996
630	2.83482
640	2.93424
650	2.96853
660	3.03843
670	3.07871
680	3.12545
690	3.17825
700	3.20318
710	3.3024
720	3.32377
730	3.41876
740	3.4877
750	3.54647
760	3.57024
770	3.59919
780	3.67366
790	3.72703
800	3.79315
810	3.85957
820	3.91353
830	3.98014
840	4.02378
850	4.04995
860	4.15102
870	4.18173
880	4.21025
890	4.26498
900	4.28413
910	4.37608
920	4.44468
930	4.48876
940	4.58937
950	4.6143
960	4.63621
970	4.7236
980	4.7684
990	4.8298
1000	4.85661
1010	4.95844
1020	4.99758
1030	5.02507
1040	5.09118
1050	5.1882
1060	5.22695
1070	5.25018
1080	5.29751
1090	5.34691
74
360	1.36879
370	1.46658
380	1.59174
390	1.62177
400	1.68835
410	1.71571
420	1.75052
430	1.80306
440	1.92859
450	1.98208
460	2.05244
470	2.07408
480	2.16676
490	2.21082
500	2.28015
510	2.34139
520	2.40123
530	2.42323
540	2.45744
550	2.49535
560	2.53767
570	2.62379
580	2.65883
590	2.68889
600	2.72327
610	2.77363
620	2.8924
630	2.95818
640	3.01291
650	3.06403
660	3.1246
670	3.15672
680	3.20049
690	3.24647
700	3.32405
710	3.36638
720	3.48169
730	3.52054
740	3.56833
750	3.61191
760	3.63594
770	3.73155
780	3.76239
790	3.85216
800	3.89129
810	3.96938
820	4.01092
830	4.04783
840	4.10969
850	4.18606
860	4.22508
870	4.24728
880	4.28664
890	4.32386
900	4.43371
910	4.47137
920	4.53559
930	4.61147
940	4.64172
950	4.67465
960	4.7804
970	4.80384
980	4.85217
990	4.8996
1000	5.00896
1010	5.0341
1020	5.05811
1030	5.14423
1040	5.21347
1050	5.25204
1060	5.29145
1070	5.32627
1080	5.39706
1090	5.45005
74
360	1.446
370	1.57057
380	1.63295
390	1.67723
400	1.72848
410	1.76547
420	1.80975
430	1.92865
440	1.99383
450	2.0404
460	2.07879
470	2.14978
480	2.2236
490	2.27475
500	2.35673
510	2.39643
520	2.42875
530	2.47149
540	2.5139
550	2.53714
560	2.63486
570	2.65822
580	2.70071
590	2.74117
600	2.76874
610	2.8718
620	2.97513
630	3.00674
640	3.0791
650	3.12032
660	3.16661
670	3.21813
680	3.24904
690	3.33953
700	3.37114
710	3.47877
720	3.53067
730	3.58342
740	3.62159
750	3.64665
760	3.73673
770	3.77279
780	3.85981
790	3.9048
800	3.98419
810	4.02487
820	4.05912
830	4.1118
840	4.20382
850	4.23205
860	4.25116
870	4.30599
880	4.32212
890	4.40991
900	4.48547
910	4.52516
920	4.63022
930	4.65285
940	4.67559
950	4.76109
960	4.80995
970	4.86867
980	4.90239
990	5.01232
1000	5.04082
1010	5.06692
1020	5.13945
1030	5.22758
1040	5.26824
1050	5.29713
1060	5.33913
1070	5.40173
1080	5.46138
1090	5.52321
74
360	1.52451
370	1.64713
380	1.67459
390	1.73967
400	1.77796
410	1.80099
420	1.88945
430	2.00574
440	2.03134
450	2.08826
460	2.1326
470	2.23847
480	2.2629
490	2.35721
500	2.38868
510	2.43718
520	2.48043
530	2.50617
540	2.53679
550	2.60344
560	2.66192
570	2.71513
580	2.73771
590	2.76668
600	2.839
610	2.97235
620	3.00681
630	3.09048
640	3.11487
650	3.17794
660	3.21481
670	3.24673
680	3.32465
690	3.37007
700	3.45261
710	3.53965
720	3.59631
730	3.62515
740	3.65348
750	3.72793
760	3.77809
770	3.84616
780	3.91277
790	3.97833
800	4.03146
810	4.07382
820	4.09883
830	4.19155
840	4.2291
850	4.26067
860	4.30109
870	4.32525
880	4.38198
890	4.48613
900	4.51744
910	4.6004
920	4.65548
930	4.68209
940	4.74945
950	4.81714
960	4.87032
970	4.89862
980	4.97875
990	5.04576
1000	5.0757
1010	5.12463
1020	5.23878
1030	5.27399
1040	5.2996
1050	5.35097
1060	5.38927
1070	5.46657
1080	5.52228
1090	5.63293
74
360	1.58025
370	1.67373
380	1.72409
390	1.76851
400	1.80728
410	1.84643
420	1.93304
430	2.03446
440	2.08439
450	2.12076
460	2.18861
470	2.26498
480	2.31408
490	2.39737
500	2.44065
510	2.46985
520	2.51288
530	2.55449
540	2.57607
550	2.65234
560	2.69542
570	2.74143
580	2.78214
590	2.81012
600	2.89098
610	3.0163
620	3.05229
630	3.11923
640	3.16959
650	3.20728
660	3.25685
670	3.296
680	3.37656
690	3.41734
700	3.51696
710	3.57563
720	3.62342
730	3.66651
740	3.7025
750	3.79074
760	3.82009
770	3.92548
780	3.95294
790	4.04303
800	4.06927
810	4.10022
820	4.14598
830	4.23563
840	4.26644
850	4.28972
860	4.33534
870	4.35918
880	4.42818
890	4.52696
900	4.56531
910	4.66592
920	4.69963
930	4.72295
940	4.80075
950	4.85002
960	4.90924
970	4.9468
980	5.04116
990	5.08104
1000	5.11003
1010	5.19492
1020	5.26511
1030	5.30686
1040	5.35013
1050	5.37981
1060	5.43856
1070	5.4936
1080	5.58264
1090	5.65989
74
360	1.63264
370	1.65403
380	1.72521
390	1.7567
400	1.78125
410	1.86643
420	1.9927
430	2.01954
440	2.0712
450	2.11912
460	2.22305
470	2.24989
480	2.35177
490	2.37424
500	2.42161
510	2.46801
520	2.49128
530	2.52056
540	2.58901
550	2.64633
560	2.69903
570	2.72586
580	2.75236
590	2.83298
600	2.96909
610	2.99456
620	3.07613
630	3.10693
640	3.15963
650	3.2125
660	3.23809
670	3.33208
680	3.35829
690	3.45944
700	3.51546
710	3.57844
720	3.62035
730	3.64993
740	3.7466
750	3.77367
760	3.87558
770	3.89733
780	3.97844
790	4.01189
800	4.056
810	4.07763
820	4.15857
830	4.20519
840	4.24172
850	4.26587
860	4.3094
870	4.36416
880	4.48267
890	4.5108
900	4.61423
910	4.64047
920	4.66799
930	4.74633
940	4.80066
950	4.86581
960	4.89015
970	4.98902
980	5.03193
990	5.0612
1000	5.13041
1010	5.2175
1020	5.26458
1030	5.28832
1040	5.33663
1050	5.35473
1060	5.41019
1070	5.52199
1080	5.61419
1090	5.66017
74
360	1.69114
370	1.75749
380	1.79546
390	1.81801
400	1.90992
410	2.02501
420	2.05716
430	2.1053
440	2.16379
450	2.25464
460	2.29186
470	2.3877
480	2.41645
490	2.45585
500	2.50212
510	2.53568
520	2.56089
530	2.64823
540	2.68395
550	2.72916
560	2.76745
570	2.8003
580	2.90892
590	2.99853
600	3.05701
610	3.10784
620	3.17544
630	3.2029
640	3.24271
650	3.30119
660	3.35832
670	3.42365
680	3.46966
690	3.58191
700	3.62155
710	3.65161
720	3.72681
730	3.77802
740	3.83176
750	3.89851
760	3.92369
770	3.99553
780	4.04394
790	4.0775
800	4.10447
810	4.1865
820	4.23904
830	4.27473
840	4.32182
850	4.3517
860	4.43905
870	4.51093
880	4.57397
890	4.64962
900	4.68549
910	4.72049
920	4.81817
930	4.84912
940	4.89404
950	4.95557
960	5.04259
970	5.07592
980	5.11239
990	5.16816
1000	5.23018
1010	5.26053
1020	5.29901
1030	5.35522
1040	5.38422
1050	5.47233
1060	5.62809
1070	5.65808
1080	5.69323
1090	5.74689
74
360	1.75345
370	1.78355
380	1.81513
390	1.88276
400	2.02082
410	2.05384
420	2.10883
430	2.15521
440	2.25779
450	2.28995
460	2.39038
470	2.41715
480	2.46133
490	2.50392
500	2.53721
510	2.56364
520	2.64295
530	2.6845
540	2.73287
550	2.76513
560	2.80506
570	2.91581
580	3.00247
590	3.06167
600	3.11237
610	3.17468
620	3.20515
630	3.24515
640	3.30506
650	3.35596
660	3.39414
670	3.45311
680	3.56862
690	3.62231
700	3.65495
710	3.70707
720	3.77673
730	3.80177
740	3.88376
750	3.92443
760	3.95506
770	4.05057
780	4.07624
790	4.10623
800	4.17491
810	4.24305
820	4.27865
830	4.32031
840	4.35416
850	4.44552
860	4.51367
870	4.57528
880	4.65323
890	4.68621
900	4.72626
910	4.81641
920	4.85315
930	4.899
940	4.96096
950	5.04377
960	5.07878
970	5.10829
980	5.13409
990	5.22968
1000	5.2659
1010	5.30467
1020	5.35919
1030	5.38831
1040	5.47069
1050	5.62049
1060	5.65859
1070	5.69789
1080	5.74959
1090	5.77101
74
360	1.8061
370	1.8303
380	1.92334
390	2.03474
400	2.07963
410	2.11872
420	2.19788
430	2.26157
440	2.32442
450	2.39553
460	2.44858
470	2.47724
480	2.507
490	2.55429
500	2.59348
510	2.67105
520	2.71349
530	2.74371
540	2.7721
550	2.84229
560	2.98799
570	3.01454
580	3.09533
590	3.12908
600	3.18892
610	3.23544
620	3.26084
630	3.33186
640	3.37501
650	3.39954
660	3.50319
670	3.58882
680	3.62067
690	3.65703
700	3.69784
710	3.78166
720	3.81132
730	3.85376
740	3.92366
750	3.97915
760	4.05154
770	4.10054
780	4.13214
790	4.23545
800	4.26425
810	4.29104
820	4.32833
830	4.39036
840	4.51043
850	4.53923
860	4.64852
870	4.6698
880	4.6965
890	4.7773
900	4.82482
910	4.895
920	4.91664
930	5.01457
940	5.05414
950	5.08655
960	5.1152
970	5.15845
980	5.25758
990	5.28501
1000	5.31579
1010	5.3794
1020	5.40552
1030	5.51161
1040	5.65412
1050	5.66692
1060	5.70757
1070	5.76144
1080	5.77765
1090	5.86497
74
360	1.87812
370	1.97533
380	2.07662
390	2.12577
400	2.16197
410	2.23941
420	2.30413
430	2.36593
440	2.43773
450	2.4906
460	2.52023
470	2.54978
480	2.59576
490	2.63746
500	2.71275
510	2.75593
520	2.78667
530	2.81508
540	2.88432
550	3.02559
560	3.05783
570	3.13675
580	3.18464
590	3.22809
600	3.26949
610	3.29901
620	3.355
630	3.41533
640	3.47741
650	3.61355
660	3.64309
670	3.67396
680	3.70167
690	3.77538
700	3.82866
710	3.85623
720	3.9292
730	3.97124
740	4.04942
750	4.09769
760	4.14142
770	4.18759
780	4.27626
790	4.31498
800	4.33923
810	4.3723
820	4.43782
830	4.55188
840	4.58204
850	4.68628
860	4.71279
870	4.73939
880	4.81757
890	4.86757
900	4.93607
910	4.95962
920	5.05344
930	5.09701
940	5.12881
950	5.15693
960	5.20086
970	5.29905
980	5.32788
990	5.3586
1000	5.42087
1010	5.44841
1020	5.54967
1030	5.68235
1040	5.7099
1050	5.75
1060	5.8051
1070	5.82064
1080	5.90478
1090	5.94073
74
360	1.94143
370	2.08424
380	2.11019
390	2.16535
400	2.20786
410	2.31141
420	2.33747
430	2.43312
440	2.46884
450	2.5211
460	2.55712
470	2.59137
480	2.62192
490	2.70163
500	2.73809
510	2.78925
520	2.82312
530	2.85455
540	2.96159
550	3.06166
560	3.09811
570	3.16036
580	3.21917
590	3.24711
600	3.29514
610	3.32805
620	3.42078
630	3.45433
640	3.56287
650	3.6404
660	3.66683
670	3.70616
680	3.75097
690	3.82718
700	3.86231
710	3.89877
720	3.97441
730	4.01692
740	4.10337
750	4.14285
760	4.17122
770	4.25776
780	4.30159
790	4.33501
800	4.3811
810	4.41184
820	4.51004
830	4.5715
840	4.63451
850	4.71049
860	4.74347
870	4.78143
880	4.87651
890	4.9033
900	4.95485
910	5.00648
920	5.10356
930	5.13568
940	5.1592
950	5.18229
960	5.25972
970	5.3182
980	5.36657
990	5.3953
1000	5.43977
1010	5.5005
1020	5.61667
1030	5.71118
1040	5.74819
1050	5.78216
1060	5.82152
1070	5.86327
1080	5.942
1090	5.98603
74
360	2.0079
370	2.11792
380	2.15012
390	2.19647
400	2.25097
410	2.34375
420	2.38027
430	2.47655
440	2.51626
450	2.55459
460	2.58683
470	2.63762
480	2.66016
490	2.7496
500	2.77548
510	2.82107
520	2.85224
530	2.89906
540	3.01574
550	3.09166
560	3.13777
570	3.21695
580	3.25607
590	3.28426
600	3.32473
610	3.38082
620	3.45021
630	3.51291
640	3.64548
650	3.68158
660	3.70686
670	3.73918
680	3.80696
690	3.86153
700	3.89297
710	3.95357
720	4.00746
730	4.07333
740	4.13499
750	4.18308
760	4.21461
770	4.31586
780	4.34028
790	4.36944
800	4.41012
810	4.45344
820	4.56663
830	4.60764
840	4.6838
850	4.74307
860	4.77375
870	4.82457
880	4.90516
890	4.94428
900	4.98801
910	5.05178
920	5.13277
930	5.17032
940	5.19835
950	5.2201
960	5.30744
970	5.35286
980	5.39537
990	5.43659
1000	5.47465
1010	5.5468
1020	5.68795
1030	5.7397
1040	5.77813
1050	5.81068
1060	5.85325
1070	5.91143
1080	5.97477
1090	6.03901
74
360	2.06393
370	2.09334
380	2.1489
390	2.19892
400	2.29633
410	2.32777
420	2.42734
430	2.45603
440	2.50452
450	2.53898
460	2.57789
470	2.60539
480	2.68875
490	2.72115
500	2.76881
510	2.80618
520	2.83833
530	2.9403
540	3.04172
550	3.07397
560	3.17144
570	3.20457
580	3.23543
590	3.27359
600	3.33234
610	3.39567
620	3.45919
630	3.59982
640	3.62831
650	3.65485
660	3.68796
670	3.75227
680	3.80707
690	3.84172
700	3.89571
710	3.95507
720	4.01065
730	4.08399
740	4.13401
750	4.15606
760	4.24798
770	4.28329
780	4.3178
790	4.36437
800	4.39373
810	4.49456
820	4.55372
830	4.61088
840	4.69302
850	4.72579
860	4.76628
870	4.85869
880	4.88873
890	4.93656
900	4.99293
910	5.08646
920	5.11861
930	5.14174
940	5.16477
950	5.24337
960	5.30062
970	5.35045
980	5.37788
990	5.42175
1000	5.48764
1010	5.59406
1020	5.68831
1030	5.73752
1040	5.76172
1050	5.80353
1060	5.86705
1070	5.92191
1080	5.98384
1090	6.09364
74
360	2.13212
370	2.17865
380	2.23976
390	2.32324
400	2.3661
410	2.45506
420	2.48938
430	2.53436
440	2.56657
450	2.61578
460	2.64078
470	2.73504
480	2.75981
490	2.79847
500	2.83194
510	2.88353
520	3.01439
530	3.06929
540	3.13516
550	3.19735
560	3.24668
570	3.27811
580	3.30703
590	3.39116
600	3.42936
610	3.51587
620	3.63221
630	3.66677
640	3.69156
650	3.72085
660	3.80181
670	3.83979
680	3.87127
690	3.93636
700	3.98572
710	4.05715
720	4.11296
730	4.16588
740	4.19002
750	4.29162
760	4.31722
770	4.34796
780	4.39185
790	4.42842
800	4.54431
810	4.58575
820	4.66115
830	4.7222
840	4.75373
850	4.80135
860	4.88637
870	4.92218
880	4.96554
890	5.02666
900	5.11397
910	5.15277
920	5.17335
930	5.19548
940	5.27962
950	5.33233
960	5.37752
970	5.418
980	5.45337
990	5.53036
1000	5.67722
1010	5.71724
1020	5.76566
1030	5.79999
1040	5.83445
1050	5.90747
1060	5.95435
1070	6.03134
1080	6.1691
1090	6.18911
74
360	2.18976
370	2.25735
380	2.33332
390	2.38196
400	2.46487
410	2.50446
420	2.54557
430	2.57711
440	2.62996
450	2.65504
460	2.74474
470	2.77522
480	2.81053
490	2.84279
500	2.90297
510	3.02415
520	3.08073
530	3.15327
540	3.21071
550	3.25488
560	3.30218
570	3.32858
580	3.42372
590	3.44944
600	3.55538
610	3.64191
620	3.67609
630	3.71098
640	3.73721
650	3.83283
660	3.85324
670	3.88292
680	3.95547
690	3.99753
700	4.07584
710	4.124
720	4.17569
730	4.20408
740	4.31128
750	4.33034
760	4.35946
770	4.40167
780	4.44371
790	4.56125
800	4.59783
810	4.68026
820	4.73334
830	4.76407
840	4.81765
850	4.89618
860	4.9374
870	4.97668
880	5.04428
890	5.12389
900	5.16258
910	5.18702
920	5.20862
930	5.30095
940	5.34419
950	5.38745
960	5.43444
970	5.46556
980	5.54965
990	5.67083
1000	5.72868
1010	5.77539
1020	5.81579
1030	5.84703
1040	5.92864
1050	5.9669
1060	6.05181
1070	6.17299
1080	6.20272
1090	6.29861
74
360	2.24208
370	2.35267
380	2.37427
390	2.46678
400	2.5006
410	2.56241
420	2.59732
430	2.62284
440	2.65888
450	2.73039
460	2.77612
470	2.82564
480	2.86164
490	2.89261
500	2.99876
510	3.09584
520	3.15044
530	3.22505
540	3.27527
550	3.29999
560	3.33206
570	3.40562
580	3.45235
590	3.52287
600	3.66241
610	3.68607
620	3.71217
630	3.74435
640	3.80577
650	3.8601
660	3.89858
670	3.93801
680	4.01105
690	4.05503
700	4.14192
710	4.17471
720	4.20534
730	4.27813
740	4.33655
750	4.37484
760	4.41503
770	4.43882
780	4.52526
790	4.60979
800	4.65756
810	4.75074
820	4.78476
830	4.80783
840	4.90489
850	4.93285
860	4.99408
870	5.0283
880	5.13806
890	5.16294
900	5.19056
910	5.21691
920	5.27454
930	5.35747
940	5.40297
950	5.42797
960	5.4769
970	5.52618
980	5.64911
990	5.74434
1000	5.78377
1010	5.81245
1020	5.85934
1030	5.90787
1040	5.97802
1050	6.02882
1060	6.15272
1070	6.20672
1080	6.27573
1090	6.32724
74
360	2.31325
370	2.38962
380	2.43566
390	2.51991
400	2.57392
410	2.60623
420	2.63545
430	2.67838
440	2.72836
450	2.79785
460	2.84989
470	2.87868
480	2.90461
490	2.98064
500	3.12166
510	3.15467
520	3.25521
530	3.27775
540	3.31301
550	3.35719
560	3.39004
570	3.47859
580	3.51089
590	3.6125
600	3.69883
610	3.73131
620	3.77247
630	3.79444
640	3.88164
650	3.90952
660	3.9417
670	4.01331
680	4.0546
690	4.12644
700	4.18081
710	4.23134
720	4.25968
730	4.35734
740	4.38685
750	4.41688
760	4.45755
770	4.4994
780	4.61101
790	4.65459
800	4.72923
810	4.79049
820	4.82067
830	4.87159
840	4.95209
850	4.99185
860	5.0335
870	5.09559
880	5.18008
890	5.21746
900	5.24665
910	5.26883
920	5.35812
930	5.40308
940	5.44388
950	5.49216
960	5.52266
970	5.59939
980	5.74433
990	5.78965
1000	5.8311
1010	5.87644
1020	5.90654
1030	5.98629
1040	6.02462
1050	6.10328
1060	6.22904
1070	6.27029
1080	6.35194
1090	6.39084
74
360	2.37905
370	2.46156
380	2.50418
390	2.57072
400	2.60488
410	2.63276
420	2.66347
430	2.74438
440	2.78504
450	2.83431
460	2.87431
470	2.89806
480	2.9998
490	3.10498
500	3.13815
510	3.241
520	3.26353
530	3.29794
540	3.34133
550	3.37748
560	3.46223
570	3.49687
580	3.61142
590	3.68308
600	3.71609
610	3.75854
620	3.78156
630	3.8735
640	3.89787
650	3.92427
660	4.00437
670	4.03968
680	4.12139
690	4.16584
700	4.216
710	4.24773
720	4.35079
730	4.37213
740	4.40117
750	4.44214
760	4.4862
770	4.61036
780	4.64059
790	4.72631
800	4.77376
810	4.80494
820	4.85941
830	4.93697
840	4.97943
850	5.01833
860	5.08963
870	5.16293
880	5.20214
890	5.23265
900	5.25342
910	5.35115
920	5.38725
930	5.4278
940	5.48147
950	5.50878
960	5.5977
970	5.74588
980	5.77399
990	5.8158
1000	5.86626
1010	5.89156
1020	5.98128
1030	6.01016
1040	6.10148
1050	6.20975
1060	6.25381
1070	6.33477
1080	6.38203
1090	6.41155
74
360	2.43399
370	2.50665
380	2.558
390	2.59614
400	2.6259
410	2.67008
420	2.70593
430	2.78956
440	2.82693
450	2.85989
460	2.89293
470	2.94739
480	3.0795
490	3.1263
500	3.19088
510	3.25922
520	3.31039
530	3.33287
540	3.36375
550	3.43144
560	3.48408
570	3.55022
580	3.68761
590	3.71384
600	3.74102
610	3.77771
620	3.82906
630	3.89215
640	3.93132
650	3.96496
660	4.04594
670	4.08032
680	4.17744
690	4.20172
700	4.23683
710	4.29985
720	4.36875
730	4.4105
740	4.43928
750	4.46772
760	4.54319
770	4.64467
780	4.6828
790	4.78507
800	4.80997
810	4.83474
820	4.92032
830	4.96191
840	5.02933
850	5.05485
860	5.15678
870	5.19208
880	5.22272
890	5.2506
900	5.30117
910	5.39133
920	5.42945
930	5.45771
940	5.511
950	5.55223
960	5.67128
970	5.7794
980	5.81526
990	5.84398
1000	5.89331
1010	5.93533
1020	6.01099
1030	6.05456
1040	6.17593
1050	6.23533
1060	6.3108
1070	6.36754
1080	6.4102
1090	6.4379
74
360	2.48785
370	2.5175
380	2.58157
390	2.61613
400	2.64168
410	2.67203
420	2.74269
430	2.79191
440	2.84628
450	2.87914
460	2.90298
470	2.99112
480	3.11731
490	3.13926
500	3.235
510	3.26701
520	3.30715
530	3.3536
540	3.37853
550	3.47456
560	3.49768
570	3.59494
580	3.69378
590	3.72836
600	3.75845
610	3.78561
620	3.8692
630	3.90137
640	3.93164
650	3.99775
660	4.04639
670	4.1125
680	4.17453
690	4.22833
700	4.24914
710	4.34336
720	4.3759
730	4.40916
740	4.4543
750	4.48576
760	4.59291
770	4.64661
780	4.71652
790	4.78232
800	4.81603
810	4.85707
820	4.94927
830	4.97869
840	5.02691
850	5.0839
860	5.17424
870	5.21299
880	5.23522
890	5.25807
900	5.3409
910	5.39357
920	5.4389
930	5.47994
940	5.51425
950	5.5872
960	5.72974
970	5.78043
980	5.82744
990	5.86468
1000	5.89718
1010	5.97165
1020	6.01581
1030	6.09255
1040	6.21504
1050	6.26806
1060	6.33432
1070	6.39711
1080	6.42856
1090	6.45205
74
360	2.55756
370	2.6068
380	2.639
390	2.68407
400	2.70601
410	2.7977
420	2.82456
430	2.87045
440	2.9103
450	2.93837
460	3.04326
470	3.14256
480	3.16997
490	3.27406
500	3.29892
510	3.33455
520	3.37747
530	3.41632
540	3.49804
550	3.53612
560	3.65189
570	3.71997
580	3.75297
590	3.79571
600	3.81754
610	3.91065
620	3.93309
630	3.9603
640	4.03644
650	4.07459
660	4.14919
670	4.20143
680	4.25356
690	4.28163
700	4.3864
710	4.40814
720	4.43781
730	4.47889
740	4.5224
750	4.64361
760	4.67487
770	4.75257
780	4.80987
790	4.8418
800	4.89386
810	4.97372
820	5.01956
830	5.05583
840	5.13043
850	5.19935
860	5.23794
870	5.26872
880	5.29238
890	5.39184
900	5.4254
910	5.46444
920	5.52116
930	5.54706
940	5.63719
950	5.78237
960	5.8125
970	5.85283
980	5.89712
990	5.92718
1000	6.00939
1010	6.05882
1020	6.14996
1030	6.23337
1040	6.31805
1050	6.35273
1060	6.39469
1070	6.4514
1080	6.51201
1090	6.58795
74
360	2.61646
370	2.64706
380	2.69546
390	2.71874
400	2.81559
410	2.83645
420	2.87869
430	2.91769
440	2.95197
450	3.06504
460	3.15
470	3.18355
480	3.28496
490	3.31557
500	3.34773
510	3.38516
520	3.43814
530	3.50572
540	3.55374
550	3.67606
560	3.72878
570	3.76087
580	3.80421
590	3.83273
600	3.91807
610	3.94658
620	3.97124
630	4.05816
640	4.08501
650	4.16945
660	4.21074
670	4.26099
680	4.29602
690	4.39544
700	4.42063
710	4.4484
720	4.48684
730	4.53983
740	4.65957
750	4.68557
760	4.77333
770	4.82226
780	4.85131
790	4.91919
800	4.98185
810	5.03732
820	5.06701
830	5.15311
840	5.20816
850	5.24511
860	5.27586
870	5.30864
880	5.41739
890	5.43767
900	5.47327
910	5.53755
920	5.55961
930	5.66136
940	5.76381
950	5.81173
960	5.8581
970	5.90612
980	5.9358
990	6.03017
1000	6.09438
1010	6.15564
1020	6.28773
1030	6.33033
1040	6.36096
1050	6.42388
1060	6.46371
1070	6.54484
1080	6.59754
1090	6.62703
74
360	2.67242
370	2.7176
380	2.74959
390	2.83749
400	2.86693
410	2.90473
420	2.93979
430	2.98577
440	3.10248
450	3.17379
460	3.2325
470	3.30758
480	3.35426
490	3.37714
500	3.41038
510	3.46909
520	3.53038
530	3.58626
540	3.71288
550	3.75747
560	3.78664
570	3.82686
580	3.86435
590	3.93976
600	3.97867
610	4.0021
620	4.09334
630	4.11576
640	4.20418
650	4.24098
660	4.2823
670	4.33181
680	4.4159
690	4.45383
700	4.4803
710	4.51391
720	4.57922
730	4.69273
740	4.72398
750	4.82583
760	4.85245
770	4.87961
780	4.9553
790	5.00796
800	5.07232
810	5.09816
820	5.19144
830	5.23647
840	5.26855
850	5.29698
860	5.34367
870	5.43846
880	5.47106
890	5.50119
900	5.55761
910	5.59178
920	5.69657
930	5.82234
940	5.85293
950	5.88476
960	5.94151
970	5.9683
980	6.06521
990	6.1219
1000	6.19052
1010	6.3294
1020	6.36349
1030	6.39127
1040	6.4688
1050	6.49632
1060	6.59253
1070	6.62916
1080	6.65507
1090	6.69342
74
360	2.72771
370	2.78232
380	2.84753
390	2.898
400	2.92298
410	2.95321
420	3.02189
430	3.15338
440	3.18808
450	3.26338
460	3.32083
470	3.3701
480	3.40142
490	3.4266
500	3.50851
510	3.54585
520	3.62445
530	3.75852
540	3.77546
550	3.80271
560	3.83917
570	3.89792
580	3.95199
590	3.9898
600	4.03035
610	4.10507
620	4.1481
630	4.23393
640	4.26971
650	4.2987
660	4.37813
670	4.42758
680	4.46388
690	4.50773
700	4.53276
710	4.62708
720	4.70346
730	4.75311
740	4.84164
750	4.87676
760	4.9039
770	5.01101
780	5.02849
790	5.08271
800	5.12656
810	5.23508
820	5.25835
830	5.28449
840	5.31052
850	5.3792
860	5.44929
870	5.50082
880	5.52664
890	5.56799
900	5.63004
910	5.75863
920	5.83359
930	5.87496
940	5.9039
950	5.95155
960	6.00451
970	6.12129
980	6.15118
990	6.26288
1000	6.35017
1010	6.38199
1020	6.42749
1030	6.47797
1040	6.5483
1050	6.62085
1060	6.65099
1070	6.69236
1080	6.70467
1090	6.70467
74
360	2.79294
370	2.87241
380	2.90933
390	2.9414
400	2.97524
410	3.03006
420	3.14173
430	3.20907
440	3.27043
450	3.34369
460	3.3936
470	3.4161
480	3.44651
490	3.51441
500	3.5663
510	3.63093
520	3.74712
530	3.79521
540	3.82359
550	3.86277
560	3.90859
570	3.97499
580	4.01516
590	4.04334
600	4.13044
610	4.1607
620	4.25931
630	4.28357
640	4.31901
650	4.38447
660	4.45004
670	4.48919
680	4.52016
690	4.55059
700	4.63076
710	4.7283
720	4.76679
730	4.86702
740	4.89521
750	4.91942
760	5.01086
770	5.04622
780	5.10806
790	5.13902
800	5.2394
810	5.2747
820	5.3045
830	5.33266
840	5.38829
850	5.47336
860	5.5159
870	5.54238
880	5.59112
890	5.63939
900	5.74805
910	5.85665
920	5.90247
930	5.92933
940	5.97593
950	6.03075
960	6.14242
970	6.17025
980	6.27415
990	6.374
1000	6.40641
1010	6.44569
1020	6.49987
1030	6.55714
1040	6.64542
1050	6.67618
1060	6.70643
1070	6.73005
1080	6.73005
1090	6.73005
74
360	2.84804
370	2.90023
380	2.95606
390	2.98324
400	3.00957
410	3.08855
420	3.21522
430	3.24664
440	3.3328
450	3.3763
460	3.4188
470	3.46437
480	3.48542
490	3.5759
500	3.6041
510	3.69171
520	3.80586
530	3.83964
540	3.86331
550	3.89386
560	3.96494
570	4.0073
580	4.04045
590	4.09644
600	4.15609
610	4.21282
620	4.28338
630	4.33365
640	4.3571
650	4.44542
660	4.48354
670	4.51519
680	4.5637
690	4.59409
700	4.69605
710	4.7571
720	4.82316
730	4.89209
740	4.92498
750	4.96663
760	5.05903
770	5.08942
780	5.13393
790	5.19137
800	5.28311
810	5.32045
820	5.34359
830	5.36831
840	5.45007
850	5.50412
860	5.54886
870	5.5905
880	5.62313
890	5.69637
900	5.84
910	5.89023
920	5.93441
930	5.97965
940	6.01288
950	6.09731
960	6.17093
970	6.22837
980	6.35762
990	6.40781
1000	6.43556
1010	6.50234
1020	6.53512
1030	6.61626
1040	6.676
1050	6.70285
1060	6.74158
1070	6.75269
1080	6.75269
1090	6.75269
74
360	2.9035
370	2.95378
380	2.9942
390	3.01639
400	3.11306
410	3.22659
420	3.25841
430	3.36186
440	3.38958
450	3.42259
460	3.46035
470	3.51535
480	3.57739
490	3.63317
500	3.74377
510	3.80639
520	3.83613
530	3.87874
540	3.91647
550	3.98519
560	4.02919
570	4.05148
580	4.14544
590	4.16808
600	4.26157
610	4.29024
620	4.33419
630	4.38526
640	4.4661
650	4.50392
660	4.52783
670	4.5625
680	4.62693
690	4.74129
700	4.76999
710	4.86978
720	4.89993
730	4.92697
740	4.99925
750	5.05753
760	5.11725
770	5.14545
780	5.24209
790	5.28515
800	5.31428
810	5.34594
820	5.40329
830	5.48522
840	5.52922
850	5.55668
860	5.60506
870	5.65613
880	5.78124
890	5.86192
900	5.91849
910	5.9471
920	5.9891
930	6.04881
940	6.15936
950	6.18369
960	6.28347
970	6.38519
980	6.41912
990	6.45762
1000	6.51423
1010	6.57002
1020	6.65538
1030	6.68906
1040	6.71745
1050	6.73111
1060	6.75109
1070	6.75109
1080	6.75109
1090	6.75109
74
360	2.95518
370	2.97887
380	3.00734
390	3.07973
400	3.22505
410	3.25262
420	3.34915
430	3.38227
440	3.41889
450	3.46387
460	3.49441
470	3.58029
480	3.6136
490	3.72219
500	3.80488
510	3.83753
520	3.8775
530	3.89975
540	3.98572
550	4.01022
560	4.04136
570	4.10848
580	4.15849
590	4.22561
600	4.28279
610	4.33893
620	4.36367
630	4.46246
640	4.4909
650	4.51679
660	4.5641
670	4.60256
680	4.71643
690	4.76216
700	4.84059
710	4.89318
720	4.92515
730	4.97643
740	5.05941
750	5.10314
760	5.13696
770	5.2169
780	5.28207
790	5.31306
800	5.34646
810	5.38718
820	5.48793
830	5.51713
840	5.55108
850	5.60536
860	5.64083
870	5.75169
880	5.86469
890	5.90542
900	5.94054
910	5.98948
920	6.0302
930	6.14633
940	6.1802
950	6.26768
960	6.38712
970	6.42115
980	6.44524
990	6.5165
1000	6.55197
1010	6.65915
1020	6.6839
1030	6.70954
1040	6.72558
1050	6.75678
1060	6.75678
1070	6.75678
1080	6.75678
1090	6.75678
74
360	3.00531
370	3.03056
380	3.12065
390	3.24991
400	3.2746
410	3.3785
420	3.40137
430	3.43879
440	3.48531
450	3.51194
460	3.60183
470	3.62978
480	3.7377
490	3.82514
500	3.85932
510	3.89219
520	3.91701
530	3.9998
540	4.02701
550	4.06019
560	4.12188
570	4.1775
580	4.24081
590	4.30228
600	4.36029
610	4.38192
620	4.48175
630	4.5095
640	4.53722
650	4.58476
660	4.62453
670	4.74284
680	4.78227
690	4.86588
700	4.91378
710	4.94421
720	5.00752
730	5.07713
740	5.13557
750	5.16151
760	5.25648
770	5.30414
780	5.33242
790	5.36616
800	5.41405
810	5.50702
820	5.54365
830	5.57288
840	5.62475
850	5.66533
860	5.78416
870	5.88494
880	5.93121
890	5.96162
900	6.00927
910	6.05229
920	6.17255
930	6.20158
940	6.29817
950	6.40491
960	6.44072
970	6.47073
980	6.53495
990	6.58365
1000	6.67237
1010	6.70893
1020	6.73826
1030	6.74576
1040	6.77863
1050	6.77863
1060	6.77863
1070	6.77863
1080	6.77863
1090	6.77863
74
360	3.0587
370	3.15675
380	3.27238
390	3.3005
400	3.40719
410	3.42662
420	3.46252
430	3.50766
440	3.53923
450	3.624
460	3.65847
470	3.77246
480	3.84813
490	3.8816
500	3.92067
510	3.94465
520	4.03427
530	4.0561
540	4.08615
550	4.15869
560	4.20372
570	4.28025
580	4.32793
590	4.38086
600	4.41608
610	4.51189
620	4.54275
630	4.56852
640	4.60712
650	4.6701
660	4.78894
670	4.81509
680	4.91948
690	4.94682
700	4.97419
710	5.06108
720	5.10425
730	5.16372
740	5.19819
750	5.31206
760	5.33315
770	5.35939
780	5.39084
790	5.457
800	5.52753
810	5.58254
820	5.60463
830	5.64728
840	5.70468
850	5.83554
860	5.90788
870	5.9581
880	5.9914
890	6.03299
900	6.10439
910	6.19495
920	6.24756
930	6.3797
940	6.42893
950	6.4611
960	6.52646
970	6.5656
980	6.65169
990	6.69571
1000	6.72897
1010	6.7679
1020	6.7688
1030	6.80109
1040	6.80109
1050	6.80109
1060	6.80109
1070	6.80109
1080	6.80109
1090	6.80199
74
360	3.12967
370	3.25827
380	3.30265
390	3.37636
400	3.43398
410	3.48124
420	3.51238
430	3.53986
440	3.61732
450	3.65786
460	3.73833
470	3.86837
480	3.89618
490	3.91975
500	3.95262
510	4.01203
520	4.06134
530	4.10118
540	4.14254
550	4.2173
560	4.26242
570	4.34267
580	4.38479
590	4.41515
600	4.49637
610	4.54364
620	4.57527
630	4.62531
640	4.65854
650	4.76683
660	4.8203
670	4.89776
680	4.95282
690	4.98416
700	5.04057
710	5.11635
720	5.16523
730	5.19758
740	5.27805
750	5.34168
760	5.37201
770	5.40799
780	5.44484
790	5.54773
800	5.57363
810	5.60988
820	5.66696
830	5.69542
840	5.79845
850	5.92768
860	5.95747
870	5.99462
880	6.03037
890	6.10746
900	6.21246
910	6.25081
920	6.36437
930	6.44065
940	6.47804
950	6.52391
960	6.57653
970	6.63744
980	6.70768
990	6.74696
1000	6.78308
1010	6.78954
1020	6.81301
1030	6.82273
1040	6.82273
1050	6.82273
1060	6.82273
1070	6.82273
1080	6.82273
1090	6.8462
74
360	3.20671
370	3.32618
380	3.35569
390	3.45471
400	3.48225
410	3.51796
420	3.56107
430	3.5979
440	3.67755
450	3.71815
460	3.82849
470	3.90378
480	3.93556
490	3.9781
500	4.0003
510	4.08596
520	4.11178
530	4.1417
540	4.21069
550	4.26458
560	4.35103
570	4.38655
580	4.43303
590	4.48576
600	4.5639
610	4.59951
620	4.63594
630	4.66654
640	4.74598
650	4.84113
660	4.88436
670	4.97738
680	5.00885
690	5.03189
700	5.11696
710	5.16213
720	5.21721
730	5.25835
740	5.36805
750	5.39078
760	5.4182
770	5.4471
780	5.51335
790	5.583
800	5.63584
810	5.66016
820	5.70299
830	5.76156
840	5.88987
850	5.96554
860	6.0009
870	6.02858
880	6.07878
890	6.19872
900	6.25523
910	6.33341
920	6.46196
930	6.50053
940	6.52461
950	6.59985
960	6.63611
970	6.73114
980	6.76395
990	6.79193
1000	6.82181
1010	6.82365
1020	6.855
1030	6.855
1040	6.855
1050	6.855
1060	6.855
1070	6.855
1080	6.85685
1090	6.90775
74
360	3.26231
370	3.32329
380	3.39063
390	3.45714
400	3.50369
410	3.53943
420	3.56638
430	3.6582
440	3.68288
450	3.7747
460	3.88244
470	3.91401
480	3.94072
490	3.97664
500	4.04239
510	4.08614
520	4.12238
530	4.18337
540	4.23416
550	4.30783
560	4.36635
570	4.41625
580	4.45125
590	4.54901
600	4.58039
610	4.6053
620	4.643
630	4.70162
640	4.81062
650	4.84586
660	4.93141
670	4.97911
680	5.00902
690	5.08032
700	5.13747
710	5.20477
720	5.22642
730	5.32306
740	5.36511
750	5.39392
760	5.43037
770	5.47315
780	5.56793
790	5.60293
800	5.63592
810	5.68607
820	5.72885
830	5.8497
840	5.94642
850	5.97489
860	6.01513
870	6.04104
880	6.14323
890	6.22933
900	6.29422
910	6.43649
920	6.46796
930	6.50393
940	6.57364
950	6.60411
960	6.69917
970	6.7344
980	6.76853
990	6.81407
1000	6.81407
1010	6.83132
1020	6.84726
1030	6.84726
1040	6.84726
1050	6.84726
1060	6.84726
1070	6.84726
1080	6.86452
1090	6.90083
74
360	3.31618
370	3.39636
380	3.44903
390	3.49354
400	3.53484
410	3.55988
420	3.65301
430	3.67828
440	3.78276
450	3.87759
460	3.91232
470	3.94439
480	3.97422
490	4.05197
500	4.08404
510	4.11664
520	4.19844
530	4.2304
540	4.32597
550	4.35689
560	4.40439
570	4.45622
580	4.53524
590	4.57494
600	4.60151
610	4.63453
620	4.70823
630	4.81593
640	4.84588
650	4.95515
660	4.97499
670	5.00153
680	5.08171
690	5.12879
700	5.19276
710	5.22201
720	5.33132
730	5.36092
740	5.38588
750	5.4191
760	5.47904
770	5.55535
780	5.60637
790	5.62974
800	5.676
810	5.73026
820	5.85615
830	5.92475
840	5.9641
850	5.99179
860	6.05658
870	6.19973
880	6.22743
890	6.33191
900	6.43049
910	6.47585
920	6.50027
930	6.57058
940	6.6056
950	6.70348
960	6.73205
970	6.76061
980	6.80564
990	6.80564
1000	6.81659
1010	6.83883
1020	6.83883
1030	6.83883
1040	6.83883
1050	6.83883
1060	6.83883
1070	6.84978
1080	6.8924
1090	6.90173
74
360	3.3899
370	3.47603
380	3.5215
390	3.54691
400	3.57901
410	3.65506
420	3.6965
430	3.77883
440	3.90647
450	3.94051
460	3.96699
470	3.99787
480	4.0747
490	4.10415
500	4.14095
510	4.20759
520	4.25049
530	4.32105
540	4.37784
550	4.43601
560	4.46505
570	4.56782
580	4.59106
590	4.61937
600	4.66075
610	4.71406
620	4.83445
630	4.85912
640	4.93752
650	4.99508
660	5.02675
670	5.0879
680	5.15423
690	5.20833
700	5.23969
710	5.3275
720	5.38283
730	5.41108
740	5.44846
750	5.48766
760	5.58778
770	5.61287
780	5.64756
790	5.70821
800	5.73393
810	5.83569
820	5.92645
830	5.98662
840	6.01967
850	6.07455
860	6.20762
870	6.2499
880	6.34183
890	6.45665
900	6.48294
910	6.51989
920	6.58418
930	6.61855
940	6.70636
950	6.74655
960	6.78586
970	6.8376
980	6.83902
990	6.84003
1000	6.87222
1010	6.87222
1020	6.87222
1030	6.87222
1040	6.87222
1050	6.87222
1060	6.87322
1070	6.92497
1080	6.92635
1090	6.97495
74
360	3.44778
370	3.47894
380	3.51401
390	3.55152
400	3.60305
410	3.66763
420	3.7255
430	3.83805
440	3.89766
450	3.92784
460	3.97287
470	4.01016
480	4.06828
490	4.12041
500	4.14452
510	4.22803
520	4.25518
530	4.35698
540	4.38301
550	4.42421
560	4.49002
570	4.55356
580	4.59086
590	4.63129
600	4.65892
610	4.74105
620	4.83238
630	4.8736
640	4.97163
650	5.00665
660	5.03137
670	5.11636
680	5.15187
690	5.20901
700	5.25261
710	5.36055
720	5.38786
730	5.41248
740	5.44025
750	5.51465
760	5.57402
770	5.62559
780	5.65224
790	5.69462
800	5.75249
810	5.8539
820	5.95766
830	5.99887
840	6.02904
850	6.13765
860	6.21614
870	6.2748
880	6.37657
890	6.44939
900	6.49861
910	6.53072
920	6.58757
930	6.63673
940	6.72076
950	6.75512
960	6.78343
970	6.82334
980	6.82334
990	6.83667
1000	6.85653
1010	6.85653
1020	6.85653
1030	6.85653
1040	6.85653
1050	6.85653
1060	6.86986
1070	6.91009
1080	6.92165
1090	6.97578
74
360	3.50567
370	3.53239
380	3.56312
390	3.63308
400	3.68221
410	3.74654
420	3.86539
430	3.91554
440	3.94345
450	3.98285
460	4.03351
470	4.08203
480	4.13185
490	4.16814
500	4.23577
510	4.28321
520	4.36608
530	4.4047
540	4.43914
550	4.52196
560	4.56688
570	4.60348
580	4.65574
590	4.67725
600	4.76565
610	4.84571
620	4.89878
630	4.9815
640	5.01638
650	5.05499
660	5.14311
670	5.17788
680	5.22115
690	5.28467
700	5.37234
710	5.40251
720	5.43088
730	5.45748
740	5.53824
750	5.58904
760	5.63861
770	5.67118
780	5.70943
790	5.77537
800	5.88632
810	5.97164
820	6.0119
830	6.04668
840	6.14321
850	6.23014
860	6.28482
870	6.39915
880	6.4646
890	6.51215
900	6.55155
910	6.60038
920	6.66069
930	6.72915
940	6.7782
950	6.8022
960	6.83871
970	6.83871
980	6.84649
990	6.8719
1000	6.8719
1010	6.8719
1020	6.8719
1030	6.8719
1040	6.8719
1050	6.87969
1060	6.92547
1070	6.9319
1080	6.99115
1090	6.99115
74
360	3.56482
370	3.59209
380	3.67007
390	3.71403
400	3.79581
410	3.92097
420	3.95357
430	3.97991
440	4.01098
450	4.08119
460	4.11559
470	4.15418
480	4.21319
490	4.26095
500	4.33293
510	4.39039
520	4.44424
530	4.47415
540	4.57297
550	4.60276
560	4.63183
570	4.67632
580	4.71707
590	4.82806
600	4.87363
610	4.9481
620	5.00588
630	5.0393
640	5.08482
650	5.16589
660	5.20453
670	5.2456
680	5.30671
690	5.39538
700	5.42523
710	5.45638
720	5.48229
730	5.56027
740	5.61383
750	5.66166
760	5.69539
770	5.73398
780	5.7972
790	5.93065
800	5.99593
810	6.03494
820	6.07077
830	6.17685
840	6.25498
850	6.31259
860	6.44044
870	6.49147
880	6.53554
890	6.5784
900	6.62559
910	6.68756
920	6.75495
930	6.80503
940	6.83549
950	6.86175
960	6.86175
970	6.87125
980	6.89495
990	6.89495
1000	6.89495
1010	6.89495
1020	6.89495
1030	6.89495
1040	6.90445
1050	6.94851
1060	6.9566
1070	7.0142
1080	7.0142
1090	7.0142
74
360	3.62986
370	3.70048
380	3.74456
390	3.86879
400	3.93385
410	3.96296
420	4.00952
430	4.04645
440	4.09714
450	4.15485
460	4.17907
470	4.25626
480	4.28729
490	4.38037
500	4.41003
510	4.45526
520	4.51216
530	4.58292
540	4.63021
550	4.65517
560	4.69137
570	4.75389
580	4.86172
590	4.89201
600	4.97624
610	5.02064
620	5.0528
630	5.10971
640	5.17944
650	5.22593
660	5.26157
670	5.33546
680	5.40904
690	5.43841
700	5.47769
710	5.50105
720	5.58638
730	5.62902
740	5.67561
750	5.71649
760	5.74957
770	5.82279
780	5.93629
790	6.01114
800	6.04698
810	6.09988
820	6.20914
830	6.27224
840	6.34886
850	6.48976
860	6.52021
870	6.55287
880	6.62666
890	6.6543
900	6.74772
910	6.78018
920	6.8185
930	6.87753
940	6.87753
950	6.87753
960	6.88363
970	6.91073
980	6.91073
990	6.91073
1000	6.91073
1010	6.91073
1020	6.91073
1030	6.91682
1040	6.96429
1050	6.9692
1060	7.02997
1070	7.02997
1080	7.02997
1090	7.02997
74
360	3.68524
370	3.71434
380	3.80802
390	3.92148
400	3.95522
410	3.98624
420	4.01674
430	4.09042
440	4.11519
450	4.15784
460	4.21647
470	4.26053
480	4.33089
490	4.39237
500	4.45048
510	4.47278
520	4.56658
530	4.59519
540	4.63361
550	4.68685
560	4.70914
570	4.80295
580	4.87469
590	4.91719
600	5.01173
610	5.04274
620	5.06532
630	5.14959
640	5.18997
650	5.25258
660	5.28565
670	5.39191
680	5.41968
690	5.44402
700	5.48231
710	5.52701
720	5.61931
730	5.65032
740	5.68251
750	5.74136
760	5.76846
770	5.86812
780	6.00157
790	6.03604
800	6.06342
810	6.15553
820	6.25545
830	6.31004
840	6.43792
850	6.49497
860	6.53844
870	6.58658
880	6.63065
890	6.70557
900	6.75269
910	6.80935
920	6.84312
930	6.8764
940	6.8764
950	6.8764
960	6.90164
970	6.90959
980	6.90959
990	6.90959
1000	6.90959
1010	6.90959
1020	6.90959
1030	6.93483
1040	6.96315
1050	6.98602
1060	7.02884
1070	7.02884
1080	7.02884
1090	7.02893
74
360	3.75887
370	3.87179
380	3.95342
390	3.98738
400	4.01773
410	4.04792
420	4.12293
430	4.14609
440	4.18912
450	4.24558
460	4.291
470	4.35478
480	4.42361
490	4.472
500	4.49906
510	4.58264
520	4.62295
530	4.66541
540	4.70941
550	4.73547
560	4.81905
570	4.90806
580	4.94045
590	5.04525
600	5.06763
610	5.09322
620	5.16801
630	5.21863
640	5.286
650	5.31066
660	5.40745
670	5.44795
680	5.47388
690	5.51545
700	5.55066
710	5.65291
720	5.67521
730	5.71201
740	5.77287
750	5.79396
760	5.88341
770	6.00008
780	6.06483
790	6.10973
800	6.22747
810	6.28824
820	6.36083
830	6.50495
840	6.53453
850	6.57136
860	6.63515
870	6.66545
880	6.7505
890	6.78416
900	6.84128
910	6.87577
920	6.91
930	6.91
940	6.91
950	6.92745
960	6.94319
970	6.94319
980	6.94319
990	6.94319
1000	6.94319
1010	6.94319
1020	6.96064
1030	6.99675
1040	7.01224
1050	7.06244
1060	7.06244
1070	7.06244
1080	7.06244
1090	7.0928
74
360	3.81049
370	3.92686
380	3.97211
390	4.00058
400	4.0446
410	4.08365
420	4.13297
430	4.18897
440	4.21258
450	4.2936
460	4.31718
470	4.41292
480	4.44311
490	4.49184
500	4.53531
510	4.6214
520	4.65327
530	4.68369
540	4.72825
550	4.77025
560	4.8681
570	4.92072
580	4.98482
590	5.05512
600	5.0896
610	5.13086
620	5.21876
630	5.24794
640	5.29616
650	5.35289
660	5.44815
670	5.47668
680	5.49847
690	5.53026
700	5.60025
710	5.66215
720	5.71446
730	5.73692
740	5.78341
750	5.8313
760	5.93021
770	6.0611
780	6.08699
790	6.18498
800	6.28617
810	6.32301
820	6.43352
830	6.52277
840	6.57347
850	6.60009
860	6.65747
870	6.70462
880	6.78028
890	6.81639
900	6.85509
910	6.91762
920	6.91762
930	6.91762
940	6.91815
950	6.95081
960	6.95081
970	6.95081
980	6.95081
990	6.95081
1000	6.95081
1010	6.95134
1020	6.99702
1030	7.00461
1040	7.04734
1050	7.07006
1060	7.07006
1070	7.07006
1080	7.07432
1090	7.10738
74
360	3.88794
370	3.98592
380	4.01977
390	4.04869
400	4.07916
410	4.149
420	4.17377
430	4.22093
440	4.26563
450	4.32189
460	4.37497
470	4.45603
480	4.49724
490	4.52862
500	4.60335
510	4.65321
520	4.69859
530	4.73351
540	4.76303
550	4.83287
560	4.9396
570	4.97314
580	5.07633
590	5.09919
600	5.12511
610	5.19704
620	5.25011
630	5.31367
640	5.33803
650	5.42393
660	5.4797
670	5.50562
680	5.54874
690	5.57766
700	5.67613
710	5.70394
720	5.74326
730	5.79215
740	5.82055
750	5.89598
760	6.03994
770	6.09092
780	6.15029
790	6.27949
800	6.32265
810	6.39878
820	6.54313
830	6.56698
840	6.60284
850	6.65941
860	6.69427
870	6.769
880	6.81432
890	6.875
900	6.90144
910	6.94385
920	6.94385
930	6.94385
940	6.95441
950	6.97704
960	6.97704
970	6.97704
980	6.97704
990	6.97704
1000	6.97704
1010	6.9876
1020	7.03061
1030	7.03969
1040	7.09629
1050	7.09629
1060	7.09629
1070	7.09629
1080	7.11699
1090	7.13361
74
360	3.95126
370	3.9765
380	4.00467
390	4.05023
400	4.08611
410	4.13809
420	4.19415
430	4.21799
440	4.2978
450	4.32462
460	4.42818
470	4.45085
480	4.49645
490	4.54317
500	4.62662
510	4.66102
520	4.68808
530	4.73331
540	4.77302
550	4.8906
560	4.92774
570	5.00328
580	5.0601
590	5.09448
600	5.13575
610	5.22337
620	5.25633
630	5.30095
640	5.35857
650	5.45221
660	5.48183
670	5.50614
680	5.5341
690	5.6034
700	5.66672
710	5.71811
720	5.73774
730	5.78854
740	5.83059
750	5.95051
760	6.06663
770	6.09032
780	6.18999
790	6.29043
800	6.33482
810	6.45707
820	6.52782
830	6.57907
840	6.60654
850	6.66222
860	6.71284
870	6.78396
880	6.83146
890	6.85864
900	6.92171
910	6.92384
920	6.92384
930	6.92384
940	6.95703
950	6.95703
960	6.95703
970	6.95703
980	6.95703
990	6.95703
1000	6.95703
1010	6.99442
1020	7.01059
1030	7.045
1040	7.07628
1050	7.07628
1060	7.07628
1070	7.07784
1080	7.11359
1090	7.11359
74
360	4.00799
370	4.03285
380	4.0693
390	4.1281
400	4.16327
410	4.21549
420	4.25391
430	4.31499
440	4.36282
450	4.45061
460	4.48525
470	4.51844
480	4.58743
490	4.64523
500	4.69427
510	4.71936
520	4.75332
530	4.81525
540	4.93586
550	4.95791
560	5.05591
570	5.08672
580	5.11489
590	5.17839
600	5.24166
610	5.29654
620	5.32602
630	5.40598
640	5.471
650	5.49868
660	5.54336
670	5.56249
680	5.65422
690	5.69003
700	5.7385
710	5.77168
720	5.80921
730	5.8735
740	6.01414
750	6.08349
760	6.12739
770	6.2497
780	6.31201
790	6.37944
800	6.52254
810	6.55311
820	6.59639
830	6.64578
840	6.68588
850	6.76036
860	6.80676
870	6.87161
880	6.88526
890	6.94055
900	6.94055
910	6.94055
920	6.9432
930	6.97375
940	6.97375
950	6.97375
960	6.97375
970	6.97375
980	6.97375
990	6.9764
1000	7.02731
1010	7.02921
1020	7.08565
1030	7.09299
1040	7.09299
1050	7.09299
1060	7.10203
1070	7.13031
1080	7.13097
1090	7.16255
74
360	4.05909
370	4.09469
380	4.15486
390	4.18891
400	4.23963
410	4.27949
420	4.33962
430	4.38818
440	4.47466
450	4.5109
460	4.54384
470	4.61198
480	4.67022
490	4.71832
500	4.74512
510	4.77851
520	4.84012
530	4.95985
540	4.98482
550	5.08123
560	5.11244
570	5.14013
580	5.2032
590	5.26659
600	5.32168
610	5.35166
620	5.42995
630	5.49602
640	5.52311
650	5.56878
660	5.58826
670	5.67742
680	5.71555
690	5.76255
700	5.79736
710	5.83448
720	5.89827
730	6.03431
740	6.1084
750	6.15986
760	6.28382
770	6.33784
780	6.40598
790	6.54589
800	6.58198
810	6.62145
820	6.67437
830	6.71142
840	6.78463
850	6.83223
860	6.89566
870	6.91098
880	6.9646
890	6.9646
900	6.9646
910	6.96831
920	6.99779
930	6.99779
940	6.99779
950	6.99779
960	6.99779
970	6.99779
980	7.00151
990	7.05136
1000	7.0542
1010	7.11074
1020	7.11704
1030	7.11704
1040	7.11704
1050	7.12761
1060	7.15436
1070	7.15567
1080	7.1866
1090	7.1866
74
360	4.11467
370	4.18288
380	4.21031
390	4.25677
400	4.30178
410	4.35749
420	4.41094
430	4.49154
440	4.53303
450	4.5633
460	4.63573
470	4.6888
480	4.73492
490	4.76665
500	4.79747
510	4.86358
520	4.97637
530	5.00614
540	5.106
550	5.13298
560	5.15942
570	5.22764
580	5.28503
590	5.34481
600	5.37185
610	5.45413
620	5.51463
630	5.54084
640	5.58525
650	5.6107
660	5.70564
670	5.73533
680	5.77932
690	5.81941
700	5.85361
710	5.92183
720	6.06001
730	6.127
740	6.18537
750	6.31407
760	6.36425
770	6.45299
780	6.57136
790	6.62119
800	6.64834
810	6.71265
820	6.75339
830	6.82485
840	6.85728
850	6.91212
860	6.93152
870	6.9812
880	6.9812
890	6.9812
900	6.98711
910	7.01439
920	7.01439
930	7.01439
940	7.01439
950	7.01439
960	7.01439
970	7.0203
980	7.06796
990	7.07277
1000	7.13364
1010	7.13364
1020	7.13364
1030	7.13364
1040	7.1476
1050	7.17096
1060	7.17371
1070	7.2032
1080	7.20325
1090	7.24123
74
360	4.1848
370	4.21905
380	4.27363
390	4.30389
400	4.37279
410	4.40894
420	4.50915
430	4.53155
440	4.57288
450	4.62935
460	4.70206
470	4.7487
480	4.76713
490	4.80894
500	4.85968
510	4.97435
520	5.00946
530	5.10021
540	5.14024
550	5.17051
560	5.22943
570	5.29785
580	5.34941
590	5.3826
600	5.46443
610	5.52734
620	5.55664
630	5.59127
640	5.61441
650	5.6987
660	5.74325
670	5.79704
680	5.81884
690	5.86459
700	5.91696
710	6.03239
720	6.14117
730	6.17967
740	6.28869
750	6.36388
760	6.47203
770	6.5731
780	6.63678
790	6.66579
800	6.71922
810	6.77486
820	6.82876
830	6.86414
840	6.91569
850	6.94326
860	6.99919
870	6.99919
880	6.99919
890	6.9993
900	7.03239
910	7.03239
920	7.03239
930	7.03239
940	7.03239
950	7.03239
960	7.03249
970	7.0775
980	7.08596
990	7.12769
1000	7.15164
1010	7.15164
1020	7.15164
1030	7.15462
1040	7.18895
1050	7.18895
1060	7.22119
1070	7.22119
1080	7.24011
1090	7.26549
74
360	4.24323
370	4.2883
380	4.3245
390	4.38748
400	4.43009
410	4.52381
420	4.55137
430	4.58906
440	4.65216
450	4.71758
460	4.76756
470	4.78595
480	4.8257
490	4.88963
500	5.00591
510	5.03692
520	5.14417
530	5.16202
540	5.18876
550	5.26416
560	5.31432
570	5.37988
580	5.40535
590	5.50421
600	5.54286
610	5.57129
620	5.61226
630	5.63327
640	5.72506
650	5.75969
660	5.81148
670	5.84039
680	5.88125
690	5.94435
700	6.0579
710	6.14104
720	6.21328
730	6.29446
740	6.44897
750	6.54113
760	6.60423
770	6.65678
780	6.72437
790	6.7506
800	6.83269
810	6.86229
820	6.88692
830	6.93723
840	6.96069
850	6.97747
860	7.01386
870	7.01386
880	7.01386
890	7.0237
900	7.04706
910	7.04706
920	7.04706
930	7.04706
940	7.04706
950	7.04775
960	7.09938
970	7.10095
980	7.1493
990	7.1663
1000	7.1663
1010	7.1663
1020	7.17132
1030	7.20362
1040	7.20362
1050	7.23586
1060	7.23586
1070	7.25953
1080	7.28297
1090	7.31457
74
360	4.29583
370	4.33514
380	4.39535
390	4.44071
400	4.53075
410	4.56706
420	4.59822
430	4.66248
440	4.7213
450	4.75578
460	4.77894
470	4.82823
480	4.92954
490	5.01342
500	5.04754
510	5.15153
520	5.17336
530	5.20041
540	5.28131
550	5.32646
560	5.39092
570	5.4202
580	5.52453
590	5.55155
600	5.57903
610	5.62288
620	5.64575
630	5.74026
640	5.76901
650	5.81775
660	5.86031
670	5.89438
680	5.97264
690	6.056
700	6.12445
710	6.20081
720	6.34924
730	6.51482
740	6.55326
750	6.62811
760	6.66877
770	6.7312
780	6.7646
790	6.83942
800	6.87845
810	6.90093
820	6.94584
830	6.9682
840	6.97138
850	7.02138
860	7.02138
870	7.02138
880	7.02601
890	7.05457
900	7.05457
910	7.05457
920	7.05457
930	7.05457
940	7.05624
950	7.10813
960	7.10923
970	7.15988
980	7.17382
990	7.17382
1000	7.17382
1010	7.18081
1020	7.21113
1030	7.21138
1040	7.24337
1050	7.24337
1060	7.27004
1070	7.29285
1080	7.3233
1090	7.35218
74
360	4.35784
370	4.4278
380	4.46255
390	4.5518
400	4.57804
410	4.62641
420	4.6631
430	4.72796
440	4.76132
450	4.80783
460	4.84479
470	4.94063
480	5.04403
490	5.07996
500	5.17979
510	5.20916
520	5.23428
530	5.32235
540	5.35701
550	5.42371
560	5.44493
570	5.53521
580	5.58247
590	5.61146
600	5.64694
610	5.67314
620	5.74783
630	5.79829
640	5.83159
650	5.88487
660	5.92071
670	5.99256
680	6.13259
690	6.1565
700	6.25379
710	6.3754
720	6.53868
730	6.58754
740	6.6705
750	6.70414
760	6.75937
770	6.80538
780	6.87058
790	6.90241
800	6.94842
810	6.98075
820	7.00102
830	7.00187
840	7.05089
850	7.0542
860	7.0542
870	7.05586
880	7.08739
890	7.08739
900	7.08739
910	7.08739
920	7.08739
930	7.08758
940	7.13057
950	7.14099
960	7.18096
970	7.20664
980	7.20664
990	7.20664
1000	7.20981
1010	7.24396
1020	7.24396
1030	7.2762
1040	7.2762
1050	7.29467
1060	7.32057
1070	7.35411
1080	7.38469
1090	7.41377
74
360	4.41225
370	4.45745
380	4.52344
390	4.58735
400	4.61003
410	4.65133
420	4.70118
430	4.77705
440	4.80424
450	4.8374
460	4.90199
470	5.0367
480	5.07779
490	5.15852
500	5.20776
510	5.23975
520	5.28397
530	5.37119
540	5.40422
550	5.44823
560	5.49596
570	5.58429
580	5.60921
590	5.63671
600	5.67858
610	5.71477
620	5.81268
630	5.84159
640	5.86803
650	5.93314
660	5.97245
670	6.08197
680	6.15844
690	6.21249
700	6.33675
710	6.50304
720	6.59642
730	6.64978
740	6.70921
750	6.76397
760	6.79764
770	6.8826
780	6.91469
790	6.93909
800	6.98929
810	7.0244
820	7.0244
830	7.0362
840	7.07757
850	7.07757
860	7.07757
870	7.09195
880	7.11077
890	7.11077
900	7.11077
910	7.11077
920	7.11077
930	7.11954
940	7.16433
950	7.17176
960	7.23002
970	7.23002
980	7.23002
990	7.23002
1000	7.24821
1010	7.26733
1020	7.27214
1030	7.29957
1040	7.30016
1050	7.33761
1060	7.36238
1070	7.38755
1080	7.41313
1090	7.43714
74
360	4.4715
370	4.53141
380	4.59052
390	4.64428
400	4.67103
410	4.7679
420	4.79096
430	4.82921
440	4.88684
450	4.99779
460	5.06433
470	5.12499
480	5.20165
490	5.23101
500	5.25271
510	5.33005
520	5.37536
530	5.4163
540	5.45462
550	5.52741
560	5.60004
570	5.62791
580	5.67262
590	5.69759
600	5.79692
610	5.82632
620	5.85103
630	5.92762
640	5.95542
650	6.05778
660	6.15131
670	6.2059
680	6.32335
690	6.47821
700	6.59018
710	6.6387
720	6.7012
730	6.7558
740	6.78603
750	6.87248
760	6.90026
770	6.92779
780	6.98159
790	7.02102
800	7.0239
810	7.02404
820	7.0665
830	7.07708
840	7.07708
850	7.07762
860	7.11027
870	7.11027
880	7.11027
890	7.11027
900	7.11027
910	7.11027
920	7.14668
930	7.16384
940	7.19734
950	7.22952
960	7.22952
970	7.22952
980	7.23104
990	7.26684
1000	7.26684
1010	7.29423
1020	7.29908
1030	7.31318
1040	7.341
1050	7.37648
1060	7.40756
1070	7.4356
1080	7.43665
1090	7.43665
74
360	4.53807
370	4.60899
380	4.65291
390	4.6795
400	4.75812
410	4.80101
420	4.84893
430	4.88576
440	4.99343
450	5.08462
460	5.11726
470	5.20338
480	5.22897
490	5.26279
500	5.30246
510	5.39585
520	5.42465
530	5.47011
540	5.52874
550	5.61255
560	5.64705
570	5.69097
580	5.71263
590	5.80046
600	5.8412
610	5.86705
620	5.94213
630	5.96745
640	6.05599
650	6.1702
660	6.21415
670	6.32893
680	6.49368
690	6.6082
700	6.65211
710	6.71939
720	6.76614
730	6.80156
740	6.87644
750	6.91164
760	6.94229
770	7.00318
780	7.02574
790	7.0476
800	7.0476
810	7.06596
820	7.10078
830	7.10078
840	7.10078
850	7.12233
860	7.13397
870	7.13397
880	7.13397
890	7.13397
900	7.13397
910	7.14848
920	7.18754
930	7.20029
940	7.25322
950	7.25322
960	7.25322
970	7.25322
980	7.27942
990	7.29054
1000	7.29975
1010	7.32278
1020	7.32536
1030	7.3608
1040	7.39481
1050	7.41699
1060	7.44083
1070	7.46035
1080	7.46035
1090	7.46035
74
360	4.59519
370	4.63038
380	4.67629
390	4.71833
400	4.80093
410	4.83635
420	4.8672
430	4.93949
440	5.05998
450	5.10052
460	5.16026
470	5.2314
480	5.26167
490	5.28669
500	5.37226
510	5.41587
520	5.46976
530	5.51613
540	5.60212
550	5.64796
560	5.67362
570	5.70684
580	5.77392
590	5.83055
600	5.8643
610	5.91962
620	5.96214
630	6.0359
640	6.17065
650	6.19796
660	6.29828
670	6.45906
680	6.61516
690	6.63535
700	6.7256
710	6.74862
720	6.79847
730	6.84716
740	6.9077
750	6.9451
760	6.9798
770	7.01827
780	7.0576
790	7.0576
800	7.05854
810	7.10723
820	7.11077
830	7.11077
840	7.11256
850	7.14397
860	7.14397
870	7.14397
880	7.14397
890	7.14397
900	7.1442
910	7.18699
920	7.19759
930	7.23742
940	7.26322
950	7.26322
960	7.26322
970	7.26654
980	7.30053
990	7.30053
1000	7.33277
1010	7.33277
1020	7.35136
1030	7.37728
1040	7.41073
1050	7.44123
1060	7.47035
1070	7.47035
1080	7.47035
1090	7.47035
74
360	4.64673
370	4.68592
380	4.74305
390	4.80988
400	4.85459
410	4.88299
420	4.97506
430	5.05806
440	5.10943
450	5.18889
460	5.23978
470	5.27309
480	5.33932
490	5.39874
500	5.46804
510	5.49588
520	5.5936
530	5.61689
540	5.66023
550	5.70211
560	5.74106
570	5.81987
580	5.86375
590	5.88453
600	5.95626
610	5.9876
620	6.10036
630	6.1785
640	6.22404
650	6.3523
660	6.49123
670	6.62146
680	6.66369
690	6.73344
700	6.7732
710	6.81162
720	6.8878
730	6.92006
740	6.95254
750	7.01133
760	7.03255
770	7.06648
780	7.06648
790	7.06849
800	7.11966
810	7.11966
820	7.11966
830	7.12291
840	7.15285
850	7.15285
860	7.15285
870	7.15285
880	7.15285
890	7.15366
900	7.20642
910	7.20683
920	7.25651
930	7.2721
940	7.2721
950	7.2721
960	7.27747
970	7.30942
980	7.30942
990	7.34166
1000	7.34166
1010	7.3662
1020	7.3892
1030	7.42049
1040	7.45012
1050	7.47923
1060	7.47923
1070	7.47923
1080	7.47923
1090	7.47923
74
360	4.70331
370	4.76585
380	4.8263
390	4.88011
400	4.90607
410	5.00468
420	5.10474
430	5.15109
440	5.23781
450	5.27681
460	5.30054
470	5.394
480	5.42399
490	5.47953
500	5.52441
510	5.60598
520	5.64718
530	5.68023
540	5.71516
550	5.7733
560	5.83581
570	5.87774
580	5.91165
590	5.96851
600	6.02002
610	6.145
620	6.19658
630	6.26575
640	6.40097
650	6.54867
660	6.63716
670	6.68131
680	6.74887
690	6.79744
700	6.83001
710	6.90654
720	6.94146
730	6.96975
740	7.03156
750	7.05001
760	7.08188
770	7.08188
780	7.08519
790	7.13505
800	7.13505
810	7.13505
820	7.13982
830	7.16825
840	7.16825
850	7.16825
860	7.16825
870	7.16825
880	7.17003
890	7.22181
900	7.223
910	7.27304
920	7.2875
930	7.2875
940	7.2875
950	7.29462
960	7.32481
970	7.32511
980	7.35705
990	7.35705
1000	7.38363
1010	7.40658
1020	7.43706
1030	7.46586
1040	7.49462
1050	7.49462
1060	7.49462
1070	7.49462
1080	7.49462
1090	7.49462
74
360	4.76546
370	4.84169
380	4.88878
390	4.91438
400	5.00511
410	5.12334
420	5.15198
430	5.25486
440	5.28013
450	5.30742
460	5.3878
470	5.43175
480	5.49776
490	5.5264
500	5.62439
510	5.65037
520	5.69083
530	5.73083
540	5.77224
550	5.85251
560	5.8915
570	5.91403
580	5.98663
590	6.01596
600	6.11921
610	6.20937
620	6.25646
630	6.3683
640	6.51903
650	6.64806
660	6.6797
670	6.76649
680	6.80011
690	6.84214
700	6.91115
710	6.95299
720	6.98513
730	7.02491
740	7.05852
750	7.10153
760	7.10153
770	7.10153
780	7.1374
790	7.15471
800	7.15471
810	7.15471
820	7.1879
830	7.1879
840	7.1879
850	7.1879
860	7.1879
870	7.1879
880	7.21793
890	7.24147
900	7.26877
910	7.30715
920	7.30715
930	7.30715
940	7.30741
950	7.34447
960	7.34447
970	7.3661
980	7.37671
990	7.38645
1000	7.41633
1010	7.45403
1020	7.48514
1030	7.50737
1040	7.51428
1050	7.51428
1060	7.51428
1070	7.51428
1080	7.51428
1090	7.51428
74
360	4.83104
370	4.85941
380	4.90657
390	4.95134
400	5.07022
410	5.13376
420	5.1932
430	5.2659
440	5.30492
450	5.34051
460	5.43017
470	5.46649
480	5.5092
490	5.57482
500	5.63467
510	5.69461
520	5.71632
530	5.74589
540	5.81846
550	5.86661
560	5.90473
570	5.94951
580	5.99726
590	6.05748
600	6.18253
610	6.22676
620	6.30473
630	6.43611
640	6.59198
650	6.66728
660	6.73599
670	6.78118
680	6.8435
690	6.87477
700	6.95303
710	6.98361
720	6.99954
730	7.06358
740	7.08143
750	7.10914
760	7.10914
770	7.11443
780	7.16232
790	7.16232
800	7.16232
810	7.16946
820	7.19551
830	7.19551
840	7.19551
850	7.19551
860	7.19551
870	7.19876
880	7.24908
890	7.25149
900	7.30939
910	7.31476
920	7.31476
930	7.31476
940	7.3248
950	7.35208
960	7.35306
970	7.38431
980	7.38431
990	7.41698
1000	7.43763
1010	7.4661
1020	7.49386
1030	7.52189
1040	7.52189
1050	7.52189
1060	7.52189
1070	7.52189
1080	7.52189
1090	7.52189
74
360	4.89282
370	4.92745
380	4.99304
390	5.12968
400	5.15941
410	5.23926
420	5.28706
430	5.32161
440	5.3708
450	5.44762
460	5.49039
470	5.52911
480	5.59684
490	5.65385
500	5.71137
510	5.73731
520	5.76565
530	5.83837
540	5.88636
550	5.92299
560	5.97005
570	6.01645
580	6.07776
590	6.21035
600	6.2491
610	6.33181
620	6.4821
630	6.64877
640	6.69145
650	6.77201
660	6.80631
670	6.86077
680	6.89927
690	6.97062
700	7.00416
710	7.01924
720	7.08118
730	7.10177
740	7.12673
750	7.12673
760	7.13395
770	7.17991
780	7.17991
790	7.17991
800	7.18918
810	7.2131
820	7.2131
830	7.2131
840	7.2131
850	7.2131
860	7.21798
870	7.26667
880	7.27055
890	7.32972
900	7.33235
910	7.33235
920	7.33235
930	7.34476
940	7.36967
950	7.37172
960	7.40191
970	7.40191
980	7.43755
990	7.45787
1000	7.48551
1010	7.51255
1020	7.53948
1030	7.53948
1040	7.53948
1050	7.53948
1060	7.53948
1070	7.53948
1080	7.53948
1090	7.53948
74
360	4.94839
370	5.02717
380	5.15932
390	5.18605
400	5.28434
410	5.31126
420	5.34072
430	5.40866
440	5.46382
450	5.52814
460	5.55491
470	5.64526
480	5.67802
490	5.72391
500	5.76795
510	5.79486
520	5.88864
530	5.91357
540	5.94314
550	6.01397
560	6.04305
570	6.13233
580	6.24571
590	6.28618
600	6.39893
610	6.56341
620	6.68871
630	6.72918
640	6.79728
650	6.83847
660	6.87694
670	6.92319
680	6.98644
690	7.02393
700	7.03787
710	7.09297
720	7.11081
730	7.14248
740	7.14248
750	7.14595
760	7.19408
770	7.19565
780	7.19565
790	7.2006
800	7.22885
810	7.22885
820	7.22885
830	7.22885
840	7.22885
850	7.23584
860	7.28241
870	7.28819
880	7.3481
890	7.3481
900	7.3481
910	7.3481
920	7.36384
930	7.38541
940	7.38888
950	7.41765
960	7.41783
970	7.45563
980	7.47762
990	7.50363
1000	7.52975
1010	7.55522
1020	7.55522
1030	7.55522
1040	7.55522
1050	7.55522
1060	7.55522
1070	7.55522
1080	7.55522
1090	7.55522
74
360	5.01359
370	5.14136
380	5.19228
390	5.26982
400	5.32191
410	5.35558
420	5.4058
430	5.47933
440	5.52659
450	5.56408
460	5.63794
470	5.68816
480	5.7427
490	5.77603
500	5.80329
510	5.88675
520	5.92241
530	5.95763
540	6.01302
550	6.05262
560	6.12721
570	6.26493
580	6.29286
590	6.3933
600	6.55415
610	6.70539
620	6.74366
630	6.79717
640	6.82861
650	6.88426
660	6.91014
670	6.9663
680	7.01097
690	7.04798
700	7.07161
710	7.11893
720	7.15954
730	7.16439
740	7.16439
750	7.18461
760	7.21757
770	7.21757
780	7.21757
790	7.25076
800	7.25076
810	7.25076
820	7.25076
830	7.25076
840	7.251
850	7.29383
860	7.30438
870	7.34426
880	7.37001
890	7.37001
900	7.37001
910	7.37333
920	7.40732
930	7.40732
940	7.43956
950	7.43956
960	7.45818
970	7.48406
980	7.51749
990	7.54796
1000	7.57714
1010	7.57714
1020	7.57714
1030	7.57714
1040	7.57714
1050	7.57714
1060	7.57714
1070	7.57714
1080	7.57714
1090	7.57714
74
360	5.07445
370	5.19312
380	5.22961
390	5.3266
400	5.35737
410	5.38128
420	5.46714
430	5.50376
440	5.56666
450	5.60168
460	5.69213
470	5.72429
480	5.76117
490	5.80085
500	5.84568
510	5.92163
520	5.96637
530	5.99029
540	6.05334
550	6.09741
560	6.21746
570	6.28268
580	6.3541
590	6.4992
600	6.66586
610	6.72475
620	6.76678
630	6.82355
640	6.851
650	6.91019
660	6.9333
670	7.02026
680	7.03941
690	7.06186
700	7.11657
710	7.13927
720	7.17643
730	7.17643
740	7.17741
750	7.22755
760	7.22961
770	7.22961
780	7.23663
790	7.2628
800	7.2628
810	7.2628
820	7.2628
830	7.2628
840	7.2723
850	7.31637
860	7.32441
870	7.38205
880	7.38205
890	7.38205
900	7.38205
910	7.40175
920	7.41937
930	7.42457
940	7.45161
950	7.45225
960	7.48959
970	7.5164
980	7.5404
990	7.56549
1000	7.58918
1010	7.58918
1020	7.58918
1030	7.58918
1040	7.58918
1050	7.58918
1060	7.58918
1070	7.58918
1080	7.58918
1090	7.58918
74
360	5.14538
370	5.20379
380	5.27539
390	5.33523
400	5.37033
410	5.41597
420	5.49461
430	5.53868
440	5.57762
450	5.65081
460	5.70316
470	5.75687
480	5.79389
490	5.82152
500	5.91516
510	5.9432
520	5.97559
530	6.04877
540	6.07548
550	6.17305
560	6.27742
570	6.32227
580	6.44581
590	6.61239
600	6.70125
610	6.73392
620	6.78779
630	6.83508
640	6.86985
650	6.91597
660	6.97051
670	7.02431
680	7.05834
690	7.0807
700	7.13492
710	7.16679
720	7.18048
730	7.18048
740	7.19418
750	7.23366
760	7.23366
770	7.23366
780	7.26276
790	7.26685
800	7.26685
810	7.26685
820	7.26685
830	7.26685
840	7.30088
850	7.32042
860	7.35158
870	7.3861
880	7.3861
890	7.3861
900	7.38699
910	7.42342
920	7.42342
930	7.4486
940	7.45565
950	7.46799
960	7.4965
970	7.53295
980	7.56404
990	7.58986
1000	7.59323
1010	7.59323
1020	7.59323
1030	7.59323
1040	7.59323
1050	7.59323
1060	7.59323
1070	7.59323
1080	7.59323
1090	7.59323
74
360	5.19875
370	5.25877
380	5.33071
390	5.3684
400	5.403
410	5.4926
420	5.52602
430	5.57439
440	5.64759
450	5.69927
460	5.75273
470	5.79474
480	5.8197
490	5.9119
500	5.94151
510	5.97379
520	6.04805
530	6.07074
540	6.16225
550	6.27454
560	6.31805
570	6.43657
580	6.60242
590	6.66914
600	6.72608
610	6.75382
620	6.81263
630	6.84671
640	6.91281
650	6.94055
660	7.02289
670	7.04571
680	7.07267
690	7.1335
700	7.1546
710	7.17906
720	7.17906
730	7.18632
740	7.23223
750	7.23223
760	7.23223
770	7.25114
780	7.26543
790	7.26543
800	7.26543
810	7.26543
820	7.26543
830	7.28825
840	7.31899
850	7.33953
860	7.38468
870	7.38468
880	7.38468
890	7.38468
900	7.42199
910	7.42199
920	7.43784
930	7.45423
940	7.46054
950	7.49274
960	7.53152
970	7.55736
980	7.57895
990	7.59181
1000	7.59181
1010	7.59181
1020	7.59181
1030	7.59181
1040	7.59181
1050	7.59181
1060	7.59181
1070	7.59181
1080	7.59181
1090	7.59181
74
360	5.27942
370	5.36131
380	5.39811
390	5.43783
400	5.52012
410	5.56632
420	5.6031
430	5.68983
440	5.7289
450	5.78523
460	5.81733
470	5.84541
480	5.93132
490	5.96242
500	6.00074
510	6.05343
520	6.09158
530	6.16047
540	6.30101
550	6.34015
560	6.45447
570	6.60367
580	6.65951
590	6.72141
600	6.76562
610	6.8329
620	6.87173
630	6.93739
640	6.95786
650	7.03167
660	7.05999
670	7.09725
680	7.13858
690	7.17467
700	7.21438
710	7.21438
720	7.21458
730	7.26078
740	7.26755
750	7.26755
760	7.27224
770	7.30075
780	7.30075
790	7.30075
800	7.30075
810	7.30075
820	7.30756
830	7.35431
840	7.35986
850	7.42
860	7.42
870	7.42
880	7.42
890	7.43608
900	7.45731
910	7.46049
920	7.48955
930	7.48961
940	7.52752
950	7.55032
960	7.57542
970	7.60134
980	7.62712
990	7.62712
1000	7.62712
1010	7.62712
1020	7.62712
1030	7.62712
1040	7.62712
1050	7.62712
1060	7.62712
1070	7.62712
1080	7.62712
1090	7.62712
74
360	5.33928
370	5.38024
380	5.41973
390	5.50321
400	5.54191
410	5.58183
420	5.65918
430	5.70346
440	5.76644
450	5.7832
460	5.82123
470	5.87683
480	5.93734
490	5.98691
500	6.01142
510	6.07369
520	6.11239
530	6.22001
540	6.30703
550	6.45677
560	6.54135
570	6.60725
580	6.68646
590	6.74813
600	6.78682
610	6.85492
620	6.88889
630	6.93521
640	6.96931
650	7.04451
660	7.07788
670	7.10082
680	7.1559
690	7.197
700	7.20145
710	7.20145
720	7.2212
730	7.25463
740	7.25463
750	7.25463
760	7.28782
770	7.28782
780	7.28782
790	7.28782
800	7.28782
810	7.28789
820	7.3314
830	7.34139
840	7.38168
850	7.40707
860	7.40707
870	7.40707
880	7.4098
890	7.44439
900	7.44439
910	7.47663
920	7.47663
930	7.49471
940	7.52042
950	7.55424
960	7.58501
970	7.6142
980	7.6142
990	7.6142
1000	7.6142
1010	7.6142
1020	7.6142
1030	7.6142
1040	7.6142
1050	7.6142
1060	7.6142
1070	7.6142
1080	7.6142
1090	7.6142
74
360	5.39785
370	5.45697
380	5.50488
390	5.56124
400	5.59927
410	5.68392
420	5.72402
430	5.77996
440	5.82928
450	5.84322
460	5.91712
470	5.95676
480	6.0048
490	6.03662
500	6.09184
510	6.13951
520	6.24385
530	6.35934
540	6.48898
550	6.54486
560	6.61194
570	6.70015
580	6.76564
590	6.79762
600	6.86941
610	6.90165
620	6.95312
630	6.9934
640	7.06227
650	7.10213
660	7.12343
670	7.17405
680	7.21937
690	7.21937
700	7.21937
710	7.24373
720	7.27255
730	7.27255
740	7.27261
750	7.30574
760	7.30574
770	7.30574
780	7.30574
790	7.30574
800	7.30624
810	7.35637
820	7.3595
830	7.40635
840	7.42499
850	7.42499
860	7.42499
870	7.42946
880	7.4623
890	7.4623
900	7.49454
910	7.49454
920	7.51705
930	7.54083
940	7.57288
950	7.60292
960	7.63212
970	7.63212
980	7.63212
990	7.63212
1000	7.63212
1010	7.63212
1020	7.63212
1030	7.63212
1040	7.63212
1050	7.63212
1060	7.63212
1070	7.63212
1080	7.63212
1090	7.63212
74
360	5.47045
370	5.55949
380	5.61972
390	5.68899
400	5.74663
410	5.81139
420	5.83588
430	5.87686
440	5.89541
450	5.98445
460	6.00676
470	6.04631
480	6.09782
490	6.13795
500	6.20492
510	6.33593
520	6.4434
530	6.52048
540	6.58641
550	6.71639
560	6.76979
570	6.80574
580	6.86609
590	6.91318
600	6.98765
610	7.00303
620	7.08398
630	7.10602
640	7.1423
650	7.1813
660	7.21994
670	7.25958
680	7.25958
690	7.25981
700	7.3025
710	7.31276
720	7.31276
730	7.31726
740	7.34595
750	7.34595
760	7.34595
770	7.34595
780	7.34595
790	7.35244
800	7.39951
810	7.40483
820	7.4652
830	7.4652
840	7.4652
850	7.4652
860	7.48027
870	7.50251
880	7.50561
890	7.53475
900	7.53484
910	7.5727
920	7.59395
930	7.62015
940	7.64641
950	7.67233
960	7.67233
970	7.67233
980	7.67233
990	7.67233
1000	7.67233
1010	7.67233
1020	7.67233
1030	7.67233
1040	7.67233
1050	7.67233
1060	7.67233
1070	7.67233
1080	7.67233
1090	7.67233
74
360	5.5791
370	5.6597
380	5.71687
390	5.78854
400	5.82824
410	5.8686
420	5.92434
430	5.92868
440	5.98893
450	6.04304
460	6.09218
470	6.11786
480	6.17933
490	6.21832
500	6.327
510	6.43037
520	6.52186
530	6.61868
540	6.77696
550	6.80837
560	6.84772
570	6.90301
580	6.95555
590	7.00164
600	7.0393
610	7.09176
620	7.14996
630	7.18195
640	7.20649
650	7.26109
660	7.30493
670	7.30706
680	7.30706
690	7.32543
700	7.36023
710	7.36023
720	7.36023
730	7.39343
740	7.39343
750	7.39343
760	7.39343
770	7.39343
780	7.39355
790	7.43325
800	7.447
810	7.48387
820	7.51268
830	7.51268
840	7.51268
850	7.51545
860	7.54999
870	7.54999
880	7.58065
890	7.58223
900	7.5991
910	7.62585
920	7.65992
930	7.69057
940	7.7198
950	7.7198
960	7.7198
970	7.7198
980	7.7198
990	7.7198
1000	7.7198
1010	7.7198
1020	7.7198
1030	7.7198
1040	7.7198
1050	7.7198
1060	7.7198
1070	7.7198
1080	7.7198
1090	7.7198
74
360	5.63173
370	5.71232
380	5.75847
390	5.80874
400	5.84115
410	5.89372
420	5.90075
430	5.97416
440	6.01546
450	6.06118
460	6.09794
470	6.14989
480	6.20574
490	6.32731
500	6.41919
510	6.56892
520	6.64439
530	6.73915
540	6.80351
550	6.83527
560	6.89825
570	6.92358
580	6.97305
590	7.00928
600	7.0787
610	7.11994
620	7.15515
630	7.20701
640	7.23458
650	7.27644
660	7.27644
670	7.27644
680	7.30133
690	7.32961
700	7.32961
710	7.32976
720	7.36281
730	7.36281
740	7.36281
750	7.36281
760	7.36281
770	7.36348
780	7.41375
790	7.41669
800	7.46377
810	7.48205
820	7.48205
830	7.48205
840	7.48694
850	7.51937
860	7.51937
870	7.55161
880	7.55161
890	7.57465
900	7.59836
910	7.63016
920	7.65995
930	7.68918
940	7.68918
950	7.68918
960	7.68918
970	7.68918
980	7.68918
990	7.68918
1000	7.68918
1010	7.68918
1020	7.68918
1030	7.68918
1040	7.68918
1050	7.68918
1060	7.68918
1070	7.68918
1080	7.68918
1090	7.68918
74
360	5.69461
370	5.7841
380	5.80516
390	5.85966
400	5.90158
410	5.92015
420	5.95993
430	6.03601
440	6.07296
450	6.10027
460	6.17457
470	6.19966
480	6.29486
490	6.452
500	6.56543
510	6.64131
520	6.74052
530	6.80709
540	6.85376
550	6.92
560	6.94058
570	6.98343
580	7.03013
590	7.06636
600	7.13904
610	7.17953
620	7.2032
630	7.2504
640	7.29871
650	7.30274
660	7.30274
670	7.30931
680	7.35592
690	7.35592
700	7.35592
710	7.37332
720	7.38911
730	7.38911
740	7.38911
750	7.38911
760	7.38911
770	7.41017
780	7.44267
790	7.4616
800	7.50836
810	7.50836
820	7.50836
830	7.50836
840	7.54317
850	7.54567
860	7.56022
870	7.57791
880	7.5836
890	7.61628
900	7.65516
910	7.67905
920	7.70125
930	7.71549
940	7.71549
950	7.71549
960	7.71549
970	7.71549
980	7.71549
990	7.71549
1000	7.71549
1010	7.71549
1020	7.71549
1030	7.71549
1040	7.71549
1050	7.71549
1060	7.71549
1070	7.71549
1080	7.71549
1090	7.71549
74
360	5.76072
370	5.8035
380	5.85672
390	5.88857
400	5.93803
410	5.94692
420	6.02251
430	6.06148
440	6.1055
450	6.14638
460	6.19544
470	6.25561
480	6.39161
490	6.50886
500	6.61146
510	6.70451
520	6.80029
530	6.83518
540	6.88767
550	6.94091
560	6.96556
570	7.02419
580	7.05788
590	7.1381
600	7.16818
610	7.20079
620	7.26019
630	7.28419
640	7.32075
650	7.32075
660	7.32075
670	7.34862
680	7.37393
690	7.37393
700	7.37448
710	7.40712
720	7.40712
730	7.40712
740	7.40712
750	7.40712
760	7.40851
770	7.46068
780	7.46155
790	7.51169
800	7.52637
810	7.52637
820	7.52637
830	7.53285
840	7.56368
850	7.56382
860	7.59592
870	7.59592
880	7.62186
890	7.6447
900	7.67539
910	7.70444
920	7.7335
930	7.7335
940	7.7335
950	7.7335
960	7.7335
970	7.7335
980	7.7335
990	7.7335
1000	7.7335
1010	7.7335
1020	7.7335
1030	7.7335
1040	7.7335
1050	7.7335
1060	7.7335
1070	7.7335
1080	7.7335
1090	7.7335
74
360	5.8257
370	5.88334
380	5.92445
390	5.94415
400	5.9794
410	6.06013
420	6.09256
430	6.12218
440	6.19836
450	6.22129
460	6.316
470	6.44375
480	6.60794
490	6.70623
500	6.75982
510	6.81249
520	6.88072
530	6.94103
540	6.9687
550	6.99219
560	7.05278
570	7.09242
580	7.16234
590	7.20345
600	7.22633
610	7.27366
620	7.32358
630	7.32687
640	7.32687
650	7.33136
660	7.38004
670	7.38004
680	7.38004
690	7.39415
700	7.41324
710	7.41324
720	7.41324
730	7.41324
740	7.41324
750	7.43071
760	7.4668
770	7.48231
780	7.53249
790	7.53249
800	7.53249
810	7.53249
820	7.56288
830	7.5698
840	7.58131
850	7.60204
860	7.6058
870	7.64
880	7.67891
890	7.69937
900	7.72228
910	7.73961
920	7.73961
930	7.73961
940	7.73961
950	7.73961
960	7.73961
970	7.73961
980	7.73961
990	7.73961
1000	7.73961
1010	7.73961
1020	7.73961
1030	7.73961
1040	7.73961
1050	7.73961
1060	7.73961
1070	7.73961
1080	7.73961
1090	7.73961
74
360	5.87814
370	5.90625
380	5.94901
390	5.96339
400	6.04526
410	6.0776
420	6.11772
430	6.16844
440	6.21073
450	6.28028
460	6.42136
470	6.58803
480	6.70679
490	6.75026
500	6.80892
510	6.86108
520	6.93536
530	6.96535
540	6.9809
550	7.04973
560	7.07481
570	7.16102
580	7.18533
590	7.21551
600	7.27734
610	7.30229
620	7.33173
630	7.33173
640	7.33173
650	7.36796
660	7.38491
670	7.38491
680	7.38755
690	7.4181
700	7.4181
710	7.4181
720	7.4181
730	7.4181
740	7.42229
750	7.47167
760	7.47493
770	7.53289
780	7.53735
790	7.53735
800	7.53735
810	7.54871
820	7.57467
830	7.57627
840	7.60691
850	7.60691
860	7.64099
870	7.66158
880	7.68964
890	7.71696
900	7.74448
910	7.74448
920	7.74448
930	7.74448
940	7.74448
950	7.74448
960	7.74448
970	7.74448
980	7.74448
990	7.74448
1000	7.74448
1010	7.74448
1020	7.74448
1030	7.74448
1040	7.74448
1050	7.74448
1060	7.74448
1070	7.74448
1080	7.74448
1090	7.74448
74
360	5.93655
370	5.97573
380	6.02535
390	6.09077
400	6.13848
410	6.2017
420	6.22965
430	6.32017
440	6.44917
450	6.61583
460	6.73136
470	6.75153
480	6.81149
490	6.83713
500	6.90195
510	6.9677
520	6.99904
530	7.04066
540	7.08594
550	7.14996
560	7.19658
570	7.2333
580	7.28132
590	7.31185
600	7.35788
610	7.35788
620	7.35788
630	7.36749
640	7.41106
650	7.41106
660	7.41106
670	7.43417
680	7.44425
690	7.44425
700	7.44425
710	7.44425
720	7.44425
730	7.47181
740	7.49781
750	7.52279
760	7.5635
770	7.5635
780	7.5635
790	7.5636
800	7.60081
810	7.60081
820	7.62042
830	7.63305
840	7.64152
850	7.67212
860	7.71027
870	7.74126
880	7.76152
890	7.77063
900	7.77063
910	7.77063
920	7.77063
930	7.77063
940	7.77063
950	7.77063
960	7.77063
970	7.77063
980	7.77063
990	7.77063
1000	7.77063
1010	7.77063
1020	7.77063
1030	7.77063
1040	7.77063
1050	7.77063
1060	7.77063
1070	7.77063
1080	7.77063
1090	7.77063
74
360	5.98757
370	6.02404
380	6.13203
390	6.16242
400	6.22015
410	6.25876
420	6.3689
430	6.53254
440	6.66714
450	6.74386
460	6.75589
470	6.83313
480	6.85151
490	6.91587
500	6.98135
510	7.01107
520	7.074
530	7.10635
540	7.18716
550	7.21814
560	7.24896
570	7.30869
580	7.33827
590	7.37038
600	7.37038
610	7.37038
620	7.38241
630	7.42356
640	7.42356
650	7.42356
660	7.44939
670	7.45675
680	7.45675
690	7.45675
700	7.45675
710	7.45675
720	7.48702
730	7.51032
740	7.53801
750	7.576
760	7.576
770	7.576
780	7.5767
790	7.61332
800	7.61332
810	7.63563
820	7.64556
830	7.65637
840	7.68588
850	7.72277
860	7.75383
870	7.77672
880	7.78313
890	7.78313
900	7.78313
910	7.78313
920	7.78313
930	7.78313
940	7.78313
950	7.78313
960	7.78313
970	7.78313
980	7.78313
990	7.78313
1000	7.78313
1010	7.78313
1020	7.78313
1030	7.78313
1040	7.78313
1050	7.78313
1060	7.78313
1070	7.78313
1080	7.78313
1090	7.78313
74
360	6.05732
370	6.16571
380	6.197
390	6.2533
400	6.30027
410	6.42049
420	6.5864
430	6.66001
440	6.74722
450	6.78476
460	6.83822
470	6.88492
480	6.92593
490	6.98999
500	7.04428
510	7.09684
520	7.13871
530	7.21653
540	7.25287
550	7.28413
560	7.3377
570	7.3761
580	7.40938
590	7.40938
600	7.40938
610	7.40938
620	7.43341
630	7.46256
640	7.46256
650	7.46279
660	7.49575
670	7.49575
680	7.49575
690	7.49575
700	7.49575
710	7.50807
720	7.54932
730	7.55999
740	7.615
750	7.615
760	7.615
770	7.615
780	7.63844
790	7.65232
800	7.65973
810	7.68456
820	7.68617
830	7.72244
840	7.75344
850	7.77628
860	7.80056
870	7.82213
880	7.82213
890	7.82213
900	7.82213
910	7.82213
920	7.82213
930	7.82213
940	7.82213
950	7.82213
960	7.82213
970	7.82213
980	7.82213
990	7.82213
1000	7.82213
1010	7.82213
1020	7.82213
1030	7.82213
1040	7.82213
1050	7.82213
1060	7.82213
1070	7.82213
1080	7.82213
1090	7.82213
