111
25
850	0.00177539
860	0.00177539
870	0.00177539
880	0.00177539
890	0.00177539
900	0.00177539
910	0.00177539
920	0.00177539
930	0.00177539
940	0.00177539
950	0.00177539
960	0.00177539
970	0.00177539
980	0.00177539
990	0.00177539
1000	0.00177539
1010	0.00177539
1020	0.00177539
1030	0.00177539
1040	0.00177539
1050	0.00177539
1060	0.00177539
1070	0.00177539
1080	0.00177539
1090	0.00177539
26
840	0.013139
850	0.013139
860	0.013139
870	0.013139
880	0.013139
890	0.013139
900	0.013139
910	0.013139
920	0.013139
930	0.013139
940	0.013139
950	0.013139
960	0.013139
970	0.013139
980	0.013139
990	0.013139
1000	0.013139
1010	0.013139
1020	0.013139
1030	0.013139
1040	0.013139
1050	0.013139
1060	0.013139
1070	0.013139
1080	0.013139
1090	0.013139
27
830	0.0206225
840	0.0358663
850	0.0358663
860	0.0358663
870	0.0358663
880	0.0358663
890	0.0358663
900	0.0358663
910	0.0358663
920	0.0358663
930	0.0358663
940	0.0358663
950	0.0358663
960	0.0358663
970	0.0358663
980	0.0358663
990	0.0358663
1000	0.0358663
1010	0.0358663
1020	0.0358663
1030	0.0358663
1040	0.0358663
1050	0.0358663
1060	0.0358663
1070	0.0358663
1080	0.0358663
1090	0.0358663
28
820	0.0169625
830	0.0395623
840	0.0548057
850	0.0548057
860	0.0548057
870	0.0548057
880	0.0548057
890	0.0548057
900	0.0548057
910	0.0548057
920	0.0548057
930	0.0548057
940	0.0548057
950	0.0548057
960	0.0548057
970	0.0548057
980	0.0548057
990	0.0548057
1000	0.0548057
1010	0.0548057
1020	0.0548057
1030	0.0548057
1040	0.0548057
1050	0.0548057
1060	0.0548057
1070	0.0548057
1080	0.0548057
1090	0.0548057
29
810	0.0195897
820	0.0403547
830	0.0622933
840	0.077533
850	0.077533
860	0.077533
870	0.077533
880	0.077533
890	0.077533
900	0.077533
910	0.077533
920	0.077533
930	0.077533
940	0.077533
950	0.077533
960	0.077533
970	0.077533
980	0.077533
990	0.077533
1000	0.077533
1010	0.077533
1020	0.077533
1030	0.077533
1040	0.077533
1050	0.077533
1060	0.077533
1070	0.077533
1080	0.077533
1090	0.077533
30
800	0.0182294
810	0.0396116
820	0.0606102
830	0.0814641
840	0.0964724
850	0.0964724
860	0.0964724
870	0.0964724
880	0.0964724
890	0.0964724
900	0.0964724
910	0.0964724
920	0.0964724
930	0.0964724
940	0.0964724
950	0.0964724
960	0.0964724
970	0.0964724
980	0.0964724
990	0.0964724
1000	0.0964724
1010	0.0964724
1020	0.0964724
1030	0.0964724
1040	0.0964724
1050	0.0964724
1060	0.0964724
1070	0.0964724
1080	0.0964724
1090	0.0964724
31
790	0.0227445
800	0.0412936
810	0.0634433
820	0.0862589
830	0.11717
840	0.1192
850	0.1192
860	0.1192
870	0.1192
880	0.1192
890	0.1192
900	0.1192
910	0.1192
920	0.1192
930	0.1192
940	0.1192
950	0.1192
960	0.1192
970	0.1192
980	0.1192
990	0.1192
1000	0.1192
1010	0.1192
1020	0.1192
1030	0.1192
1040	0.1192
1050	0.1192
1060	0.1192
1070	0.1192
1080	0.1192
1090	0.1192
32
780	0.00331562
790	0.0325294
800	0.045194
810	0.0672773
820	0.0914015
830	0.122988
840	0.122988
850	0.122988
860	0.122988
870	0.122988
880	0.122988
890	0.122988
900	0.122988
910	0.122988
920	0.122988
930	0.122988
940	0.122988
950	0.122988
960	0.122988
970	0.122988
980	0.122988
990	0.122988
1000	0.122988
1010	0.122988
1020	0.122988
1030	0.122988
1040	0.122988
1050	0.122988
1060	0.122988
1070	0.122988
1080	0.122988
1090	0.122988
38
720	0.0107865
730	-0.0115939
740	-0.0130092
750	-0.0096487
760	-0.00855942
770	-0.000822343
780	0.0277957
790	0.0487705
800	0.0598489
810	0.10105
820	0.129796
830	0.134351
840	0.134351
850	0.134351
860	0.134351
870	0.134351
880	0.134351
890	0.134351
900	0.134351
910	0.134351
920	0.134351
930	0.134351
940	0.134351
950	0.134351
960	0.134351
970	0.134351
980	0.134351
990	0.134351
1000	0.134351
1010	0.134351
1020	0.134351
1030	0.134351
1040	0.134351
1050	0.134351
1060	0.134351
1070	0.134351
1080	0.134351
1090	0.134351
39
710	0.0126981
720	0.0260257
730	0.00361744
740	0.00215732
750	0.00554822
760	0.0065921
770	0.0279087
780	0.0430775
790	0.0655787
800	0.106889
810	0.139587
820	0.149503
830	0.149503
840	0.149503
850	0.149503
860	0.149503
870	0.149503
880	0.149503
890	0.149503
900	0.149503
910	0.149503
920	0.149503
930	0.149503
940	0.149503
950	0.149503
960	0.149503
970	0.149503
980	0.149503
990	0.149503
1000	0.149503
1010	0.149503
1020	0.149503
1030	0.149503
1040	0.149503
1050	0.149503
1060	0.149503
1070	0.149503
1080	0.149503
1090	0.149503
40
700	0.00167769
710	0.0164923
720	0.0302921
730	0.00752984
740	0.00657403
750	0.00996955
760	0.01038
770	0.0317449
780	0.0471008
790	0.088672
800	0.117726
810	0.153291
820	0.153291
830	0.153291
840	0.153291
850	0.153291
860	0.153291
870	0.153291
880	0.153291
890	0.153291
900	0.153291
910	0.153291
920	0.153291
930	0.153291
940	0.153291
950	0.153291
960	0.153291
970	0.153291
980	0.153291
990	0.153291
1000	0.153291
1010	0.153291
1020	0.153291
1030	0.153291
1040	0.153291
1050	0.153291
1060	0.153291
1070	0.153291
1080	0.153291
1090	0.153291
41
690	0.00485621
700	0.00929501
710	0.0241617
720	0.0379256
730	0.0152186
740	0.0142644
750	0.0177022
760	0.0185806
770	0.0397643
780	0.0792064
790	0.100996
800	0.138434
810	0.160866
820	0.160866
830	0.160866
840	0.160866
850	0.160866
860	0.160866
870	0.160866
880	0.160866
890	0.160866
900	0.160866
910	0.160866
920	0.160866
930	0.160866
940	0.160866
950	0.160866
960	0.160866
970	0.160866
980	0.160866
990	0.160866
1000	0.160866
1010	0.160866
1020	0.160866
1030	0.160866
1040	0.160866
1050	0.160866
1060	0.160866
1070	0.160866
1080	0.160866
1090	0.160866
42
680	0.0211351
690	0.0277762
700	0.0321448
710	0.0472756
720	0.0614913
730	0.038354
740	0.0380454
750	0.042404
760	0.0597929
770	0.0884647
780	0.121035
790	0.14624
800	0.183594
810	0.183594
820	0.183594
830	0.183594
840	0.183594
850	0.183594
860	0.183594
870	0.183594
880	0.183594
890	0.183594
900	0.183594
910	0.183594
920	0.183594
930	0.183594
940	0.183594
950	0.183594
960	0.183594
970	0.183594
980	0.183594
990	0.183594
1000	0.183594
1010	0.183594
1020	0.183594
1030	0.183594
1040	0.183594
1050	0.183594
1060	0.183594
1070	0.183594
1080	0.183594
1090	0.183594
43
670	0.00790243
680	0.0327122
690	0.0391399
700	0.0435571
710	0.0589104
720	0.0736205
730	0.049943
740	0.0504321
750	0.0558922
760	0.0826621
770	0.108551
780	0.135587
790	0.177926
800	0.194957
810	0.194957
820	0.194957
830	0.194957
840	0.194957
850	0.194957
860	0.194957
870	0.194957
880	0.194957
890	0.194957
900	0.194957
910	0.194957
920	0.194957
930	0.194957
940	0.194957
950	0.194957
960	0.194957
970	0.194957
980	0.194957
990	0.194957
1000	0.194957
1010	0.194957
1020	0.194957
1030	0.194957
1040	0.194957
1050	0.194957
1060	0.194957
1070	0.194957
1080	0.194957
1090	0.194957
45
650	0.0189232
660	0.0147882
670	0.027347
680	0.0518799
690	0.0580793
700	0.0626796
710	0.078639
720	0.0953298
730	0.069216
740	0.0724444
750	0.094797
760	0.118402
770	0.143213
780	0.196451
790	0.213897
800	0.213897
810	0.213897
820	0.213897
830	0.213897
840	0.213897
850	0.213897
860	0.213897
870	0.213897
880	0.213897
890	0.213897
900	0.213897
910	0.213897
920	0.213897
930	0.213897
940	0.213897
950	0.213897
960	0.213897
970	0.213897
980	0.213897
990	0.213897
1000	0.213897
1010	0.213897
1020	0.213897
1030	0.213897
1040	0.213897
1050	0.213897
1060	0.213897
1070	0.213897
1080	0.213897
1090	0.213897
46
640	0.0111624
650	0.0302964
660	0.026169
670	0.0387185
680	0.0632475
690	0.0694429
700	0.0740622
710	0.090005
720	0.106704
730	0.0806119
740	0.0838134
750	0.110847
760	0.142902
770	0.174975
780	0.220302
790	0.22526
800	0.22526
810	0.22526
820	0.22526
830	0.22526
840	0.22526
850	0.22526
860	0.22526
870	0.22526
880	0.22526
890	0.22526
900	0.22526
910	0.22526
920	0.22526
930	0.22526
940	0.22526
950	0.22526
960	0.22526
970	0.22526
980	0.22526
990	0.22526
1000	0.22526
1010	0.22526
1020	0.22526
1030	0.22526
1040	0.22526
1050	0.22526
1060	0.22526
1070	0.22526
1080	0.22526
1090	0.22526
47
630	0.0224406
640	0.0338897
650	0.0533213
660	0.049368
670	0.0619658
680	0.0866316
690	0.0921771
700	0.0979918
710	0.115896
720	0.133436
730	0.103861
740	0.135091
750	0.157176
760	0.216354
770	0.237741
780	0.247988
790	0.247988
800	0.247988
810	0.247988
820	0.247988
830	0.247988
840	0.247988
850	0.247988
860	0.247988
870	0.247988
880	0.247988
890	0.247988
900	0.247988
910	0.247988
920	0.247988
930	0.247988
940	0.247988
950	0.247988
960	0.247988
970	0.247988
980	0.247988
990	0.247988
1000	0.247988
1010	0.247988
1020	0.247988
1030	0.247988
1040	0.247988
1050	0.247988
1060	0.247988
1070	0.247988
1080	0.247988
1090	0.247988
48
620	0.0164578
630	0.04138
640	0.0528674
650	0.0727436
660	0.0697411
670	0.0824327
680	0.107064
690	0.111463
700	0.122534
710	0.145048
720	0.154352
730	0.135895
740	0.201892
750	0.225684
760	0.244388
770	0.266927
780	0.266927
790	0.266927
800	0.266927
810	0.266927
820	0.266927
830	0.266927
840	0.266927
850	0.266927
860	0.266927
870	0.266927
880	0.266927
890	0.266927
900	0.266927
910	0.266927
920	0.266927
930	0.266927
940	0.266927
950	0.266927
960	0.266927
970	0.266927
980	0.266927
990	0.266927
1000	0.266927
1010	0.266927
1020	0.266927
1030	0.266927
1040	0.266927
1050	0.266927
1060	0.266927
1070	0.266927
1080	0.266927
1090	0.266927
49
610	0.00318588
620	0.020261
630	0.0451679
640	0.0566846
650	0.0765465
660	0.0735345
670	0.0864263
680	0.110857
690	0.115538
700	0.127114
710	0.148839
720	0.158471
730	0.168528
740	0.207445
750	0.232091
760	0.26014
770	0.270715
780	0.270715
790	0.270715
800	0.270715
810	0.270715
820	0.270715
830	0.270715
840	0.270715
850	0.270715
860	0.270715
870	0.270715
880	0.270715
890	0.270715
900	0.270715
910	0.270715
920	0.270715
930	0.270715
940	0.270715
950	0.270715
960	0.270715
970	0.270715
980	0.270715
990	0.270715
1000	0.270715
1010	0.270715
1020	0.270715
1030	0.270715
1040	0.270715
1050	0.270715
1060	0.270715
1070	0.270715
1080	0.270715
1090	0.270715
50
600	0.00869863
610	0.0145505
620	0.0317563
630	0.0565315
640	0.0681149
650	0.0880016
660	0.0859378
670	0.0994047
680	0.122583
690	0.13663
700	0.138627
710	0.160854
720	0.169851
730	0.193823
740	0.232689
750	0.253333
760	0.282078
770	0.282078
780	0.282078
790	0.282078
800	0.282078
810	0.282078
820	0.282078
830	0.282078
840	0.282078
850	0.282078
860	0.282078
870	0.282078
880	0.282078
890	0.282078
900	0.282078
910	0.282078
920	0.282078
930	0.282078
940	0.282078
950	0.282078
960	0.282078
970	0.282078
980	0.282078
990	0.282078
1000	0.282078
1010	0.282078
1020	0.282078
1030	0.282078
1040	0.282078
1050	0.282078
1060	0.282078
1070	0.282078
1080	0.282078
1090	0.282078
51
590	0.00829387
600	0.0200623
610	0.0259141
620	0.0431786
630	0.0678951
640	0.0795194
650	0.0994246
660	0.0977366
670	0.111329
680	0.13413
690	0.15739
700	0.15023
710	0.172508
720	0.181281
730	0.219059
740	0.24857
750	0.269432
760	0.293442
770	0.293442
780	0.293442
790	0.293442
800	0.293442
810	0.293442
820	0.293442
830	0.293442
840	0.293442
850	0.293442
860	0.293442
870	0.293442
880	0.293442
890	0.293442
900	0.293442
910	0.293442
920	0.293442
930	0.293442
940	0.293442
950	0.293442
960	0.293442
970	0.293442
980	0.293442
990	0.293442
1000	0.293442
1010	0.293442
1020	0.293442
1030	0.293442
1040	0.293442
1050	0.293442
1060	0.293442
1070	0.293442
1080	0.293442
1090	0.293442
52
580	0.00856929
590	0.021024
600	0.0314261
610	0.0372784
620	0.0550467
630	0.0792588
640	0.0910534
650	0.111651
660	0.113871
670	0.129361
680	0.160064
690	0.173895
700	0.162391
710	0.184002
720	0.20558
730	0.2414
740	0.265856
750	0.280972
760	0.304806
770	0.304806
780	0.304806
790	0.304806
800	0.304806
810	0.304806
820	0.304806
830	0.304806
840	0.304806
850	0.304806
860	0.304806
870	0.304806
880	0.304806
890	0.304806
900	0.304806
910	0.304806
920	0.304806
930	0.304806
940	0.304806
950	0.304806
960	0.304806
970	0.304806
980	0.304806
990	0.304806
1000	0.304806
1010	0.304806
1020	0.304806
1030	0.304806
1040	0.304806
1050	0.304806
1060	0.304806
1070	0.304806
1080	0.304806
1090	0.304806
53
570	0.0181315
580	0.0280334
590	0.0399643
600	0.0503657
610	0.0562566
620	0.0743791
630	0.0981982
640	0.110112
650	0.131
660	0.144666
670	0.169967
680	0.188844
690	0.192858
700	0.186435
710	0.227636
720	0.252989
730	0.26667
740	0.291187
750	0.300968
760	0.323745
770	0.323745
780	0.323745
790	0.323745
800	0.323745
810	0.323745
820	0.323745
830	0.323745
840	0.323745
850	0.323745
860	0.323745
870	0.323745
880	0.323745
890	0.323745
900	0.323745
910	0.323745
920	0.323745
930	0.323745
940	0.323745
950	0.323745
960	0.323745
970	0.323745
980	0.323745
990	0.323745
1000	0.323745
1010	0.323745
1020	0.323745
1030	0.323745
1040	0.323745
1050	0.323745
1060	0.323745
1070	0.323745
1080	0.323745
1090	0.323745
54
560	0.0061489
570	0.0257837
580	0.0356176
590	0.0475518
600	0.0579415
610	0.0638342
620	0.082141
630	0.105774
640	0.117762
650	0.138587
660	0.153767
670	0.177634
680	0.19644
690	0.200508
700	0.210911
710	0.239712
720	0.260746
730	0.278616
740	0.299252
750	0.309475
760	0.331321
770	0.331321
780	0.331321
790	0.331321
800	0.331321
810	0.331321
820	0.331321
830	0.331321
840	0.331321
850	0.331321
860	0.331321
870	0.331321
880	0.331321
890	0.331321
900	0.331321
910	0.331321
920	0.331321
930	0.331321
940	0.331321
950	0.331321
960	0.331321
970	0.331321
980	0.331321
990	0.331321
1000	0.331321
1010	0.331321
1020	0.331321
1030	0.331321
1040	0.331321
1050	0.331321
1060	0.331321
1070	0.331321
1080	0.331321
1090	0.331321
55
550	3.25403e-05
560	0.00993678
570	0.0295798
580	0.0394655
590	0.0513401
600	0.0617294
610	0.0676301
620	0.0859544
630	0.109562
640	0.121561
650	0.142416
660	0.15761
670	0.181448
680	0.200244
690	0.204356
700	0.214791
710	0.243598
720	0.269315
730	0.282449
740	0.303042
750	0.31372
760	0.335109
770	0.335109
780	0.335109
790	0.335109
800	0.335109
810	0.335109
820	0.335109
830	0.335109
840	0.335109
850	0.335109
860	0.335109
870	0.335109
880	0.335109
890	0.335109
900	0.335109
910	0.335109
920	0.335109
930	0.335109
940	0.335109
950	0.335109
960	0.335109
970	0.335109
980	0.335109
990	0.335109
1000	0.335109
1010	0.335109
1020	0.335109
1030	0.335109
1040	0.335109
1050	0.335109
1060	0.335109
1070	0.335109
1080	0.335109
1090	0.335109
60
500	0.0188155
510	0.00254269
520	-0.0206476
530	-0.00816235
540	0.0101549
550	0.0189719
560	0.0288871
570	0.0486226
580	0.0586792
590	0.0703781
600	0.0806763
610	0.0866384
620	0.105285
630	0.128502
640	0.140669
650	0.16178
660	0.178919
670	0.20143
680	0.219594
690	0.228375
700	0.257304
710	0.293547
720	0.312667
730	0.302529
740	0.322577
750	0.33621
760	0.354048
770	0.354048
780	0.354048
790	0.354048
800	0.354048
810	0.354048
820	0.354048
830	0.354048
840	0.354048
850	0.354048
860	0.354048
870	0.354048
880	0.354048
890	0.354048
900	0.354048
910	0.354048
920	0.354048
930	0.354048
940	0.354048
950	0.354048
960	0.354048
970	0.354048
980	0.354048
990	0.354048
1000	0.354048
1010	0.354048
1020	0.354048
1030	0.354048
1040	0.354048
1050	0.354048
1060	0.354048
1070	0.354048
1080	0.354048
1090	0.354048
61
490	0.0135038
500	0.0340641
510	0.0180167
520	-0.00549268
530	0.00704767
540	0.0257004
550	0.0341234
560	0.0440489
570	0.0640025
580	0.0742166
590	0.0856455
600	0.0958279
610	0.101859
620	0.120883
630	0.143656
640	0.155996
650	0.178016
660	0.196413
670	0.218401
680	0.235457
690	0.253332
700	0.282996
710	0.309863
720	0.33348
730	0.319222
740	0.337745
750	0.366038
760	0.3692
770	0.3692
780	0.3692
790	0.3692
800	0.3692
810	0.3692
820	0.3692
830	0.3692
840	0.3692
850	0.3692
860	0.3692
870	0.3692
880	0.3692
890	0.3692
900	0.3692
910	0.3692
920	0.3692
930	0.3692
940	0.3692
950	0.3692
960	0.3692
970	0.3692
980	0.3692
990	0.3692
1000	0.3692
1010	0.3692
1020	0.3692
1030	0.3692
1040	0.3692
1050	0.3692
1060	0.3692
1070	0.3692
1080	0.3692
1090	0.3692
62
480	0.0124789
490	0.0288132
500	0.0494741
510	0.0339203
520	0.00966
530	0.0223355
540	0.0413681
550	0.049275
560	0.0592455
570	0.0796705
580	0.0906581
590	0.101125
600	0.111002
610	0.117234
620	0.136954
630	0.158813
640	0.171792
650	0.19532
660	0.213839
670	0.235699
680	0.260783
690	0.278356
700	0.301573
710	0.326473
720	0.349024
730	0.345787
740	0.368968
750	0.384351
760	0.384351
770	0.384351
780	0.384351
790	0.384351
800	0.384351
810	0.384351
820	0.384351
830	0.384351
840	0.384351
850	0.384351
860	0.384351
870	0.384351
880	0.384351
890	0.384351
900	0.384351
910	0.384351
920	0.384351
930	0.384351
940	0.384351
950	0.384351
960	0.384351
970	0.384351
980	0.384351
990	0.384351
1000	0.384351
1010	0.384351
1020	0.384351
1030	0.384351
1040	0.384351
1050	0.384351
1060	0.384351
1070	0.384351
1080	0.384351
1090	0.384351
64
460	0.0130472
470	0.0106129
480	0.0276304
490	0.0440388
500	0.0649125
510	0.0495906
520	0.0248273
530	0.037742
540	0.0567954
550	0.0644265
560	0.0744518
570	0.0950594
580	0.105859
590	0.116639
600	0.12628
610	0.132596
620	0.1525
630	0.174036
640	0.188135
650	0.211753
660	0.23247
670	0.266271
680	0.293159
690	0.308027
700	0.329622
710	0.344819
720	0.36509
730	0.384744
740	0.399503
750	0.399503
760	0.399503
770	0.399503
780	0.399503
790	0.399503
800	0.399503
810	0.399503
820	0.399503
830	0.399503
840	0.399503
850	0.399503
860	0.399503
870	0.399503
880	0.399503
890	0.399503
900	0.399503
910	0.399503
920	0.399503
930	0.399503
940	0.399503
950	0.399503
960	0.399503
970	0.399503
980	0.399503
990	0.399503
1000	0.399503
1010	0.399503
1020	0.399503
1030	0.399503
1040	0.399503
1050	0.399503
1060	0.399503
1070	0.399503
1080	0.399503
1090	0.399503
65
450	0.00783716
460	0.0244122
470	0.0219765
480	0.0389976
490	0.0554059
500	0.0763539
510	0.0610483
520	0.0361909
530	0.0491979
540	0.0682305
550	0.0757901
560	0.0858881
570	0.106517
580	0.117327
590	0.128098
600	0.137893
610	0.144052
620	0.163997
630	0.185581
640	0.201751
650	0.224651
660	0.261596
670	0.285116
680	0.310006
690	0.326805
700	0.341412
710	0.356381
720	0.377232
730	0.410003
740	0.410866
750	0.410866
760	0.410866
770	0.410866
780	0.410866
790	0.410866
800	0.410866
810	0.410866
820	0.410866
830	0.410866
840	0.410866
850	0.410866
860	0.410866
870	0.410866
880	0.410866
890	0.410866
900	0.410866
910	0.410866
920	0.410866
930	0.410866
940	0.410866
950	0.410866
960	0.410866
970	0.410866
980	0.410866
990	0.410866
1000	0.410866
1010	0.410866
1020	0.410866
1030	0.410866
1040	0.410866
1050	0.410866
1060	0.410866
1070	0.410866
1080	0.410866
1090	0.410866
66
440	0.00900127
450	0.0192008
460	0.0357758
470	0.0333458
480	0.0503647
490	0.0667949
500	0.0880063
510	0.0729908
520	0.0475654
530	0.0607806
540	0.0801669
550	0.0871538
560	0.0973527
570	0.118263
580	0.129493
590	0.139932
600	0.150197
610	0.155929
620	0.176848
630	0.197574
640	0.220072
650	0.250951
660	0.277835
670	0.304883
680	0.32674
690	0.338596
700	0.356082
710	0.368762
720	0.878347
730	1.04501
740	1.21168
750	1.37835
760	1.54501
770	1.71168
780	1.87835
790	2.04501
800	2.21168
810	2.37835
820	2.54501
830	2.71168
840	2.87835
850	3.04501
860	3.21168
870	3.37835
880	3.54501
890	3.71168
900	3.87835
910	4.04501
920	4.21168
930	4.37835
940	4.58103
950	4.7477
960	4.91436
970	5.08103
980	5.2477
990	5.41436
1000	5.58103
1010	5.7477
1020	5.91436
1030	6.08103
1040	6.2477
1050	6.41436
1060	6.58103
1070	6.7477
1080	6.91436
1090	7.08103
67
430	0.00221079
440	0.0128131
450	0.0229887
460	0.0395637
470	0.0371336
480	0.0541526
490	0.0706215
500	0.091893
510	0.0772058
520	0.0513659
530	0.0647231
540	0.0839755
550	0.0909416
560	0.101212
570	0.122326
580	0.133676
590	0.144442
600	0.154323
610	0.159984
620	0.181409
630	0.201933
640	0.228715
650	0.256055
660	0.286471
670	0.308928
680	0.330592
690	0.342556
700	0.362471
710	0.373599
720	0.878347
730	1.04501
740	1.21168
750	1.37835
760	1.54501
770	1.71168
780	1.87835
790	2.04501
800	2.21168
810	2.37835
820	2.54501
830	2.71168
840	2.87835
850	3.04501
860	3.21168
870	3.37835
880	3.54501
890	3.71168
900	3.87835
910	4.04501
920	4.21168
930	4.37835
940	4.58103
950	4.7477
960	4.91436
970	5.08103
980	5.2477
990	5.41436
1000	5.58103
1010	5.7477
1020	5.91436
1030	6.08103
1040	6.2477
1050	6.41436
1060	6.58103
1070	6.7477
1080	6.91436
1090	7.08103
68
420	0.0118996
430	0.0173748
440	0.0279835
450	0.0381402
460	0.0547152
470	0.0522853
480	0.0693086
490	0.0858348
500	0.107117
510	0.0925596
520	0.0665595
530	0.0799548
540	0.0993721
550	0.106093
560	0.116498
570	0.137585
580	0.151336
590	0.15975
600	0.173325
610	0.17676
620	0.200013
630	0.235088
640	0.265363
650	0.290172
660	0.314084
670	0.330802
680	0.345899
690	0.359244
700	0.385019
710	0.71168
720	0.878347
730	1.04501
740	1.21168
750	1.37835
760	1.54501
770	1.71168
780	1.87835
790	2.04501
800	2.21168
810	2.37835
820	2.54501
830	2.71168
840	2.87835
850	3.04501
860	3.21168
870	3.37835
880	3.54501
890	3.71168
900	3.87835
910	4.04501
920	4.21168
930	4.37835
940	4.58103
950	4.7477
960	4.91436
970	5.08103
980	5.2477
990	5.41436
1000	5.58103
1010	5.7477
1020	5.91436
1030	6.08103
1040	6.2477
1050	6.41436
1060	6.58103
1070	6.7477
1080	6.91436
1090	7.08103
74
360	0
370	-0.029363
380	-0.0242008
390	-0.00942534
400	-0.0116218
410	-0.00165139
420	0.0156875
430	0.021163
440	0.0317724
450	0.0419281
460	0.0585031
470	0.0560732
480	0.0730966
490	0.0896275
500	0.110907
510	0.0963512
520	0.0703488
530	0.0837433
540	0.103174
550	0.109881
560	0.120294
570	0.141395
580	0.155133
590	0.163541
600	0.177189
610	0.181484
620	0.21954
630	0.23888
640	0.273901
650	0.298701
660	0.322702
670	0.33459
680	0.349778
690	0.363384
700	0.389156
710	0.71168
720	0.878347
730	1.04501
740	1.21168
750	1.37835
760	1.54501
770	1.71168
780	1.87835
790	2.04501
800	2.21168
810	2.37835
820	2.54501
830	2.71168
840	2.87835
850	3.04501
860	3.21168
870	3.37835
880	3.54501
890	3.71168
900	3.87835
910	4.04501
920	4.21168
930	4.37835
940	4.58103
950	4.7477
960	4.91436
970	5.08103
980	5.2477
990	5.41436
1000	5.58103
1010	5.7477
1020	5.91436
1030	6.08103
1040	6.2477
1050	6.41436
1060	6.58103
1070	6.7477
1080	6.91436
1090	7.08103
74
360	0.0530336
370	0.0236673
380	0.0288295
390	0.0436283
400	0.0417958
410	0.0524958
420	0.0687606
430	0.0742374
440	0.0851884
450	0.0949584
460	0.111537
470	0.109147
480	0.126167
490	0.143094
500	0.164769
510	0.15042
520	0.123693
530	0.137547
540	0.157547
550	0.162911
560	0.173951
570	0.195862
580	0.217551
590	0.2365
600	0.260919
610	0.288053
620	0.311023
630	0.330504
640	0.352503
650	0.366132
660	0.384771
670	0.397074
680	0.436339
690	0.571422
700	0.737199
710	0.903866
720	1.07053
730	1.2372
740	1.40387
750	1.57053
760	1.7372
770	1.90387
780	2.07053
790	2.2372
800	2.40387
810	2.57053
820	2.7372
830	2.90387
840	3.07053
850	3.2372
860	3.40387
870	3.57053
880	3.7372
890	3.90387
900	4.07053
910	4.2372
920	4.40387
930	4.57053
940	4.7372
950	4.90387
960	5.07053
970	5.2372
980	5.40387
990	5.57053
1000	5.7372
1010	5.90387
1020	6.07053
1030	6.2372
1040	6.40387
1050	6.57053
1060	6.7372
1070	6.90387
1080	7.07053
1090	7.2372
74
360	0.10607
370	0.076698
380	0.0818602
390	0.0967932
400	0.0959562
410	0.108545
420	0.121799
430	0.12767
440	0.139143
450	0.147989
460	0.164581
470	0.162217
480	0.179247
490	0.19663
500	0.219543
510	0.205184
520	0.177521
530	0.193188
540	0.215014
550	0.234426
560	0.252966
570	0.2832
580	0.301002
590	0.32289
600	0.359533
610	0.369401
620	0.392411
630	0.397897
640	0.409165
650	0.460092
660	0.606156
670	0.772823
680	0.939489
690	1.10616
700	1.27282
710	1.43949
720	1.60616
730	1.77282
740	1.93949
750	2.10616
760	2.27282
770	2.43949
780	2.60616
790	2.77282
800	2.93949
810	3.10616
820	3.27282
830	3.43949
840	3.60616
850	3.77282
860	3.93949
870	4.10616
880	4.27282
890	4.43949
900	4.60616
910	4.77282
920	4.93949
930	5.10616
940	5.27282
950	5.43949
960	5.60616
970	5.77282
980	5.93949
990	6.10616
1000	6.27282
1010	6.43949
1020	6.60616
1030	6.77282
1040	6.93949
1050	7.10616
1060	7.27282
1070	7.43949
1080	7.60616
1090	7.77282
74
360	0.159114
370	0.129728
380	0.13489
390	0.150469
400	0.154211
410	0.184505
420	0.174863
430	0.181529
440	0.193853
450	0.201019
460	0.217617
470	0.215703
480	0.232792
490	0.250977
500	0.274801
510	0.25828
520	0.245247
530	0.268301
540	0.297297
550	0.329861
560	0.349667
570	0.379679
580	0.405462
590	0.416556
600	0.41938
610	0.446538
620	0.488555
630	0.613517
640	0.780182
650	0.946849
660	1.11352
670	1.28018
680	1.44685
690	1.61352
700	1.78018
710	1.94685
720	2.11352
730	2.28018
740	2.44685
750	2.61352
760	2.78018
770	2.94685
780	3.11352
790	3.28018
800	3.44685
810	3.61352
820	3.78018
830	3.94685
840	4.11352
850	4.28018
860	4.44685
870	4.61352
880	4.78018
890	4.94685
900	5.11352
910	5.28018
920	5.44685
930	5.61352
940	5.78018
950	5.94685
960	6.11352
970	6.28018
980	6.44685
990	6.61352
1000	6.78018
1010	6.94685
1020	7.11352
1030	7.28018
1040	7.44685
1050	7.61352
1060	7.78018
1070	7.94685
1080	8.11352
1090	8.28018
74
360	0.212151
370	0.182759
380	0.19254
390	0.218972
400	0.225386
410	0.237549
420	0.227908
430	0.235349
440	0.247797
450	0.25405
460	0.270899
470	0.26979
480	0.286926
490	0.305926
500	0.33068
510	0.336881
520	0.34123
530	0.365485
540	0.38851
550	0.417072
560	0.424907
570	0.436632
580	0.502389
590	0.595753
600	0.696081
610	0.857438
620	1.0241
630	1.19077
640	1.35744
650	1.5241
660	1.69077
670	1.85744
680	2.0241
690	2.19077
700	2.35744
710	2.5241
720	2.69077
730	2.85744
740	3.0241
750	3.19077
760	3.35744
770	3.5241
780	3.69077
790	3.85744
800	4.0241
810	4.19077
820	4.35744
830	4.5241
840	4.69077
850	4.85744
860	5.0241
870	5.19077
880	5.35744
890	5.5241
900	5.69077
910	5.85744
920	6.0241
930	6.19077
940	6.35744
950	6.5241
960	6.69077
970	6.85744
980	7.0241
990	7.19077
1000	7.35744
1010	7.5241
1020	7.69077
1030	7.85744
1040	8.0241
1050	8.19077
1060	8.35744
1070	8.38932
1080	8.4056
1090	8.42595
74
360	0.265192
370	0.23579
380	0.261575
390	0.275662
400	0.278416
410	0.290598
420	0.281224
430	0.289517
440	0.300828
450	0.307087
460	0.324309
470	0.326837
480	0.342739
490	0.36366
500	0.395209
510	0.408919
520	0.395356
530	0.419514
540	0.474683
550	0.508581
560	0.549897
570	0.601161
580	0.675083
590	0.871868
600	1.03853
610	1.2052
620	1.37187
630	1.53853
640	1.7052
650	1.87187
660	2.03853
670	2.2052
680	2.37187
690	2.53853
700	2.7052
710	2.87187
720	3.03853
730	3.2052
740	3.37187
750	3.53853
760	3.7052
770	3.87187
780	4.03853
790	4.2052
800	4.37187
810	4.53853
820	4.7052
830	4.87187
840	5.03853
850	5.2052
860	5.37187
870	5.53853
880	5.7052
890	5.87187
900	6.03853
910	6.2052
920	6.37187
930	6.53853
940	6.7052
950	6.87187
960	7.03853
970	7.2052
980	7.37187
990	7.53853
1000	7.7052
1010	7.87187
1020	8.03853
1030	8.2052
1040	8.37187
1050	8.40826
1060	8.40826
1070	8.41329
1080	8.44268
1090	8.49186
74
360	0.318268
370	0.28882
380	0.314666
390	0.32954
400	0.331446
410	0.343669
420	0.334868
430	0.343513
440	0.353858
450	0.362382
460	0.380083
470	0.401897
480	0.430008
490	0.450323
500	0.47097
510	0.472395
520	0.522306
530	0.562105
540	0.581317
550	0.711294
560	0.873118
570	1.03978
580	1.20645
590	1.37312
600	1.53978
610	1.70645
620	1.87312
630	2.03978
640	2.20645
650	2.37312
660	2.53978
670	2.70645
680	2.87312
690	3.03978
700	3.20645
710	3.37312
720	3.53978
730	3.70645
740	3.87312
750	4.03978
760	4.20645
770	4.37312
780	4.53978
790	4.70645
800	4.87312
810	5.03978
820	5.20645
830	5.37312
840	5.53978
850	5.70645
860	5.87312
870	6.03978
880	6.20645
890	6.37312
900	6.53978
910	6.70645
920	6.87312
930	7.03978
940	7.20645
950	7.37312
960	7.53978
970	7.70645
980	7.87312
990	8.03978
1000	8.20645
1010	8.37312
1020	8.4272
1030	8.4272
1040	8.4272
1050	8.4272
1060	8.42944
1070	8.45816
1080	8.50197
1090	8.53334
74
360	0.371307
370	0.341854
380	0.3681
390	0.384558
400	0.384477
410	0.396925
420	0.389235
430	0.398203
440	0.414963
450	0.429989
460	0.448602
470	0.468143
480	0.501926
490	0.540254
500	0.57121
510	0.62135
520	0.74061
530	0.901386
540	1.06805
550	1.23472
560	1.40139
570	1.56805
580	1.73472
590	1.90139
600	2.06805
610	2.23472
620	2.40139
630	2.56805
640	2.73472
650	2.90139
660	3.06805
670	3.23472
680	3.40139
690	3.56805
700	3.73472
710	3.90139
720	4.06805
730	4.23472
740	4.40139
750	4.56805
760	4.73472
770	4.90139
780	5.06805
790	5.23472
800	5.40139
810	5.56805
820	5.73472
830	5.90139
840	6.06805
850	6.23472
860	6.40139
870	6.56805
880	6.73472
890	6.90139
900	7.06805
910	7.23472
920	7.40139
930	7.56805
940	7.73472
950	7.90139
960	8.06805
970	8.23472
980	8.40139
990	8.45372
1000	8.45372
1010	8.45372
1020	8.45372
1030	8.45372
1040	8.45372
1050	8.45758
1060	8.48846
1070	8.50894
1080	8.55789
1090	8.59042
74
360	0.424502
370	0.394897
380	0.421484
390	0.439003
400	0.437515
410	0.450346
420	0.444921
430	0.463093
440	0.482851
450	0.534671
460	0.561483
470	0.591735
480	0.65068
490	0.707752
500	0.817035
510	0.981297
520	1.14796
530	1.31463
540	1.4813
550	1.64796
560	1.81463
570	1.9813
580	2.14796
590	2.31463
600	2.4813
610	2.64796
620	2.81463
630	2.9813
640	3.14796
650	3.31463
660	3.4813
670	3.64796
680	3.81463
690	3.9813
700	4.14796
710	4.31463
720	4.4813
730	4.64796
740	4.81463
750	4.9813
760	5.14796
770	5.31463
780	5.4813
790	5.64796
800	5.81463
810	5.9813
820	6.14796
830	6.31463
840	6.4813
850	6.64796
860	6.81463
870	6.9813
880	7.14796
890	7.31463
900	7.4813
910	7.64796
920	7.81463
930	7.9813
940	8.14796
950	8.31463
960	8.47645
970	8.47645
980	8.47645
990	8.47645
1000	8.47645
1010	8.47645
1020	8.47645
1030	8.47645
1040	8.47645
1050	8.49852
1060	8.52606
1070	8.56753
1080	8.59587
1090	8.61329
74
360	0.478112
370	0.447953
380	0.475337
390	0.493796
400	0.491091
410	0.522991
420	0.553193
430	0.584686
440	0.59921
450	0.723156
460	0.88573
470	1.0524
480	1.21906
490	1.38573
500	1.5524
510	1.71906
520	1.88573
530	2.0524
540	2.21906
550	2.38573
560	2.5524
570	2.71906
580	2.88573
590	3.0524
600	3.21906
610	3.38573
620	3.5524
630	3.71906
640	3.88573
650	4.0524
660	4.21906
670	4.38573
680	4.5524
690	4.71906
700	4.88573
710	5.0524
720	5.21906
730	5.38573
740	5.5524
750	5.71906
760	5.88573
770	6.0524
780	6.21906
790	6.38573
800	6.5524
810	6.71906
820	6.88573
830	7.0524
840	7.21906
850	7.38573
860	7.5524
870	7.71906
880	7.88573
890	8.0524
900	8.21906
910	8.38573
920	8.49791
930	8.50678
940	8.50678
950	8.50678
960	8.50678
970	8.50678
980	8.50678
990	8.50678
1000	8.50678
1010	8.50678
1020	8.50678
1030	8.50895
1040	8.53005
1050	8.57314
1060	8.60231
1070	8.62139
1080	8.62711
1090	8.64385
74
360	0.531447
370	0.505285
380	0.530406
390	0.561823
400	0.593954
410	0.61697
420	0.686639
430	0.834757
440	1.00142
450	1.16809
460	1.33476
470	1.50142
480	1.66809
490	1.83476
500	2.00142
510	2.16809
520	2.33476
530	2.50142
540	2.66809
550	2.83476
560	3.00142
570	3.16809
580	3.33476
590	3.50142
600	3.66809
610	3.83476
620	4.00142
630	4.16809
640	4.33476
650	4.50142
660	4.71282
670	4.87948
680	5.04615
690	5.21282
700	5.37948
710	5.54615
720	5.71282
730	5.87948
740	6.04615
750	6.21282
760	6.37948
770	6.54615
780	6.71282
790	6.87948
800	7.04615
810	7.21282
820	7.37948
830	7.54615
840	7.71282
850	7.87948
860	8.04615
870	8.21282
880	8.37948
890	8.5078
900	8.52569
910	8.52569
920	8.52569
930	8.52569
940	8.52569
950	8.52569
960	8.52569
970	8.52569
980	8.52569
990	8.52569
1000	8.52569
1010	8.52569
1020	8.52569
1030	8.54238
1040	8.57794
1050	8.61519
1060	8.63629
1070	8.64289
1080	8.6461
1090	8.66298
74
360	0.584078
370	0.617806
380	0.639544
390	0.663257
400	0.775624
410	0.932826
420	1.09949
430	1.26616
440	1.43283
450	1.59949
460	1.76616
470	1.93283
480	2.09949
490	2.26616
500	2.43283
510	2.59949
520	2.76616
530	2.93283
540	3.09949
550	3.26616
560	3.43283
570	3.59949
580	3.76616
590	3.93283
600	4.09949
610	4.26616
620	4.43283
630	4.59949
640	4.76616
650	4.93283
660	5.09949
670	5.26616
680	5.43283
690	5.59949
700	5.76616
710	5.93283
720	6.09949
730	6.26616
740	6.43283
750	6.59949
760	6.76616
770	6.93283
780	7.09949
790	7.26616
800	7.43283
810	7.59949
820	7.76616
830	7.93283
840	8.09949
850	8.26616
860	8.43283
870	8.54049
880	8.54918
890	8.54918
900	8.54918
910	8.54918
920	8.54918
930	8.54918
940	8.54918
950	8.54918
960	8.54918
970	8.54918
980	8.54918
990	8.54918
1000	8.54918
1010	8.54918
1020	8.56014
1030	8.58926
1040	8.6266
1050	8.65212
1060	8.65982
1070	8.66674
1080	8.66966
1090	8.68686
74
360	0.639756
370	0.654857
380	0.6808
390	0.740392
400	0.868593
410	1.03448
420	1.20114
430	1.36781
440	1.53448
450	1.70114
460	1.86781
470	2.03448
480	2.20114
490	2.36781
500	2.53448
510	2.70114
520	2.86781
530	3.03448
540	3.20114
550	3.36781
560	3.53448
570	3.70114
580	3.86781
590	4.03448
600	4.20114
610	4.36781
620	4.53448
630	4.70114
640	4.86781
650	5.03448
660	5.20114
670	5.36781
680	5.53448
690	5.70114
700	5.86781
710	6.03448
720	6.20114
730	6.36781
740	6.53448
750	6.70114
760	6.86781
770	7.03448
780	7.20114
790	7.36781
800	7.53448
810	7.70114
820	7.86781
830	8.03448
840	8.20114
850	8.36781
860	8.53448
870	8.56066
880	8.56066
890	8.56066
900	8.56066
910	8.56066
920	8.56066
930	8.56066
940	8.56066
950	8.56066
960	8.56066
970	8.56066
980	8.56066
990	8.56066
1000	8.56066
1010	8.56066
1020	8.58276
1030	8.60819
1040	8.64273
1050	8.66615
1060	8.67136
1070	8.67879
1080	8.6812
1090	8.699
74
360	0.700153
370	0.80201
380	0.964996
390	1.13166
400	1.29833
410	1.465
420	1.63166
430	1.79833
440	1.965
450	2.13166
460	2.29833
470	2.465
480	2.63166
490	2.79833
500	2.965
510	3.13166
520	3.29833
530	3.465
540	3.63166
550	3.79833
560	3.965
570	4.13166
580	4.29833
590	4.465
600	4.63166
610	4.79833
620	4.965
630	5.13166
640	5.29833
650	5.465
660	5.63166
670	5.79833
680	5.965
690	6.13166
700	6.29833
710	6.465
720	6.63166
730	6.79833
740	6.965
750	7.13166
760	7.29833
770	7.465
780	7.63166
790	7.79833
800	7.965
810	8.13166
820	8.29833
830	8.465
840	8.58177
850	8.58177
860	8.58177
870	8.58177
880	8.58177
890	8.58177
900	8.58177
910	8.58177
920	8.58177
930	8.58177
940	8.58177
950	8.58177
960	8.58177
970	8.58177
980	8.58177
990	8.58177
1000	8.58177
1010	8.58857
1020	8.61824
1030	8.65546
1040	8.66699
1050	8.68746
1060	8.69274
1070	8.70115
1080	8.70254
1090	8.72168
74
360	0.774651
370	0.892659
380	1.05887
390	1.22554
400	1.39221
410	1.55887
420	1.72554
430	1.89221
440	2.05887
450	2.22554
460	2.39221
470	2.55887
480	2.72554
490	2.89221
500	3.05887
510	3.22554
520	3.39221
530	3.55887
540	3.72554
550	3.89221
560	4.05887
570	4.22554
580	4.39221
590	4.55887
600	4.72554
610	4.89221
620	5.05887
630	5.22554
640	5.39221
650	5.55887
660	5.72554
670	5.89221
680	6.05887
690	6.22554
700	6.39221
710	6.55887
720	6.72554
730	6.89221
740	7.05887
750	7.22554
760	7.39221
770	7.55887
780	7.72554
790	7.89221
800	8.05887
810	8.22554
820	8.39221
830	8.55887
840	8.64185
850	8.64185
860	8.64185
870	8.64185
880	8.64185
890	8.64185
900	8.64185
910	8.64185
920	8.64185
930	8.64185
940	8.64185
950	8.64185
960	8.64185
970	8.64185
980	8.64185
990	8.64185
1000	8.64185
1010	8.65728
1020	8.68428
1030	8.71555
1040	8.72717
1050	8.75049
1060	8.75284
1070	8.76122
1080	8.76263
1090	8.78222
74
360	0.930334
370	1.09552
380	1.26219
390	1.42885
400	1.59552
410	1.76219
420	1.92885
430	2.09552
440	2.26219
450	2.42885
460	2.59552
470	2.76219
480	2.92885
490	3.09552
500	3.26219
510	3.42885
520	3.59552
530	3.76219
540	3.92885
550	4.09552
560	4.26219
570	4.42885
580	4.59552
590	4.76219
600	4.92885
610	5.09552
620	5.26219
630	5.42885
640	5.59552
650	5.76219
660	5.92885
670	6.09552
680	6.26219
690	6.42885
700	6.59552
710	6.76219
720	6.92885
730	7.09552
740	7.26219
750	7.42885
760	7.59552
770	7.76219
780	7.92885
790	8.09552
800	8.26219
810	8.42885
820	8.59552
830	8.68285
840	8.68285
850	8.68285
860	8.68285
870	8.68285
880	8.68285
890	8.68285
900	8.68285
910	8.68285
920	8.68285
930	8.68285
940	8.68285
950	8.68285
960	8.68285
970	8.68285
980	8.68285
990	8.68285
1000	8.68293
1010	8.71632
1020	8.73062
1030	8.75654
1040	8.78691
1050	8.79624
1060	8.79384
1070	8.80222
1080	8.80363
1090	8.82415
74
360	1.06566
370	1.23233
380	1.399
390	1.56566
400	1.73233
410	1.899
420	2.06566
430	2.23233
440	2.399
450	2.56566
460	2.73233
470	2.899
480	3.06566
490	3.23233
500	3.399
510	3.56566
520	3.73233
530	3.899
540	4.06566
550	4.23233
560	4.399
570	4.56566
580	4.73233
590	4.899
600	5.06566
610	5.23233
620	5.399
630	5.56566
640	5.73233
650	5.899
660	6.06566
670	6.23233
680	6.399
690	6.56566
700	6.73233
710	6.899
720	7.06566
730	7.23233
740	7.399
750	7.56566
760	7.73233
770	7.899
780	8.06566
790	8.23233
800	8.399
810	8.56566
820	8.67444
830	8.67444
840	8.67444
850	8.67444
860	8.67444
870	8.67444
880	8.67444
890	8.67444
900	8.67444
910	8.67444
920	8.67444
930	8.67444
940	8.67444
950	8.67444
960	8.67444
970	8.67444
980	8.67444
990	8.67444
1000	8.67705
1010	8.71082
1020	8.72287
1030	8.74956
1040	8.78145
1050	8.78784
1060	8.78585
1070	8.79381
1080	8.79539
1090	8.8283
74
360	1.12173
370	1.2884
380	1.45507
390	1.62173
400	1.7884
410	1.95507
420	2.12173
430	2.2884
440	2.45507
450	2.62173
460	2.7884
470	2.95507
480	3.12173
490	3.2884
500	3.45507
510	3.62173
520	3.7884
530	3.95507
540	4.12173
550	4.2884
560	4.45507
570	4.62173
580	4.7884
590	4.95507
600	5.12173
610	5.2884
620	5.45507
630	5.62173
640	5.7884
650	5.95507
660	6.12173
670	6.2884
680	6.45507
690	6.62173
700	6.7884
710	6.95507
720	7.12173
730	7.2884
740	7.45507
750	7.62173
760	7.7884
770	7.95507
780	8.12173
790	8.2884
800	8.45507
810	8.62173
820	8.64236
830	8.64236
840	8.64236
850	8.64236
860	8.64236
870	8.64236
880	8.64236
890	8.64236
900	8.64236
910	8.64236
920	8.64236
930	8.64236
940	8.64236
950	8.64236
960	8.64236
970	8.64236
980	8.64236
990	8.64236
1000	8.65167
1010	8.67875
1020	8.70396
1030	8.71749
1040	8.74999
1050	8.75578
1060	8.75437
1070	8.76176
1080	8.76889
1090	8.79623
74
360	1.20408
370	1.37075
380	1.53741
390	1.70408
400	1.87075
410	2.03741
420	2.20408
430	2.37075
440	2.53741
450	2.70408
460	2.87075
470	3.03741
480	3.20408
490	3.37075
500	3.53741
510	3.70408
520	3.87075
530	4.03741
540	4.20408
550	4.37075
560	4.53741
570	4.70408
580	4.87075
590	5.03741
600	5.20408
610	5.37075
620	5.53741
630	5.70408
640	5.87075
650	6.03741
660	6.20408
670	6.37075
680	6.53741
690	6.70408
700	6.87075
710	7.03741
720	7.20408
730	7.37075
740	7.53741
750	7.70408
760	7.87075
770	8.03741
780	8.20408
790	8.37075
800	8.53741
810	8.67243
820	8.67243
830	8.67243
840	8.67243
850	8.67243
860	8.67243
870	8.67243
880	8.67243
890	8.67243
900	8.67243
910	8.67243
920	8.67243
930	8.67243
940	8.67243
950	8.67243
960	8.67243
970	8.67243
980	8.67243
990	8.67243
1000	8.69078
1010	8.70881
1020	8.73989
1030	8.74755
1040	8.78005
1050	8.78586
1060	8.78443
1070	8.79188
1080	8.80675
1090	8.82635
74
360	1.29104
370	1.4577
380	1.62437
390	1.79104
400	1.9577
410	2.12437
420	2.29104
430	2.4577
440	2.62437
450	2.79104
460	2.9577
470	3.12437
480	3.29104
490	3.4577
500	3.62437
510	3.79104
520	3.9577
530	4.12437
540	4.29104
550	4.4577
560	4.62437
570	4.79104
580	4.9577
590	5.12437
600	5.29104
610	5.4577
620	5.62437
630	5.79104
640	5.9577
650	6.12437
660	6.29104
670	6.4577
680	6.62437
690	6.79104
700	6.9577
710	7.12437
720	7.29104
730	7.4577
740	7.62437
750	7.79104
760	7.9577
770	8.12437
780	8.29104
790	8.4577
800	8.62437
810	8.68083
820	8.68083
830	8.68083
840	8.68083
850	8.68083
860	8.68083
870	8.68083
880	8.68083
890	8.68083
900	8.68083
910	8.68083
920	8.68083
930	8.68083
940	8.68083
950	8.68083
960	8.68083
970	8.68083
980	8.68083
990	8.68083
1000	8.71385
1010	8.71914
1020	8.74829
1030	8.75608
1040	8.78853
1050	8.79428
1060	8.79334
1070	8.80038
1080	8.82785
1090	8.83718
74
360	1.34334
370	1.51001
380	1.67667
390	1.84334
400	2.01001
410	2.17667
420	2.34334
430	2.51001
440	2.67667
450	2.84334
460	3.01001
470	3.17667
480	3.34334
490	3.51001
500	3.67667
510	3.84334
520	4.01001
530	4.17667
540	4.34334
550	4.51001
560	4.67667
570	4.84334
580	5.01001
590	5.17667
600	5.34334
610	5.51001
620	5.67667
630	5.84334
640	6.01001
650	6.17667
660	6.34334
670	6.51001
680	6.67667
690	6.84334
700	7.01001
710	7.17667
720	7.34334
730	7.51001
740	7.67667
750	7.84334
760	8.01001
770	8.17667
780	8.34334
790	8.51001
800	8.64996
810	8.64996
820	8.64996
830	8.64996
840	8.64996
850	8.64996
860	8.64996
870	8.64996
880	8.64996
890	8.64996
900	8.64996
910	8.64996
920	8.64996
930	8.64996
940	8.64996
950	8.64996
960	8.64996
970	8.64996
980	8.64996
990	8.65052
1000	8.68635
1010	8.69349
1020	8.71743
1030	8.72521
1040	8.75768
1050	8.76344
1060	8.76269
1070	8.76973
1080	8.80383
1090	8.812
74
360	1.39608
370	1.56275
380	1.72942
390	1.89608
400	2.06275
410	2.22942
420	2.39608
430	2.56275
440	2.72942
450	2.89608
460	3.06275
470	3.22942
480	3.39608
490	3.56275
500	3.72942
510	3.89608
520	4.06275
530	4.22942
540	4.39608
550	4.56275
560	4.72942
570	4.89608
580	5.06275
590	5.22942
600	5.39608
610	5.56275
620	5.72942
630	5.89608
640	6.06275
650	6.22942
660	6.39608
670	6.56275
680	6.72942
690	6.89608
700	7.06275
710	7.22942
720	7.39608
730	7.56275
740	7.72942
750	7.89608
760	8.06275
770	8.22942
780	8.39608
790	8.56275
800	8.65419
810	8.65419
820	8.65419
830	8.65419
840	8.65419
850	8.65419
860	8.65419
870	8.65419
880	8.65419
890	8.65419
900	8.65419
910	8.65419
920	8.65419
930	8.65419
940	8.65419
950	8.65419
960	8.65419
970	8.65419
980	8.65419
990	8.65832
1000	8.69057
1010	8.70568
1020	8.72165
1030	8.72944
1040	8.76192
1050	8.76767
1060	8.76703
1070	8.77584
1080	8.80805
1090	8.82458
74
360	1.47905
370	1.64572
380	1.81239
390	1.97905
400	2.14572
410	2.31239
420	2.47905
430	2.64572
440	2.81239
450	2.97905
460	3.14572
470	3.31239
480	3.47905
490	3.64572
500	3.81239
510	3.97905
520	4.14572
530	4.31239
540	4.47905
550	4.64572
560	4.81239
570	4.97905
580	5.14572
590	5.31239
600	5.47905
610	5.64572
620	5.81239
630	5.97905
640	6.14572
650	6.31239
660	6.47905
670	6.64572
680	6.81239
690	6.97905
700	7.14572
710	7.31239
720	7.47905
730	7.64572
740	7.81239
750	7.97905
760	8.14572
770	8.31239
780	8.47905
790	8.64572
800	8.6882
810	8.6882
820	8.6882
830	8.6882
840	8.6882
850	8.6882
860	8.6882
870	8.6882
880	8.6882
890	8.6882
900	8.6882
910	8.6882
920	8.6882
930	8.6882
940	8.6882
950	8.6882
960	8.6882
970	8.6882
980	8.6882
990	8.69518
1000	8.72459
1010	8.74182
1020	8.75567
1030	8.76354
1040	8.79644
1050	8.80173
1060	8.80188
1070	8.81074
1080	8.8422
1090	8.87151
74
360	1.6204
370	1.78707
380	1.94882
390	2.09397
400	2.26064
410	2.42731
420	2.59397
430	2.76064
440	2.92731
450	3.09397
460	3.26064
470	3.42731
480	3.59397
490	3.76064
500	3.92731
510	4.09397
520	4.26064
530	4.42731
540	4.59397
550	4.76064
560	4.92731
570	5.09397
580	5.26064
590	5.42731
600	5.59397
610	5.76064
620	5.92731
630	6.09397
640	6.26064
650	6.42731
660	6.59397
670	6.76064
680	6.92731
690	7.09397
700	7.26064
710	7.42731
720	7.59397
730	7.76064
740	7.92731
750	8.09397
760	8.26064
770	8.42731
780	8.59397
790	8.75037
800	8.75037
810	8.75037
820	8.75037
830	8.75037
840	8.75037
850	8.75037
860	8.75037
870	8.75037
880	8.75037
890	8.75037
900	8.75037
910	8.75037
920	8.75037
930	8.75037
940	8.75037
950	8.75037
960	8.75037
970	8.75037
980	8.75037
990	8.75742
1000	8.787
1010	8.80398
1020	8.81784
1030	8.82579
1040	8.85865
1050	8.8639
1060	8.86504
1070	8.87394
1080	8.90473
1090	8.94587
74
360	1.68576
370	1.77117
380	1.87425
390	2.03736
400	2.20403
410	2.37069
420	2.53736
430	2.70403
440	2.87069
450	3.03736
460	3.20403
470	3.37069
480	3.53736
490	3.70403
500	3.87069
510	4.03736
520	4.20403
530	4.37069
540	4.53736
550	4.70403
560	4.87069
570	5.03736
580	5.20403
590	5.37069
600	5.53736
610	5.70403
620	5.87069
630	6.03736
640	6.20403
650	6.37069
660	6.53736
670	6.70403
680	6.87069
690	7.03736
700	7.20403
710	7.37069
720	7.53736
730	7.70403
740	7.87069
750	8.03736
760	8.20403
770	8.37069
780	8.53736
790	8.64863
800	8.64863
810	8.64863
820	8.64863
830	8.64863
840	8.64863
850	8.64863
860	8.64863
870	8.64863
880	8.64863
890	8.64863
900	8.64863
910	8.64863
920	8.64863
930	8.64863
940	8.64863
950	8.64863
960	8.64863
970	8.64863
980	8.64863
990	8.65689
1000	8.68974
1010	8.70224
1020	8.7161
1030	8.72407
1040	8.75696
1050	8.76217
1060	8.76524
1070	8.77418
1080	8.80349
1090	8.84609
74
360	1.74391
370	1.86255
380	2.03742
390	2.20409
400	2.37076
410	2.53742
420	2.70409
430	2.87076
440	3.03742
450	3.20409
460	3.37076
470	3.53742
480	3.70409
490	3.87076
500	4.03742
510	4.20409
520	4.37076
530	4.53742
540	4.70409
550	4.87076
560	5.03742
570	5.20409
580	5.37076
590	5.53742
600	5.70409
610	5.87076
620	6.03742
630	6.20409
640	6.37076
650	6.53742
660	6.70409
670	6.87076
680	7.03742
690	7.20409
700	7.37076
710	7.53742
720	7.70409
730	7.87076
740	8.03742
750	8.20409
760	8.37076
770	8.53742
780	8.64425
790	8.64425
800	8.64425
810	8.64425
820	8.64425
830	8.64425
840	8.64425
850	8.64425
860	8.64425
870	8.64425
880	8.64425
890	8.64425
900	8.64425
910	8.64425
920	8.64425
930	8.64425
940	8.64425
950	8.64425
960	8.64425
970	8.64425
980	8.64425
990	8.6643
1000	8.69079
1010	8.69786
1020	8.71172
1030	8.72006
1040	8.7534
1050	8.75788
1060	8.77113
1070	8.79477
1080	8.82416
1090	8.84882
74
360	1.82564
370	1.98063
380	2.1473
390	2.31397
400	2.48063
410	2.6473
420	2.81397
430	2.98063
440	3.1473
450	3.31397
460	3.48063
470	3.6473
480	3.81397
490	3.98063
500	4.1473
510	4.31397
520	4.48063
530	4.6473
540	4.81397
550	4.98063
560	5.1473
570	5.31397
580	5.48063
590	5.6473
600	5.81397
610	5.98063
620	6.1473
630	6.31397
640	6.48063
650	6.6473
660	6.81397
670	6.98063
680	7.1473
690	7.31397
700	7.48063
710	7.6473
720	7.81397
730	7.98063
740	8.1473
750	8.31397
760	8.48063
770	8.6473
780	8.68076
790	8.68076
800	8.68076
810	8.68076
820	8.68076
830	8.68076
840	8.68076
850	8.68076
860	8.68076
870	8.68076
880	8.68076
890	8.68076
900	8.68076
910	8.68076
920	8.68076
930	8.68076
940	8.68076
950	8.68076
960	8.68076
970	8.68076
980	8.68251
990	8.70426
1000	8.72736
1010	8.73437
1020	8.74823
1030	8.75698
1040	8.78992
1050	8.79458
1060	8.80768
1070	8.83204
1080	8.86514
1090	8.89121
74
360	1.93883
370	2.10405
380	2.27072
390	2.43739
400	2.60405
410	2.77072
420	2.93739
430	3.10405
440	3.27072
450	3.43739
460	3.60405
470	3.77072
480	3.93739
490	4.10405
500	4.27072
510	4.43739
520	4.60405
530	4.77072
540	4.93739
550	5.10405
560	5.27072
570	5.43739
580	5.60405
590	5.77072
600	5.93739
610	6.10405
620	6.27072
630	6.43739
640	6.60405
650	6.77072
660	6.93739
670	7.10405
680	7.27072
690	7.43739
700	7.60405
710	7.77072
720	7.93739
730	8.10405
740	8.27072
750	8.43739
760	8.60405
770	8.75251
780	8.75251
790	8.75251
800	8.75251
810	8.75251
820	8.75251
830	8.75251
840	8.75251
850	8.75251
860	8.75251
870	8.75251
880	8.75251
890	8.75251
900	8.75251
910	8.75251
920	8.75251
930	8.75251
940	8.75251
950	8.75251
960	8.75251
970	8.75251
980	8.75943
990	8.77873
1000	8.79911
1010	8.80613
1020	8.81999
1030	8.82893
1040	8.86169
1050	8.86644
1060	8.88016
1070	8.90501
1080	8.94051
1090	8.96299
74
360	2.03865
370	2.20532
380	2.37199
390	2.53865
400	2.70532
410	2.87199
420	3.03865
430	3.20532
440	3.37199
450	3.53865
460	3.70532
470	3.87199
480	4.03865
490	4.20532
500	4.37199
510	4.53865
520	4.70532
530	4.87199
540	5.03865
550	5.20532
560	5.37199
570	5.53865
580	5.70532
590	5.87199
600	6.03865
610	6.20532
620	6.37199
630	6.53865
640	6.70532
650	6.87199
660	7.03865
670	7.20532
680	7.37199
690	7.53865
700	7.70532
710	7.87199
720	8.03865
730	8.20532
740	8.37199
750	8.53865
760	8.70532
770	8.74294
780	8.74294
790	8.74294
800	8.74294
810	8.74294
820	8.74294
830	8.74294
840	8.74294
850	8.74294
860	8.74294
870	8.74294
880	8.74294
890	8.74294
900	8.74294
910	8.74294
920	8.74294
930	8.74294
940	8.74294
950	8.74294
960	8.74294
970	8.74294
980	8.75773
990	8.77488
1000	8.78955
1010	8.79655
1020	8.81044
1030	8.81946
1040	8.85213
1050	8.85697
1060	8.87113
1070	8.89756
1080	8.93173
1090	8.95342
74
360	2.08933
370	2.25599
380	2.42266
390	2.58933
400	2.75599
410	2.92266
420	3.08933
430	3.25599
440	3.42266
450	3.58933
460	3.75599
470	3.92266
480	4.08933
490	4.25599
500	4.42266
510	4.58933
520	4.75599
530	4.92266
540	5.08933
550	5.25599
560	5.42266
570	5.58933
580	5.75599
590	5.92266
600	6.08933
610	6.25599
620	6.42266
630	6.58933
640	6.75599
650	6.92266
660	7.08933
670	7.25599
680	7.42266
690	7.58933
700	7.75599
710	7.92266
720	8.08933
730	8.25599
740	8.42266
750	8.58933
760	8.67769
770	8.68242
780	8.68242
790	8.68242
800	8.68242
810	8.68242
820	8.68242
830	8.68242
840	8.68242
850	8.68242
860	8.68242
870	8.68242
880	8.68242
890	8.68242
900	8.68242
910	8.68242
920	8.68242
930	8.68242
940	8.68242
950	8.68242
960	8.68242
970	8.68242
980	8.69723
990	8.71524
1000	8.73603
1010	8.73603
1020	8.75
1030	8.75964
1040	8.79164
1050	8.79691
1060	8.82453
1070	8.85162
1080	8.87917
1090	8.89762
74
360	2.17418
370	2.34085
380	2.50752
390	2.67418
400	2.84085
410	3.00752
420	3.17418
430	3.34085
440	3.50752
450	3.67418
460	3.84085
470	4.00752
480	4.17418
490	4.34085
500	4.50752
510	4.67418
520	4.84085
530	5.00752
540	5.17418
550	5.34085
560	5.50752
570	5.67418
580	5.84085
590	6.00752
600	6.17418
610	6.34085
620	6.50752
630	6.67418
640	6.84085
650	7.00752
660	7.17418
670	7.34085
680	7.50752
690	7.67418
700	7.84085
710	8.00752
720	8.17418
730	8.34085
740	8.50752
750	8.67418
760	8.73933
770	8.73933
780	8.73933
790	8.73933
800	8.73933
810	8.73933
820	8.73933
830	8.73933
840	8.73933
850	8.73933
860	8.73933
870	8.73933
880	8.73933
890	8.73933
900	8.73933
910	8.73933
920	8.73933
930	8.73933
940	8.73933
950	8.73933
960	8.73933
970	8.73933
980	8.75415
990	8.77242
1000	8.79295
1010	8.79295
1020	8.80697
1030	8.81704
1040	8.84856
1050	8.85421
1060	8.88485
1070	8.91326
1080	8.93609
1090	8.95455
74
360	2.27797
370	2.44464
380	2.61131
390	2.77797
400	2.94464
410	3.11131
420	3.27797
430	3.44464
440	3.61131
450	3.77797
460	3.94464
470	4.11131
480	4.27797
490	4.44464
500	4.61131
510	4.77797
520	4.94464
530	5.11131
540	5.27797
550	5.44464
560	5.61131
570	5.77797
580	5.94464
590	6.11131
600	6.27797
610	6.44464
620	6.61131
630	6.77797
640	6.94464
650	7.11131
660	7.27797
670	7.44464
680	7.61131
690	7.77797
700	7.94464
710	8.11131
720	8.27797
730	8.44464
740	8.61131
750	8.7307
760	8.76205
770	8.76205
780	8.76205
790	8.76205
800	8.76205
810	8.76205
820	8.76205
830	8.76205
840	8.76205
850	8.76205
860	8.76205
870	8.76205
880	8.76205
890	8.76205
900	8.76205
910	8.76205
920	8.76205
930	8.76205
940	8.76205
950	8.76205
960	8.76205
970	8.76205
980	8.7791
990	8.79695
1000	8.81567
1010	8.81567
1020	8.8298
1030	8.8411
1040	8.87172
1050	8.87779
1060	8.90803
1070	8.94015
1080	8.95882
1090	8.97894
74
360	2.33479
370	2.50146
380	2.66813
390	2.83479
400	3.00146
410	3.16813
420	3.33479
430	3.50146
440	3.66813
450	3.83479
460	4.00146
470	4.16813
480	4.33479
490	4.50146
500	4.66813
510	4.83479
520	5.00146
530	5.16813
540	5.33479
550	5.50146
560	5.66813
570	5.83479
580	6.00146
590	6.16813
600	6.33479
610	6.50146
620	6.66813
630	6.83479
640	7.00146
650	7.16813
660	7.33479
670	7.50146
680	7.66813
690	7.83479
700	8.00146
710	8.16813
720	8.33479
730	8.50146
740	8.62882
750	8.68222
760	8.68857
770	8.68857
780	8.68857
790	8.68857
800	8.68857
810	8.68857
820	8.68857
830	8.68857
840	8.68857
850	8.68857
860	8.68857
870	8.68857
880	8.68857
890	8.68857
900	8.68857
910	8.68857
920	8.68857
930	8.68857
940	8.68857
950	8.68857
960	8.68857
970	8.68886
980	8.70679
990	8.73695
1000	8.74218
1010	8.74218
1020	8.75724
1030	8.77773
1040	8.7991
1050	8.81853
1060	8.84651
1070	8.86904
1080	8.89739
1090	8.91789
74
360	2.39865
370	2.56531
380	2.73198
390	2.89865
400	3.06531
410	3.23198
420	3.39865
430	3.56531
440	3.73198
450	3.89865
460	4.06531
470	4.23198
480	4.39865
490	4.56531
500	4.73198
510	4.89865
520	5.06531
530	5.23198
540	5.39865
550	5.56531
560	5.73198
570	5.89865
580	6.06531
590	6.23198
600	6.39865
610	6.56531
620	6.73198
630	6.89865
640	7.06531
650	7.23198
660	7.39865
670	7.56531
680	7.73198
690	7.89865
700	8.06531
710	8.23198
720	8.39865
730	8.56531
740	8.69285
750	8.72212
760	8.72212
770	8.72212
780	8.72212
790	8.72212
800	8.72212
810	8.72212
820	8.72212
830	8.72212
840	8.72212
850	8.72212
860	8.72212
870	8.72212
880	8.72212
890	8.72212
900	8.72212
910	8.72212
920	8.72212
930	8.72212
940	8.72212
950	8.72212
960	8.72212
970	8.72242
980	8.76261
990	8.77573
1000	8.77573
1010	8.77573
1020	8.80047
1030	8.81202
1040	8.83312
1050	8.86156
1060	8.88549
1070	8.92111
1080	8.93689
1090	8.95177
74
360	2.46442
370	2.63108
380	2.79775
390	2.96442
400	3.13108
410	3.29775
420	3.46442
430	3.63108
440	3.79775
450	3.96442
460	4.13108
470	4.29775
480	4.46442
490	4.63108
500	4.79775
510	4.96442
520	5.13108
530	5.29775
540	5.46442
550	5.63108
560	5.79775
570	5.96442
580	6.13108
590	6.29775
600	6.46442
610	6.63108
620	6.79775
630	6.96442
640	7.13108
650	7.29775
660	7.46442
670	7.63108
680	7.79775
690	7.96442
700	8.13108
710	8.29775
720	8.46442
730	8.63108
740	8.72445
750	8.74676
760	8.74676
770	8.74676
780	8.74676
790	8.74676
800	8.74676
810	8.74676
820	8.74676
830	8.74676
840	8.74676
850	8.74676
860	8.74676
870	8.74676
880	8.74676
890	8.74676
900	8.74676
910	8.74676
920	8.74676
930	8.74676
940	8.74676
950	8.74676
960	8.74676
970	8.74707
980	8.79199
990	8.80037
1000	8.80037
1010	8.80037
1020	8.82986
1030	8.83666
1040	8.85808
1050	8.8863
1060	8.91013
1070	8.95049
1080	8.96153
1090	8.97664
74
360	2.52046
370	2.68713
380	2.8538
390	3.02046
400	3.18713
410	3.3538
420	3.52046
430	3.68713
440	3.8538
450	4.02046
460	4.18713
470	4.3538
480	4.52046
490	4.68713
500	4.8538
510	5.02046
520	5.18713
530	5.3538
540	5.52046
550	5.68713
560	5.8538
570	6.02046
580	6.18713
590	6.3538
600	6.52046
610	6.68713
620	6.8538
630	7.02046
640	7.18713
650	7.3538
660	7.52046
670	7.68713
680	7.8538
690	8.02046
700	8.18713
710	8.3538
720	8.52046
730	8.66939
740	8.73462
750	8.74083
760	8.74083
770	8.74083
780	8.74083
790	8.74083
800	8.74083
810	8.74083
820	8.74083
830	8.74083
840	8.74083
850	8.74083
860	8.74083
870	8.74083
880	8.74083
890	8.74083
900	8.74083
910	8.74083
920	8.74083
930	8.74083
940	8.74083
950	8.74083
960	8.74083
970	8.74426
980	8.79019
990	8.79444
1000	8.79444
1010	8.79477
1020	8.83073
1030	8.83073
1040	8.86429
1050	8.88852
1060	8.90647
1070	8.9556
1080	8.9556
1090	8.98223
74
360	2.5887
370	2.75537
380	2.92203
390	3.0887
400	3.25537
410	3.42203
420	3.5887
430	3.75537
440	3.92203
450	4.0887
460	4.25537
470	4.42203
480	4.5887
490	4.75537
500	4.92203
510	5.0887
520	5.25537
530	5.42203
540	5.5887
550	5.75537
560	5.92203
570	6.0887
580	6.25537
590	6.42203
600	6.5887
610	6.75537
620	6.92203
630	7.0887
640	7.25537
650	7.42203
660	7.5887
670	7.75537
680	7.92203
690	8.0887
700	8.25537
710	8.42203
720	8.5887
730	8.68646
740	8.7508
750	8.7568
760	8.7568
770	8.7568
780	8.7568
790	8.7568
800	8.7568
810	8.7568
820	8.7568
830	8.7568
840	8.7568
850	8.7568
860	8.7568
870	8.7568
880	8.7568
890	8.7568
900	8.7568
910	8.7568
920	8.7568
930	8.7568
940	8.7568
950	8.7568
960	8.7568
970	8.76029
980	8.80867
990	8.81042
1000	8.81042
1010	8.81078
1020	8.84671
1030	8.84671
1040	8.88088
1050	8.9045
1060	8.92816
1070	8.97157
1080	8.97175
1090	9.01315
74
360	2.68453
370	2.8512
380	3.01787
390	3.18453
400	3.3512
410	3.51787
420	3.68453
430	3.8512
440	4.01787
450	4.18453
460	4.3512
470	4.51787
480	4.68453
490	4.8512
500	5.01787
510	5.18453
520	5.3512
530	5.51787
540	5.68453
550	5.8512
560	6.01787
570	6.18453
580	6.3512
590	6.51787
600	6.68453
610	6.8512
620	7.01787
630	7.18453
640	7.3512
650	7.51787
660	7.68453
670	7.8512
680	8.01787
690	8.18453
700	8.3512
710	8.51787
720	8.63291
730	8.69124
740	8.74225
750	8.74225
760	8.74225
770	8.74225
780	8.74225
790	8.74225
800	8.74225
810	8.74225
820	8.74225
830	8.74225
840	8.74225
850	8.74225
860	8.74225
870	8.74225
880	8.74225
890	8.74225
900	8.74225
910	8.74225
920	8.74225
930	8.74225
940	8.74225
950	8.74225
960	8.74225
970	8.75309
980	8.79586
990	8.79586
1000	8.79586
1010	8.80671
1020	8.83215
1030	8.83825
1040	8.87522
1050	8.90559
1060	8.93736
1070	8.95702
1080	8.96665
1090	9.0113
74
360	2.78233
370	2.949
380	3.11566
390	3.28233
400	3.449
410	3.61566
420	3.78233
430	3.949
440	4.11566
450	4.28233
460	4.449
470	4.61566
480	4.78233
490	4.949
500	5.11566
510	5.28233
520	5.449
530	5.61566
540	5.78233
550	5.949
560	6.11566
570	6.28233
580	6.449
590	6.61566
600	6.78233
610	6.949
620	7.11566
630	7.28233
640	7.449
650	7.61566
660	7.78233
670	7.949
680	8.11566
690	8.28233
700	8.449
710	8.61566
720	8.6959
730	8.75539
740	8.79773
750	8.79773
760	8.79773
770	8.79773
780	8.79773
790	8.79773
800	8.79773
810	8.79773
820	8.79773
830	8.79773
840	8.79773
850	8.79773
860	8.79773
870	8.79773
880	8.79773
890	8.79773
900	8.79773
910	8.79773
920	8.79773
930	8.79773
940	8.79773
950	8.79773
960	8.79773
970	8.81729
980	8.85134
990	8.85134
1000	8.85134
1010	8.87091
1020	8.88763
1030	8.90093
1040	8.93335
1050	8.96149
1060	9.00509
1070	9.0125
1080	9.03051
1090	9.06678
74
360	2.85374
370	3.02041
380	3.18708
390	3.35374
400	3.52041
410	3.68708
420	3.85374
430	4.02041
440	4.18708
450	4.35374
460	4.52041
470	4.68708
480	4.85374
490	5.02041
500	5.18708
510	5.35374
520	5.52041
530	5.68708
540	5.85374
550	6.02041
560	6.18708
570	6.35374
580	6.52041
590	6.68708
600	6.85374
610	7.02041
620	7.18708
630	7.35374
640	7.52041
650	7.68708
660	7.85374
670	8.02041
680	8.18708
690	8.35374
700	8.52041
710	8.60404
720	8.66549
730	8.75619
740	8.75619
750	8.75619
760	8.75619
770	8.75619
780	8.75619
790	8.75619
800	8.75619
810	8.75619
820	8.75619
830	8.75619
840	8.75619
850	8.75619
860	8.75619
870	8.75619
880	8.75619
890	8.75619
900	8.75619
910	8.75619
920	8.75619
930	8.75619
940	8.75619
950	8.75619
960	8.75619
970	8.79229
980	8.80981
990	8.80981
1000	8.80981
1010	8.8459
1020	8.8461
1030	8.87299
1040	8.89862
1050	8.92362
1060	8.97097
1070	8.97097
1080	9.00481
1090	9.02524
74
360	2.91482
370	3.08148
380	3.24815
390	3.41482
400	3.58148
410	3.74815
420	3.91482
430	4.08148
440	4.24815
450	4.41482
460	4.58148
470	4.74815
480	4.91482
490	5.08148
500	5.24815
510	5.41482
520	5.58148
530	5.74815
540	5.91482
550	6.08148
560	6.24815
570	6.41482
580	6.58148
590	6.74815
600	6.91482
610	7.08148
620	7.24815
630	7.41482
640	7.58148
650	7.74815
660	7.91482
670	8.08148
680	8.24815
690	8.41482
700	8.57173
710	8.62601
720	8.70711
730	8.76858
740	8.76858
750	8.76858
760	8.76858
770	8.76858
780	8.76858
790	8.76858
800	8.76858
810	8.76858
820	8.76858
830	8.76858
840	8.76858
850	8.76858
860	8.76858
870	8.76858
880	8.76858
890	8.76858
900	8.76858
910	8.76858
920	8.76858
930	8.76858
940	8.76858
950	8.76858
960	8.76962
970	8.81782
980	8.82219
990	8.82219
1000	8.82323
1010	8.85848
1020	8.85854
1030	8.89739
1040	8.91954
1050	8.94239
1060	8.98335
1070	8.98405
1080	9.0301
1090	9.03763
74
360	2.9761
370	3.14277
380	3.30943
390	3.4761
400	3.64277
410	3.80943
420	3.9761
430	4.14277
440	4.30943
450	4.4761
460	4.64277
470	4.80943
480	4.9761
490	5.14277
500	5.30943
510	5.4761
520	5.64277
530	5.80943
540	5.9761
550	6.14277
560	6.30943
570	6.4761
580	6.64277
590	6.80943
600	6.9761
610	7.14277
620	7.30943
630	7.4761
640	7.64277
650	7.80943
660	7.9761
670	8.14277
680	8.30943
690	8.47561
700	8.54244
710	8.61561
720	8.73402
730	8.73402
740	8.73402
750	8.73402
760	8.73402
770	8.73402
780	8.73402
790	8.73402
800	8.73402
810	8.73402
820	8.73402
830	8.73402
840	8.73402
850	8.73402
860	8.73402
870	8.73402
880	8.73402
890	8.73402
900	8.73402
910	8.73402
920	8.73402
930	8.73402
940	8.73402
950	8.73402
960	8.7479
970	8.78763
980	8.78763
990	8.78763
1000	8.80152
1010	8.82393
1020	8.83244
1030	8.8676
1040	8.89734
1050	8.93363
1060	8.94879
1070	8.96132
1080	9.00307
1090	9.00307
74
360	3.02889
370	3.19556
380	3.36222
390	3.52889
400	3.69556
410	3.86222
420	4.02889
430	4.19556
440	4.36222
450	4.52889
460	4.69556
470	4.86222
480	5.02889
490	5.19556
500	5.36222
510	5.52889
520	5.69556
530	5.86222
540	6.02889
550	6.19556
560	6.36222
570	6.52889
580	6.69556
590	6.86222
600	7.02889
610	7.19556
620	7.36222
630	7.52889
640	7.69556
650	7.86222
660	8.02889
670	8.19556
680	8.36222
690	8.52838
700	8.57361
710	8.64757
720	8.74893
730	8.74893
740	8.74893
750	8.74893
760	8.74893
770	8.74893
780	8.74893
790	8.74893
800	8.74893
810	8.74893
820	8.74893
830	8.74893
840	8.74893
850	8.74893
860	8.74893
870	8.74893
880	8.74893
890	8.74893
900	8.74893
910	8.74893
920	8.74893
930	8.74893
940	8.74893
950	8.74893
960	8.76281
970	8.80254
980	8.80254
990	8.80254
1000	8.81643
1010	8.83884
1020	8.84735
1030	8.88251
1040	8.91225
1050	8.94854
1060	8.9637
1070	8.97623
1080	9.01798
1090	9.01798
74
360	3.16552
370	3.33219
380	3.49885
390	3.66552
400	3.83219
410	3.99885
420	4.16552
430	4.33219
440	4.49885
450	4.66552
460	4.83219
470	4.99885
480	5.16552
490	5.33219
500	5.49885
510	5.66552
520	5.83219
530	5.99885
540	6.16552
550	6.33219
560	6.49885
570	6.66552
580	6.83219
590	6.99885
600	7.16552
610	7.33219
620	7.49885
630	7.66552
640	7.83219
650	7.99885
660	8.16552
670	8.33219
680	8.49885
690	8.64983
700	8.68511
710	8.75887
720	8.85171
730	8.85171
740	8.85171
750	8.85171
760	8.85171
770	8.85171
780	8.85171
790	8.85171
800	8.85171
810	8.85171
820	8.85171
830	8.85171
840	8.85171
850	8.85171
860	8.85171
870	8.85171
880	8.85171
890	8.85171
900	8.85171
910	8.85171
920	8.85171
930	8.85171
940	8.85171
950	8.85171
960	8.86559
970	8.90532
980	8.90532
990	8.90532
1000	8.91921
1010	8.94162
1020	8.95013
1030	8.98529
1040	9.01503
1050	9.05131
1060	9.06648
1070	9.07901
1080	9.12076
1090	9.12076
74
360	3.25043
370	3.4171
380	3.58376
390	3.75043
400	3.9171
410	4.08376
420	4.25043
430	4.4171
440	4.58376
450	4.75043
460	4.9171
470	5.08376
480	5.25043
490	5.4171
500	5.58376
510	5.75043
520	5.9171
530	6.08376
540	6.25043
550	6.4171
560	6.58376
570	6.75043
580	6.9171
590	7.08376
600	7.25043
610	7.4171
620	7.58376
630	7.75043
640	7.9171
650	8.08376
660	8.25043
670	8.4171
680	8.57629
690	8.60286
700	8.63769
710	8.74469
720	8.80378
730	8.80378
740	8.80378
750	8.80378
760	8.80378
770	8.80378
780	8.80378
790	8.80378
800	8.80378
810	8.80378
820	8.80378
830	8.80378
840	8.80378
850	8.80378
860	8.80378
870	8.80378
880	8.80378
890	8.80378
900	8.80378
910	8.80378
920	8.80378
930	8.80378
940	8.80378
950	8.80378
960	8.82859
970	8.85739
980	8.85739
990	8.85739
1000	8.8822
1010	8.89368
1020	8.91125
1030	8.94139
1040	8.96843
1050	9.01855
1060	9.01855
1070	9.04158
1080	9.07283
1090	9.07283
74
360	3.30618
370	3.47285
380	3.63951
390	3.80618
400	3.97285
410	4.13951
420	4.30618
430	4.47285
440	4.63951
450	4.80618
460	4.97285
470	5.13951
480	5.30618
490	5.47285
500	5.63951
510	5.80618
520	5.97285
530	6.13951
540	6.30618
550	6.47285
560	6.63951
570	6.80618
580	6.97285
590	7.13951
600	7.30618
610	7.47285
620	7.63951
630	7.80618
640	7.97285
650	8.13951
660	8.30618
670	8.47333
680	8.54204
690	8.57054
700	8.66612
710	8.75947
720	8.75947
730	8.75947
740	8.75947
750	8.75947
760	8.75947
770	8.75947
780	8.75947
790	8.75947
800	8.75947
810	8.75947
820	8.75947
830	8.75947
840	8.75947
850	8.75947
860	8.75947
870	8.75947
880	8.75947
890	8.75947
900	8.75947
910	8.75947
920	8.75947
930	8.75947
940	8.75947
950	8.75953
960	8.7983
970	8.81308
980	8.81308
990	8.81314
1000	8.84937
1010	8.84937
1020	8.8791
1030	8.90437
1040	8.92881
1050	8.97424
1060	8.97424
1070	9.01086
1080	9.02852
1090	9.02852
74
360	3.36194
370	3.52861
380	3.69527
390	3.86194
400	4.02861
410	4.19527
420	4.36194
430	4.52861
440	4.69527
450	4.86194
460	5.02861
470	5.19527
480	5.36194
490	5.52861
500	5.69527
510	5.86194
520	6.02861
530	6.19527
540	6.36194
550	6.52861
560	6.69527
570	6.86194
580	7.02861
590	7.19527
600	7.36194
610	7.52861
620	7.69527
630	7.86194
640	8.02861
650	8.19527
660	8.36194
670	8.51105
680	8.56952
690	8.59387
700	8.68507
710	8.77842
720	8.77842
730	8.77842
740	8.77842
750	8.77842
760	8.77842
770	8.77842
780	8.77842
790	8.77842
800	8.77842
810	8.77842
820	8.77842
830	8.77842
840	8.77842
850	8.77842
860	8.77842
870	8.77842
880	8.77842
890	8.77842
900	8.77842
910	8.77842
920	8.77842
930	8.77842
940	8.77842
950	8.77847
960	8.81725
970	8.83203
980	8.83203
990	8.83209
1000	8.86832
1010	8.86832
1020	8.89805
1030	8.92332
1040	8.94776
1050	8.99319
1060	8.99319
1070	9.02981
1080	9.04747
1090	9.04747
74
360	3.42224
370	3.5889
380	3.75557
390	3.92224
400	4.0889
410	4.25557
420	4.42224
430	4.5889
440	4.75557
450	4.92224
460	5.0889
470	5.25557
480	5.42224
490	5.5889
500	5.75557
510	5.92224
520	6.0889
530	6.25557
540	6.42224
550	6.5889
560	6.75557
570	6.92224
580	7.0889
590	7.25557
600	7.42224
610	7.5889
620	7.75557
630	7.92224
640	8.0889
650	8.25557
660	8.42224
670	8.52045
680	8.58054
690	8.61928
700	8.72978
710	8.78674
720	8.78674
730	8.78674
740	8.78674
750	8.78674
760	8.78674
770	8.78674
780	8.78674
790	8.78674
800	8.78674
810	8.78674
820	8.78674
830	8.78674
840	8.78674
850	8.78674
860	8.78674
870	8.78674
880	8.78674
890	8.78674
900	8.78674
910	8.78674
920	8.78674
930	8.78674
940	8.78674
950	8.78917
960	8.84035
970	8.84035
980	8.84035
990	8.84278
1000	8.87665
1010	8.87725
1020	8.91957
1030	8.94253
1040	8.96429
1050	9.00151
1060	9.00341
1070	9.05578
1080	9.05579
1090	9.05579
74
360	3.52199
370	3.68866
380	3.85532
390	4.02199
400	4.18866
410	4.35532
420	4.52199
430	4.68866
440	4.85532
450	5.02199
460	5.18866
470	5.35532
480	5.52199
490	5.68866
500	5.85532
510	6.02199
520	6.18866
530	6.35532
540	6.52199
550	6.6838
560	6.81656
570	6.98313
580	7.1498
590	7.31646
600	7.48313
610	7.6498
620	7.81646
630	7.98313
640	8.1498
650	8.31646
660	8.48313
670	8.53143
680	8.58262
690	8.65315
700	8.75587
710	8.78087
720	8.78087
730	8.78087
740	8.78087
750	8.78087
760	8.78087
770	8.78087
780	8.78087
790	8.78087
800	8.78087
810	8.78087
820	8.78087
830	8.78087
840	8.78087
850	8.78087
860	8.78087
870	8.78087
880	8.78087
890	8.78087
900	8.78087
910	8.78087
920	8.78087
930	8.78087
940	8.78087
950	8.78963
960	8.83448
970	8.83448
980	8.83448
990	8.84324
1000	8.87077
1010	8.87536
1020	8.9137
1030	8.94417
1040	8.97215
1050	8.99564
1060	9.00332
1070	9.04992
1080	9.04992
1090	9.04992
74
360	3.57972
370	3.74639
380	3.91305
390	4.07972
400	4.24639
410	4.41305
420	4.57972
430	4.74639
440	4.91305
450	5.07972
460	5.24639
470	5.41305
480	5.57972
490	5.74639
500	5.91305
510	6.07972
520	6.24639
530	6.41305
540	6.57959
550	6.71493
560	6.8778
570	7.04447
580	7.21114
590	7.3778
600	7.54447
610	7.71114
620	7.8778
630	8.04447
640	8.21114
650	8.3778
660	8.50942
670	8.56316
680	8.60447
690	8.6775
700	8.79585
710	8.79175
720	8.79175
730	8.79175
740	8.79175
750	8.79175
760	8.79175
770	8.79175
780	8.79175
790	8.79175
800	8.79175
810	8.79175
820	8.79175
830	8.79175
840	8.79175
850	8.79175
860	8.79175
870	8.79175
880	8.79175
890	8.79175
900	8.79175
910	8.79175
920	8.79175
930	8.79175
940	8.79175
950	8.80938
960	8.84536
970	8.84536
980	8.84536
990	8.86299
1000	8.88166
1010	8.89327
1020	8.92654
1030	8.95518
1040	8.99664
1050	9.00652
1060	9.02265
1070	9.0608
1080	9.0608
1090	9.0608
74
360	3.74297
370	3.90964
380	4.0763
390	4.24297
400	4.40964
410	4.5763
420	4.74297
430	4.90964
440	5.0763
450	5.24297
460	5.40964
470	5.5763
480	5.74297
490	5.90964
500	6.0763
510	6.24297
520	6.40964
530	6.57617
540	6.70515
550	6.86066
560	7.02733
570	7.19399
580	7.36066
590	7.52733
600	7.69399
610	7.86066
620	8.02733
630	8.19399
640	8.36066
650	8.52733
660	8.59972
670	8.66513
680	8.7004
690	8.81213
700	8.87677
710	8.87267
720	8.87267
730	8.87267
740	8.87267
750	8.87267
760	8.87267
770	8.87267
780	8.87267
790	8.87267
800	8.87267
810	8.87267
820	8.87267
830	8.87267
840	8.87267
850	8.87267
860	8.87267
870	8.87267
880	8.87267
890	8.87267
900	8.87267
910	8.87267
920	8.87267
930	8.87267
940	8.87267
950	8.90366
960	8.92628
970	8.92628
980	8.92628
990	8.95728
1000	8.96257
1010	8.98526
1020	9.0129
1030	9.03876
1040	9.08744
1050	9.08744
1060	9.1164
1070	9.14172
1080	9.14172
1090	9.14172
74
360	3.80586
370	3.97253
380	4.13919
390	4.30586
400	4.47253
410	4.63919
420	4.80586
430	4.97253
440	5.13919
450	5.30586
460	5.47253
470	5.63919
480	5.80586
490	5.97253
500	6.13919
510	6.30586
520	6.45791
530	6.53139
540	6.68012
550	6.84678
560	7.01345
570	7.18012
580	7.34678
590	7.51345
600	7.68012
610	7.84678
620	8.01345
630	8.18012
640	8.34678
650	8.51001
660	8.54768
670	8.59854
680	8.66185
690	8.77468
700	8.80859
710	8.80448
720	8.80448
730	8.80448
740	8.80448
750	8.80448
760	8.80448
770	8.80448
780	8.80448
790	8.80448
800	8.80448
810	8.80448
820	8.80448
830	8.80448
840	8.80448
850	8.80448
860	8.80448
870	8.80448
880	8.80448
890	8.80448
900	8.80448
910	8.80448
920	8.80448
930	8.80448
940	8.80448
950	8.83694
960	8.8581
970	8.8581
980	8.8581
990	8.89056
1000	8.89439
1010	8.93287
1020	8.95424
1030	8.97702
1040	9.01926
1050	9.01951
1060	9.06599
1070	9.07353
1080	9.07353
1090	9.0736
74
360	3.866
370	4.03267
380	4.19933
390	4.366
400	4.53267
410	4.69933
420	4.866
430	5.03267
440	5.19933
450	5.366
460	5.53267
470	5.69933
480	5.866
490	6.03267
500	6.19933
510	6.366
520	6.45978
530	6.56042
540	6.72229
550	6.88896
560	7.05562
570	7.22229
580	7.38896
590	7.55562
600	7.72229
610	7.88896
620	8.05562
630	8.22229
640	8.38896
650	8.51105
660	8.57884
670	8.61018
680	8.69933
690	8.77863
700	8.80963
710	8.80552
720	8.80552
730	8.80552
740	8.80552
750	8.80552
760	8.80552
770	8.80552
780	8.80552
790	8.80552
800	8.80552
810	8.80552
820	8.80552
830	8.80552
840	8.80552
850	8.80552
860	8.80552
870	8.80552
880	8.80552
890	8.80552
900	8.80552
910	8.80552
920	8.80552
930	8.80552
940	8.80599
950	8.85328
960	8.85914
970	8.85914
980	8.85961
990	8.89543
1000	8.89683
1010	8.93835
1020	8.96702
1030	8.98728
1040	9.0203
1050	9.02356
1060	9.07457
1070	9.07457
1080	9.07457
1090	9.077
74
360	3.9178
370	4.08447
380	4.25113
390	4.4178
400	4.58447
410	4.75113
420	4.9178
430	5.08447
440	5.25113
450	5.4178
460	5.58447
470	5.75113
480	5.9178
490	6.08447
500	6.25113
510	6.40646
520	6.47627
530	6.62154
540	6.78821
550	6.95487
560	7.12154
570	7.28821
580	7.45487
590	7.62154
600	7.78821
610	7.95487
620	8.12154
630	8.28821
640	8.45487
650	8.51306
660	8.58814
670	8.62628
680	8.74354
690	8.7883
700	8.80508
710	8.80097
720	8.80097
730	8.80097
740	8.80097
750	8.80097
760	8.80097
770	8.80097
780	8.80097
790	8.80097
800	8.80097
810	8.80097
820	8.80097
830	8.80097
840	8.80097
850	8.80097
860	8.80097
870	8.80097
880	8.80097
890	8.80097
900	8.80097
910	8.80097
920	8.80097
930	8.80097
940	8.80504
950	8.85459
960	8.85459
970	8.85459
980	8.85865
990	8.89088
1000	8.89723
1010	8.93399
1020	8.96427
1030	8.99644
1040	9.01575
1050	9.02567
1060	9.07002
1070	9.07002
1080	9.07002
1090	9.07843
74
360	4.01407
370	4.18074
380	4.34741
390	4.51407
400	4.68074
410	4.84741
420	5.01407
430	5.18074
440	5.34741
450	5.51407
460	5.68074
470	5.84741
480	6.01407
490	6.18074
500	6.34741
510	6.45509
520	6.55417
530	6.71617
540	6.88284
550	7.0495
560	7.21617
570	7.38284
580	7.5495
590	7.71617
600	7.88284
610	8.0495
620	8.21617
630	8.38284
640	8.52646
650	8.58258
660	8.63795
670	8.69423
680	8.79316
690	8.85333
700	8.85333
710	8.84923
720	8.84923
730	8.84923
740	8.84923
750	8.84923
760	8.84923
770	8.84923
780	8.84923
790	8.84923
800	8.84923
810	8.84923
820	8.84923
830	8.84923
840	8.84923
850	8.84923
860	8.84923
870	8.84923
880	8.84923
890	8.84923
900	8.84923
910	8.84923
920	8.84923
930	8.84923
940	8.86052
950	8.90285
960	8.90285
970	8.90285
980	8.91414
990	8.93914
1000	8.9541
1010	8.98521
1020	9.01302
1030	9.06206
1040	9.064
1050	9.08427
1060	9.11828
1070	9.11828
1080	9.11828
1090	9.13633
74
360	4.06933
370	4.236
380	4.40266
390	4.56933
400	4.736
410	4.90266
420	5.06933
430	5.236
440	5.40266
450	5.56933
460	5.736
470	5.90266
480	6.06933
490	6.236
500	6.34993
510	6.44125
520	6.5995
530	6.76617
540	6.93284
550	7.0995
560	7.26617
570	7.43284
580	7.5995
590	7.76617
600	7.93284
610	8.0995
620	8.26617
630	8.43143
640	8.48923
650	8.57121
660	8.60569
670	8.67681
680	8.76031
690	8.81611
700	8.81611
710	8.812
720	8.812
730	8.812
740	8.812
750	8.812
760	8.812
770	8.812
780	8.812
790	8.812
800	8.812
810	8.812
820	8.812
830	8.812
840	8.812
850	8.812
860	8.812
870	8.812
880	8.812
890	8.812
900	8.812
910	8.812
920	8.812
930	8.812
940	8.8334
950	8.86562
960	8.86562
970	8.86562
980	8.88702
990	8.90191
1000	8.92819
1010	8.95421
1020	8.9793
1030	9.02678
1040	9.02678
1050	9.05985
1060	9.08105
1070	9.08105
1080	9.08105
1090	9.11132
74
360	4.13683
370	4.3035
380	4.47017
390	4.63683
400	4.8035
410	4.97017
420	5.13683
430	5.3035
440	5.47017
450	5.63683
460	5.8035
470	5.97017
480	6.13683
490	6.26707
500	6.36184
510	6.52348
520	6.69015
530	6.85681
540	7.02348
550	7.19015
560	7.35681
570	7.52348
580	7.69015
590	7.85681
600	8.02348
610	8.19015
620	8.35643
630	8.4073
640	8.52637
650	8.57038
660	8.59722
670	8.68482
680	8.76147
690	8.78736
700	8.78736
710	8.78326
720	8.78326
730	8.78326
740	8.78326
750	8.78326
760	8.78326
770	8.78326
780	8.78326
790	8.78326
800	8.78326
810	8.78326
820	8.78326
830	8.78326
840	8.78326
850	8.78326
860	8.78326
870	8.78326
880	8.78326
890	8.78326
900	8.78326
910	8.78326
920	8.78326
930	8.78436
940	8.83534
950	8.83688
960	8.83688
970	8.83798
980	8.87317
990	8.87555
1000	8.91609
1010	8.94655
1020	8.96796
1030	8.99803
1040	9.0027
1050	9.05231
1060	9.05231
1070	9.05231
1080	9.05597
1090	9.10463
74
360	4.34105
370	4.50772
380	4.67438
390	4.84105
400	5.00772
410	5.17438
420	5.34105
430	5.50772
440	5.67438
450	5.84105
460	6.00772
470	6.17237
480	6.33119
490	6.44979
500	6.53553
510	6.69012
520	6.85679
530	7.02345
540	7.19012
550	7.35679
560	7.52345
570	7.69012
580	7.85679
590	8.02345
600	8.19012
610	8.35679
620	8.52307
630	8.56378
640	8.67407
650	8.71808
660	8.74492
670	8.83252
680	8.90917
690	8.93507
700	8.93507
710	8.93096
720	8.93096
730	8.93096
740	8.93096
750	8.93096
760	8.93096
770	8.93096
780	8.93096
790	8.93096
800	8.93096
810	8.93096
820	8.93096
830	8.93096
840	8.93096
850	8.93096
860	8.93096
870	8.93096
880	8.93096
890	8.93096
900	8.93096
910	8.93096
920	8.93096
930	8.93206
940	8.98304
950	8.98458
960	8.98458
970	8.98568
980	9.02087
990	9.02325
1000	9.06379
1010	9.09425
1020	9.11566
1030	9.14574
1040	9.1504
1050	9.20001
1060	9.20001
1070	9.20001
1080	9.20367
1090	9.25233
74
360	4.43847
370	4.60513
380	4.7718
390	4.93847
400	5.10513
410	5.2718
420	5.43847
430	5.60513
440	5.7718
450	5.9
460	5.96393
470	6.10337
480	6.27003
490	6.35386
500	6.46767
510	6.63294
520	6.79961
530	6.96627
540	7.13294
550	7.29961
560	7.46627
570	7.63294
580	7.79961
590	7.96627
600	8.13294
610	8.29961
620	8.42188
630	8.48493
640	8.57295
650	8.61469
660	8.65673
670	8.73038
680	8.83158
690	8.83158
700	8.83158
710	8.82748
720	8.82748
730	8.82748
740	8.82748
750	8.82748
760	8.82748
770	8.82748
780	8.82748
790	8.82748
800	8.82748
810	8.82748
820	8.82748
830	8.82748
840	8.82748
850	8.82748
860	8.82748
870	8.82748
880	8.82748
890	8.82748
900	8.82748
910	8.82748
920	8.82748
930	8.833
940	8.8811
950	8.8811
960	8.8811
970	8.88661
980	8.91739
990	8.92547
1000	8.96095
1010	8.99077
1020	9.02672
1030	9.04225
1040	9.05424
1050	9.09653
1060	9.09653
1070	9.09653
1080	9.10686
1090	9.14885
74
360	4.49556
370	4.66222
380	4.82889
390	4.99556
400	5.16222
410	5.32889
420	5.49556
430	5.66222
440	5.82889
450	5.90653
460	6.00362
470	6.16561
480	6.3073
490	6.37413
500	6.52039
510	6.68705
520	6.85372
530	7.02039
540	7.18705
550	7.35372
560	7.52039
570	7.68705
580	7.85372
590	8.02039
600	8.18705
610	8.35372
620	8.43021
630	8.52825
640	8.58811
650	8.61892
660	8.67661
670	8.74729
680	8.83309
690	8.83309
700	8.83309
710	8.82899
720	8.82899
730	8.82899
740	8.82899
750	8.82899
760	8.82899
770	8.82899
780	8.82899
790	8.82899
800	8.82899
810	8.82899
820	8.82899
830	8.82899
840	8.82899
850	8.82899
860	8.82899
870	8.82899
880	8.82899
890	8.82899
900	8.82899
910	8.82899
920	8.82899
930	8.84349
940	8.88261
950	8.88261
960	8.88261
970	8.89711
980	8.9189
990	8.9376
1000	8.96663
1010	8.99362
1020	9.04376
1030	9.04376
1040	9.06846
1050	9.09804
1060	9.09804
1070	9.09804
1080	9.12024
1090	9.15036
74
360	4.55647
370	4.72314
380	4.88981
390	5.05647
400	5.22314
410	5.38981
420	5.55647
430	5.72314
440	5.88156
450	5.93323
460	6.06421
470	6.23088
480	6.31767
490	6.42064
500	6.5842
510	6.75086
520	6.91753
530	7.0842
540	7.25086
550	7.41753
560	7.5842
570	7.75086
580	7.91753
590	8.0842
600	8.25086
610	8.40247
620	8.45796
630	8.5359
640	8.61237
650	8.63298
660	8.69063
670	8.78038
680	8.8407
690	8.8407
700	8.8407
710	8.8366
720	8.8366
730	8.8366
740	8.8366
750	8.8366
760	8.8366
770	8.8366
780	8.8366
790	8.8366
800	8.8366
810	8.8366
820	8.8366
830	8.8366
840	8.8366
850	8.8366
860	8.8366
870	8.8366
880	8.8366
890	8.8366
900	8.8366
910	8.8366
920	8.8366
930	8.86289
940	8.89021
950	8.89021
960	8.89021
970	8.9165
980	8.92651
990	8.95832
1000	8.98185
1010	9.00613
1020	9.05137
1030	9.05137
1040	9.09082
1050	9.10565
1060	9.10565
1070	9.10565
1080	9.14195
1090	9.15796
74
360	4.71508
370	4.88174
380	5.04841
390	5.21508
400	5.38174
410	5.54841
420	5.71508
430	5.87818
440	5.96094
450	6.09347
460	6.25245
470	6.33469
480	6.46551
490	6.63217
500	6.79884
510	6.9655
520	7.13217
530	7.29884
540	7.4655
550	7.63217
560	7.79884
570	7.9655
580	8.13217
590	8.29884
600	8.4412
610	8.48071
620	8.56637
630	8.63148
640	8.6909
650	8.70797
660	8.79154
670	8.90789
680	8.90789
690	8.90789
700	8.90789
710	8.90379
720	8.90379
730	8.90379
740	8.90379
750	8.90379
760	8.90379
770	8.90379
780	8.90379
790	8.90379
800	8.90379
810	8.90379
820	8.90379
830	8.90379
840	8.90379
850	8.90379
860	8.90379
870	8.90379
880	8.90379
890	8.90379
900	8.90379
910	8.90379
920	8.90563
930	8.95647
940	8.9574
950	8.9574
960	8.95925
970	8.9937
980	8.99704
990	9.03662
1000	9.06707
1010	9.09048
1020	9.11856
1030	9.12441
1040	9.17284
1050	9.17284
1060	9.17284
1070	9.17761
1080	9.22515
1090	9.22628
74
360	4.86188
370	5.02855
380	5.19522
390	5.36188
400	5.52855
410	5.6925
420	5.79684
430	5.92471
440	6.09136
450	6.17434
460	6.26936
470	6.42806
480	6.59473
490	6.76139
500	6.92806
510	7.09473
520	7.26139
530	7.42806
540	7.59473
550	7.76139
560	7.92806
570	8.09473
580	8.26139
590	8.42004
600	8.44361
610	8.50156
620	8.60462
630	8.64214
640	8.68473
650	8.73161
660	8.84747
670	8.90109
680	8.90109
690	8.90109
700	8.90109
710	8.89699
720	8.89699
730	8.89699
740	8.89699
750	8.89699
760	8.89699
770	8.89699
780	8.89699
790	8.89699
800	8.89699
810	8.89699
820	8.89699
830	8.89699
840	8.89699
850	8.89699
860	8.89699
870	8.89699
880	8.89699
890	8.89699
900	8.89699
910	8.89699
920	8.91319
930	8.9506
940	8.9506
950	8.9506
960	8.96681
970	8.98689
980	9.00727
990	9.03606
1000	9.06258
1010	9.11176
1020	9.11176
1030	9.13801
1040	9.16604
1050	9.16604
1060	9.16604
1070	9.18985
1080	9.21835
1090	9.23219
74
360	4.92274
370	5.08941
380	5.25608
390	5.42274
400	5.58022
410	5.65687
420	5.79775
430	5.96441
440	6.07518
450	6.16883
460	6.32864
470	6.4953
480	6.66197
490	6.82864
500	6.9953
510	7.16197
520	7.32864
530	7.4953
540	7.66197
550	7.82864
560	7.9953
570	8.16197
580	8.32864
590	8.37875
600	8.40312
610	8.49177
620	8.5636
630	8.62749
640	8.64722
650	8.7143
660	8.81256
670	8.85959
680	8.85959
690	8.85959
700	8.85959
710	8.85549
720	8.85549
730	8.85549
740	8.85549
750	8.85549
760	8.85549
770	8.85549
780	8.85549
790	8.85549
800	8.85549
810	8.85549
820	8.85549
830	8.85549
840	8.85549
850	8.85549
860	8.85549
870	8.85549
880	8.85549
890	8.85549
900	8.85549
910	8.85549
920	8.88571
930	8.9091
940	8.9091
950	8.9091
960	8.93932
970	8.94539
980	8.98143
990	9.00366
1000	9.0272
1010	9.07026
1020	9.07036
1030	9.11428
1040	9.12454
1050	9.12454
1060	9.12454
1070	9.16527
1080	9.17685
1090	9.2037
74
360	5.00077
370	5.16743
380	5.3341
390	5.5003
400	5.57069
410	5.70423
420	5.8709
430	6.01881
440	6.06862
450	6.19595
460	6.36261
470	6.52928
480	6.69595
490	6.86261
500	7.02928
510	7.19595
520	7.36261
530	7.52928
540	7.69595
550	7.86261
560	8.02928
570	8.19595
580	8.33766
590	8.36845
600	8.40287
610	8.50804
620	8.552
630	8.62446
640	8.63624
650	8.7146
660	8.83251
670	8.84145
680	8.84145
690	8.84145
700	8.84145
710	8.83735
720	8.83735
730	8.83735
740	8.83735
750	8.83735
760	8.83735
770	8.83735
780	8.83735
790	8.83735
800	8.83735
810	8.83735
820	8.83735
830	8.83735
840	8.83735
850	8.83735
860	8.83735
870	8.83735
880	8.83735
890	8.83735
900	8.83735
910	8.8376
920	8.88278
930	8.89096
940	8.89096
950	8.89121
960	8.92725
970	8.92825
980	8.97017
990	8.997
1000	9.01809
1010	9.05212
1020	9.05475
1030	9.1064
1040	9.1064
1050	9.1064
1060	9.10828
1070	9.15871
1080	9.15875
1090	9.20003
74
360	5.06549
370	5.23215
380	5.39882
390	5.53897
400	5.61987
410	5.7678
420	5.93447
430	6.04931
440	6.12199
450	6.26339
460	6.43006
470	6.59672
480	6.76339
490	6.93006
500	7.09672
510	7.26339
520	7.43006
530	7.59672
540	7.76339
550	7.93006
560	8.09672
570	8.26339
580	8.36894
590	8.39911
600	8.44774
610	8.56578
620	8.59129
630	8.65403
640	8.67463
650	8.76286
660	8.87102
670	8.87102
680	8.87102
690	8.87102
700	8.87102
710	8.86692
720	8.86692
730	8.86692
740	8.86692
750	8.86692
760	8.86692
770	8.86692
780	8.86692
790	8.86692
800	8.86692
810	8.86692
820	8.86692
830	8.86692
840	8.86692
850	8.86692
860	8.86692
870	8.86692
880	8.86692
890	8.86692
900	8.86692
910	8.87005
920	8.92053
930	8.92053
940	8.92053
950	8.92366
960	8.95683
970	8.96184
980	8.99983
990	9.03016
1000	9.05767
1010	9.08169
1020	9.08969
1030	9.13597
1040	9.13597
1050	9.13597
1060	9.14269
1070	9.18828
1080	9.19045
1090	9.24256
74
360	5.12579
370	5.29246
380	5.45912
390	5.5415
400	5.65128
410	5.81463
420	5.98129
430	6.05639
440	6.15811
450	6.31853
460	6.48519
470	6.65186
480	6.81853
490	6.98519
500	7.15186
510	7.31853
520	7.48519
530	7.65186
540	7.81853
550	7.98519
560	8.15186
570	8.31853
580	8.37687
590	8.40564
600	8.47897
610	8.57001
620	8.60879
630	8.65341
640	8.68796
650	8.79302
660	8.8704
670	8.8704
680	8.8704
690	8.8704
700	8.8704
710	8.8663
720	8.8663
730	8.8663
740	8.8663
750	8.8663
760	8.8663
770	8.8663
780	8.8663
790	8.8663
800	8.8663
810	8.8663
820	8.8663
830	8.8663
840	8.8663
850	8.8663
860	8.8663
870	8.8663
880	8.8663
890	8.8663
900	8.8663
910	8.87583
920	8.91991
930	8.91991
940	8.91991
950	8.92944
960	8.9562
970	8.96889
980	9.00182
990	9.02994
1000	9.07295
1010	9.08107
1020	9.09834
1030	9.13534
1040	9.13534
1050	9.13534
1060	9.1507
1070	9.18766
1080	9.19545
1090	9.24217
74
360	5.19557
370	5.36224
380	5.49951
390	5.57849
400	5.72508
410	5.89175
420	6.01435
430	6.1035
440	6.25711
450	6.42377
460	6.59044
470	6.75711
480	6.92377
490	7.09044
500	7.25711
510	7.42377
520	7.59044
530	7.75711
540	7.92377
550	8.09044
560	8.25711
570	8.35707
580	8.4055
590	8.43485
600	8.53234
610	8.58573
620	8.63313
630	8.66821
640	8.7177
650	8.8369
660	8.88366
670	8.88366
680	8.88366
690	8.88366
700	8.88366
710	8.87956
720	8.87956
730	8.87956
740	8.87956
750	8.87956
760	8.87956
770	8.87956
780	8.87956
790	8.87956
800	8.87956
810	8.87956
820	8.87956
830	8.87956
840	8.87956
850	8.87956
860	8.87956
870	8.87956
880	8.87956
890	8.87956
900	8.87956
910	8.89864
920	8.93317
930	8.93317
940	8.93317
950	8.95226
960	8.96946
970	8.9929
980	9.02101
990	9.04657
1000	9.09433
1010	9.09433
1020	9.12383
1030	9.14861
1040	9.14861
1050	9.14861
1060	9.1756
1070	9.20092
1080	9.21752
1090	9.25543
74
360	5.25616
370	5.42252
380	5.49837
390	5.61929
400	5.78551
410	5.95172
420	6.0183
430	6.1501
440	6.31677
450	6.48344
460	6.6501
470	6.81677
480	6.98344
490	7.1501
500	7.31677
510	7.48344
520	7.6501
530	7.81677
540	7.98344
550	8.1501
560	8.31677
570	8.36031
580	8.4002
590	8.45653
600	8.54025
610	8.58052
620	8.63834
630	8.6722
640	8.75331
650	8.87826
660	8.87826
670	8.87826
680	8.87826
690	8.87826
700	8.87826
710	8.87415
720	8.87415
730	8.87415
740	8.87415
750	8.87415
760	8.87415
770	8.87415
780	8.87415
790	8.87415
800	8.87415
810	8.87415
820	8.87415
830	8.87415
840	8.87415
850	8.87415
860	8.87415
870	8.87415
880	8.87415
890	8.87415
900	8.87415
910	8.90876
920	8.92777
930	8.92777
940	8.92777
950	8.96237
960	8.96412
970	9.00467
980	9.02634
990	9.04872
1000	9.08893
1010	9.08966
1020	9.13772
1030	9.1432
1040	9.1432
1050	9.14358
1060	9.18864
1070	9.19552
1080	9.22661
1090	9.25201
74
360	5.32927
370	5.44873
380	5.5418
390	5.7004
400	5.86707
410	5.95456
420	6.03947
430	6.1939
440	6.36056
450	6.52723
460	6.6939
470	6.86056
480	7.02723
490	7.1939
500	7.36056
510	7.52723
520	7.6939
530	7.86056
540	8.02723
550	8.1939
560	8.34203
570	8.37454
580	8.40553
590	8.48503
600	8.54754
610	8.58496
620	8.6566
630	8.68322
640	8.78536
650	8.87563
660	8.87563
670	8.87563
680	8.87563
690	8.87563
700	8.87563
710	8.87152
720	8.87152
730	8.87152
740	8.87152
750	8.87152
760	8.87152
770	8.87152
780	8.87152
790	8.87152
800	8.87152
810	8.87152
820	8.87152
830	8.87152
840	8.87152
850	8.87152
860	8.87152
870	8.87152
880	8.87152
890	8.87152
900	8.87263
910	8.92409
920	8.92514
930	8.92514
940	8.92625
950	8.96143
960	8.96383
970	9.00424
980	9.03473
990	9.05691
1000	9.0863
1010	9.091
1020	9.14057
1030	9.14057
1040	9.14057
1050	9.14426
1060	9.19289
1070	9.19344
1080	9.24106
1090	9.25483
74
360	5.39501
370	5.52501
380	5.69168
390	5.85835
400	5.91721
410	6.01438
420	6.17452
430	6.34119
440	6.50786
450	6.67452
460	6.84119
470	7.00786
480	7.17452
490	7.34119
500	7.50786
510	7.67452
520	7.84119
530	8.00786
540	8.17452
550	8.31228
560	8.33813
570	8.37952
580	8.42718
590	8.50228
600	8.56643
610	8.63616
620	8.66224
630	8.75801
640	8.86294
650	8.86294
660	8.86294
670	8.86294
680	8.86294
690	8.86294
700	8.86294
710	8.85884
720	8.85884
730	8.85884
740	8.85884
750	8.85884
760	8.85884
770	8.85884
780	8.85884
790	8.85884
800	8.85884
810	8.85884
820	8.85884
830	8.85884
840	8.85884
850	8.85884
860	8.85884
870	8.85884
880	8.85884
890	8.85884
900	8.88377
910	8.91245
920	8.91245
930	8.91245
940	8.93738
950	8.94874
960	8.97884
970	9.0039
980	9.02812
990	9.07361
1000	9.07361
1010	9.11085
1020	9.12789
1030	9.12789
1040	9.12789
1050	9.16218
1060	9.1802
1070	9.20215
1080	9.23495
1090	9.27213
74
360	5.47988
370	5.64314
380	5.80981
390	5.9175
400	5.99576
410	6.14419
420	6.31086
430	6.47753
440	6.64419
450	6.81086
460	6.97753
470	7.14419
480	7.31086
490	7.47753
500	7.64419
510	7.81086
520	7.97753
530	8.14419
540	8.31068
550	8.35383
560	8.38098
570	8.41395
580	8.48511
590	8.58243
600	8.62278
610	8.67019
620	8.72888
630	8.85905
640	8.89094
650	8.89094
660	8.89094
670	8.89094
680	8.89094
690	8.89094
700	8.89094
710	8.88684
720	8.88684
730	8.88684
740	8.88684
750	8.88684
760	8.88684
770	8.88684
780	8.88684
790	8.88684
800	8.88684
810	8.88684
820	8.88684
830	8.88684
840	8.88684
850	8.88684
860	8.88684
870	8.88684
880	8.88684
890	8.88895
900	8.94045
910	8.94045
920	8.94045
930	8.94257
940	8.97675
950	8.9805
960	9.01956
970	9.05004
980	9.07531
990	9.10161
1000	9.10808
1010	9.15589
1020	9.15589
1030	9.15589
1040	9.16119
1050	9.2082
1060	9.20953
1070	9.26015
1080	9.27225
1090	9.30014
74
360	5.58026
370	5.74693
380	5.91359
390	5.98069
400	6.08888
410	6.25235
420	6.41902
430	6.58568
440	6.75235
450	6.91902
460	7.08568
470	7.25235
480	7.41902
490	7.58568
500	7.75235
510	7.91902
520	8.08568
530	8.25235
540	8.37079
550	8.40758
560	8.45248
570	8.4783
580	8.56809
590	8.63864
600	8.69531
610	8.73076
620	8.80656
630	8.93046
640	8.94456
650	8.94456
660	8.94456
670	8.94456
680	8.94456
690	8.94456
700	8.94456
710	8.94046
720	8.94046
730	8.94046
740	8.94046
750	8.94046
760	8.94046
770	8.94046
780	8.94046
790	8.94046
800	8.94046
810	8.94046
820	8.94046
830	8.94046
840	8.94046
850	8.94046
860	8.94046
870	8.94046
880	8.94046
890	8.94825
900	8.99408
910	8.99408
920	8.99408
930	9.00186
940	9.03037
950	9.0411
960	9.07496
970	9.10375
980	9.14423
990	9.15523
1000	9.17031
1010	9.20951
1020	9.20951
1030	9.20951
1040	9.22276
1050	9.26183
1060	9.26801
1070	9.31633
1080	9.33594
1090	9.35376
74
360	5.72501
370	5.89162
380	5.95407
390	6.04407
400	6.19862
410	6.36529
420	6.53195
430	6.69862
440	6.86529
450	7.03195
460	7.19862
470	7.36529
480	7.53195
490	7.69862
500	7.86529
510	8.03195
520	8.19862
530	8.3584
540	8.40286
550	8.43004
560	8.4696
570	8.5183
580	8.63757
590	8.66425
600	8.72955
610	8.76415
620	8.86932
630	8.95394
640	8.95394
650	8.95394
660	8.95394
670	8.95394
680	8.95394
690	8.95394
700	8.95394
710	8.94984
720	8.94984
730	8.94984
740	8.94984
750	8.94984
760	8.94984
770	8.94984
780	8.94984
790	8.94984
800	8.94984
810	8.94984
820	8.94984
830	8.94984
840	8.94984
850	8.94984
860	8.94984
870	8.94984
880	8.94984
890	8.9778
900	9.00345
910	9.00345
920	9.00345
930	9.03141
940	9.03975
950	9.07295
960	9.09747
970	9.12116
980	9.16461
990	9.16478
1000	9.20502
1010	9.21889
1020	9.21889
1030	9.21892
1040	9.25633
1050	9.2712
1060	9.29611
1070	9.32661
1080	9.36314
1090	9.36314
74
360	5.77825
370	5.84466
380	5.97923
390	6.13608
400	6.30274
410	6.46941
420	6.63608
430	6.80274
440	6.96941
450	7.13608
460	7.30274
470	7.46941
480	7.63608
490	7.80274
500	7.96941
510	8.13608
520	8.25778
530	8.30425
540	8.34151
550	8.38447
560	8.43095
570	8.52217
580	8.56958
590	8.6401
600	8.66944
610	8.7696
620	8.87284
630	8.87284
640	8.87284
650	8.87284
660	8.87284
670	8.87284
680	8.87284
690	8.87284
700	8.87284
710	8.86874
720	8.86874
730	8.86874
740	8.86874
750	8.86874
760	8.86874
770	8.86874
780	8.86874
790	8.86874
800	8.86874
810	8.86874
820	8.86874
830	8.86874
840	8.86874
850	8.86874
860	8.86874
870	8.86874
880	8.87999
890	8.92235
900	8.92235
910	8.92235
920	8.9336
930	8.95864
940	8.97355
950	9.00479
960	9.0325
970	9.08218
980	9.08351
990	9.1037
1000	9.13779
1010	9.13779
1020	9.13779
1030	9.15577
1040	9.1901
1050	9.19933
1060	9.24461
1070	9.27025
1080	9.28203
1090	9.28203
74
360	5.872
370	6.02425
380	6.19092
390	6.35758
400	6.52425
410	6.69092
420	6.85758
430	7.02425
440	7.19092
450	7.35758
460	7.52425
470	7.69092
480	7.85758
490	8.02425
500	8.19092
510	8.31542
520	8.35018
530	8.39304
540	8.444
550	8.47094
560	8.57849
570	8.62612
580	8.69511
590	8.7191
600	8.80862
610	8.93321
620	8.9333
630	8.9333
640	8.9333
650	8.9333
660	8.9333
670	8.9333
680	8.9333
690	8.9333
700	8.9333
710	8.9292
720	8.9292
730	8.9292
740	8.9292
750	8.9292
760	8.9292
770	8.9292
780	8.9292
790	8.9292
800	8.9292
810	8.9292
820	8.9292
830	8.9292
840	8.9292
850	8.9292
860	8.9292
870	8.93039
880	8.98281
890	8.98281
900	8.98281
910	8.984
920	9.01911
930	9.02167
940	9.06188
950	9.09238
960	9.1161
970	9.14397
980	9.149
990	9.19825
1000	9.19825
1010	9.19825
1020	9.2022
1030	9.25056
1040	9.25115
1050	9.30207
1060	9.31302
1070	9.3425
1080	9.3425
1090	9.35679
74
360	5.92558
370	6.0922
380	6.25887
390	6.42553
400	6.5922
410	6.75887
420	6.92553
430	7.0922
440	7.25887
450	7.42553
460	7.5922
470	7.75887
480	7.92553
490	8.0922
500	8.25887
510	8.31466
520	8.36514
530	8.39783
540	8.44258
550	8.48424
560	8.59883
570	8.63205
580	8.70337
590	8.72901
600	8.83266
610	8.93186
620	8.93186
630	8.93186
640	8.93186
650	8.93186
660	8.93186
670	8.93186
680	8.93186
690	8.93186
700	8.93186
710	8.92776
720	8.92776
730	8.92776
740	8.92776
750	8.92776
760	8.92776
770	8.92776
780	8.92776
790	8.92776
800	8.92776
810	8.92776
820	8.92776
830	8.92776
840	8.92776
850	8.92776
860	8.92776
870	8.93354
880	8.98137
890	8.98137
900	8.98137
910	8.98716
920	9.01766
930	9.02614
940	9.06123
950	9.09094
960	9.12864
970	9.14253
980	9.15509
990	9.19681
1000	9.19681
1010	9.19681
1020	9.20764
1030	9.24912
1040	9.25348
1050	9.30363
1060	9.32056
1070	9.34105
1080	9.34105
1090	9.36669
74
360	6.02082
370	6.18749
380	6.35415
390	6.52082
400	6.68749
410	6.85415
420	7.02082
430	7.18749
440	7.35415
450	7.52082
460	7.68749
470	7.85415
480	8.02082
490	8.18749
500	8.31855
510	8.33032
520	8.39317
530	8.42383
540	8.4548
550	8.52436
560	8.6245
570	8.66001
580	8.71002
590	8.76364
600	8.88972
610	8.93643
620	8.93643
630	8.93643
640	8.93643
650	8.93643
660	8.93643
670	8.93643
680	8.93643
690	8.93643
700	8.93643
710	8.93233
720	8.93233
730	8.93233
740	8.93233
750	8.93233
760	8.93233
770	8.93233
780	8.93233
790	8.93233
800	8.93233
810	8.93233
820	8.93233
830	8.93233
840	8.93233
850	8.93233
860	8.93233
870	8.95669
880	8.98594
890	8.98594
900	8.98594
910	9.0103
920	9.02223
930	9.05158
940	9.0772
950	9.10159
960	9.1471
970	9.1471
980	9.18333
990	9.20138
1000	9.20138
1010	9.20138
1020	9.23477
1030	9.25369
1040	9.27517
1050	9.30849
1060	9.34562
1070	9.34562
1080	9.34771
1090	9.40133
