115
1
1090	0.122095
2
1080	0.0960995
1090	0.230917
3
1070	0.0874429
1080	0.244957
1090	0.294197
4
1060	0.0692065
1070	0.216638
1080	0.302734
1090	0.350892
47
630	0.00531811
640	0.00531811
650	0.00531811
660	0.00109683
670	0.00109683
680	0.00109683
690	0.00109683
700	0.00109683
710	0.00109683
720	0.00109683
730	0.00109683
740	0.00109683
750	0.00109683
760	0.00109683
770	0.00109683
780	0.00109683
790	0.00109683
800	0.00109683
810	0.00109683
820	0.00109683
830	0.00109683
840	0.00109683
850	0.00109683
860	0.00109683
870	0.00109683
880	0.00109683
890	0.00109683
900	0.00109683
910	0.00109683
920	0.00109683
930	0.00109683
940	0.00109683
950	0.00109683
960	0.00109683
970	0.00109683
980	0.00109683
990	0.00109683
1000	0.00109683
1010	0.00109683
1020	0.00109683
1030	0.00109683
1040	0.00109683
1050	0.0222248
1060	0.131856
1070	0.281328
1080	0.315106
1090	0.371664
48
620	0.0244108
630	0.0318333
640	0.0318333
650	0.0318333
660	0.027612
670	0.027612
680	0.027612
690	0.027612
700	0.027612
710	0.027612
720	0.027612
730	0.027612
740	0.027612
750	0.027612
760	0.027612
770	0.027612
780	0.027612
790	0.027612
800	0.027612
810	0.027612
820	0.027612
830	0.027612
840	0.027612
850	0.027612
860	0.027612
870	0.027612
880	0.027612
890	0.027612
900	0.027612
910	0.027612
920	0.027612
930	0.027612
940	0.027612
950	0.027612
960	0.027612
970	0.027612
980	0.027612
990	0.027612
1000	0.027612
1010	0.027612
1020	0.027612
1030	0.027612
1040	0.052139
1050	0.145297
1060	0.246808
1070	0.314096
1080	0.364156
1090	0.390709
49
610	0.0223064
620	0.047138
630	0.0545605
640	0.0545605
650	0.0545605
660	0.0503393
670	0.0503393
680	0.0503393
690	0.0503393
700	0.0503393
710	0.0503393
720	0.0503393
730	0.0503393
740	0.0503393
750	0.0503393
760	0.0503393
770	0.0503393
780	0.0503393
790	0.0503393
800	0.0503393
810	0.0503393
820	0.0503393
830	0.0503393
840	0.0503393
850	0.0503393
860	0.0503393
870	0.0503393
880	0.0503393
890	0.0503393
900	0.0503393
910	0.0503393
920	0.0503393
930	0.0503393
940	0.0503393
950	0.0503393
960	0.0503393
970	0.0503393
980	0.0503393
990	0.0503393
1000	0.0503393
1010	0.0503393
1020	0.0503393
1030	0.0655883
1040	0.152419
1050	0.263029
1060	0.311102
1070	0.35809
1080	0.385132
1090	0.417833
50
600	0.0239899
610	0.0488215
620	0.0736532
630	0.0810757
640	0.0810757
650	0.0810757
660	0.0768544
670	0.0768544
680	0.0768544
690	0.0768544
700	0.0768544
710	0.0768544
720	0.0768544
730	0.0768544
740	0.0768544
750	0.0768544
760	0.0768544
770	0.0768544
780	0.0768544
790	0.0768544
800	0.0768544
810	0.0768544
820	0.0768544
830	0.0768544
840	0.0768544
850	0.0768544
860	0.0768544
870	0.0768544
880	0.0768544
890	0.0768544
900	0.0768544
910	0.0768544
920	0.0768544
930	0.0768544
940	0.0768544
950	0.0768544
960	0.0768544
970	0.0768544
980	0.0768544
990	0.0768544
1000	0.0768544
1010	0.0768544
1020	0.0971912
1030	0.187577
1040	0.299451
1050	0.325092
1060	0.377185
1070	0.408415
1080	0.428619
1090	0.475743
51
590	0.0218855
600	0.0467172
610	0.0715488
620	0.0963805
630	0.103803
640	0.103803
650	0.103803
660	0.0995817
670	0.0995817
680	0.0995817
690	0.0995817
700	0.0995817
710	0.0995817
720	0.0995817
730	0.0995817
740	0.0995817
750	0.0995817
760	0.0995817
770	0.0995817
780	0.0995817
790	0.0995817
800	0.0995817
810	0.0995817
820	0.0995817
830	0.0995817
840	0.0995817
850	0.0995817
860	0.0995817
870	0.0995817
880	0.0995817
890	0.0995817
900	0.0995817
910	0.0995817
920	0.0995817
930	0.0995817
940	0.0995817
950	0.0995817
960	0.0995817
970	0.0995817
980	0.0995817
990	0.0995817
1000	0.0995817
1010	0.126318
1020	0.225633
1030	0.293226
1040	0.334778
1050	0.393302
1060	0.418444
1070	0.445855
1080	0.472986
1090	0.506187
52
580	0.023569
590	0.0484007
600	0.0732323
610	0.098064
620	0.122896
630	0.130318
640	0.130318
650	0.130318
660	0.126097
670	0.126097
680	0.126097
690	0.126097
700	0.126097
710	0.126097
720	0.126097
730	0.126097
740	0.126097
750	0.126097
760	0.126097
770	0.126097
780	0.126097
790	0.126097
800	0.126097
810	0.126097
820	0.126097
830	0.126097
840	0.126097
850	0.126097
860	0.126097
870	0.126097
880	0.126097
890	0.126097
900	0.126097
910	0.126097
920	0.126097
930	0.126097
940	0.126097
950	0.126097
960	0.126097
970	0.126097
980	0.126097
990	0.126097
1000	0.152236
1010	0.233197
1020	0.309716
1030	0.337127
1040	0.384746
1050	0.426005
1060	0.463588
1070	0.475353
1080	0.50037
1090	0.530072
53
570	0.0214646
580	0.0462963
590	0.0711279
600	0.0959596
610	0.120791
620	0.145623
630	0.153045
640	0.153045
650	0.153045
660	0.148824
670	0.148824
680	0.148824
690	0.148824
700	0.148824
710	0.148824
720	0.148824
730	0.148824
740	0.148824
750	0.148824
760	0.148824
770	0.148824
780	0.148824
790	0.148824
800	0.148824
810	0.148824
820	0.148824
830	0.148824
840	0.148824
850	0.148824
860	0.148824
870	0.148824
880	0.148824
890	0.148824
900	0.148824
910	0.148824
920	0.148824
930	0.148824
940	0.148824
950	0.148824
960	0.148824
970	0.148824
980	0.148824
990	0.160435
1000	0.243259
1010	0.317276
1020	0.351137
1030	0.386665
1040	0.42758
1050	0.457776
1060	0.492569
1070	0.504178
1080	0.565499
1090	0.585596
54
560	0.0231481
570	0.0479798
580	0.0728114
590	0.0976431
600	0.122475
610	0.147306
620	0.172138
630	0.179561
640	0.179561
650	0.179561
660	0.175339
670	0.175339
680	0.175339
690	0.175339
700	0.175339
710	0.175339
720	0.175339
730	0.175339
740	0.175339
750	0.175339
760	0.175339
770	0.175339
780	0.175339
790	0.175339
800	0.175339
810	0.175339
820	0.175339
830	0.175339
840	0.175339
850	0.175339
860	0.175339
870	0.175339
880	0.175339
890	0.175339
900	0.175339
910	0.175339
920	0.175339
930	0.175339
940	0.175339
950	0.175339
960	0.175339
970	0.175339
980	0.190751
990	0.274648
1000	0.335424
1010	0.371605
1020	0.392075
1030	0.445066
1040	0.471585
1050	0.490134
1060	0.526713
1070	0.573198
1080	0.606601
1090	0.612334
55
550	0.0248316
560	0.0496633
570	0.0744949
580	0.0993266
590	0.124158
600	0.14899
610	0.173822
620	0.198653
630	0.206076
640	0.206076
650	0.206076
660	0.201854
670	0.201854
680	0.201854
690	0.201854
700	0.201854
710	0.201854
720	0.201854
730	0.201854
740	0.201854
750	0.201854
760	0.201854
770	0.201854
780	0.201854
790	0.201854
800	0.201854
810	0.201854
820	0.201854
830	0.201854
840	0.201854
850	0.201854
860	0.201854
870	0.201854
880	0.201854
890	0.201854
900	0.201854
910	0.201854
920	0.201854
930	0.201854
940	0.201854
950	0.201854
960	0.201854
970	0.224786
980	0.324628
990	0.356024
1000	0.385345
1010	0.409189
1020	0.463811
1030	0.493523
1040	0.52343
1050	0.556166
1060	0.576717
1070	0.615044
1080	0.634536
1090	0.647321
56
540	0.0227273
550	0.0475589
560	0.0723906
570	0.0972222
580	0.122054
590	0.146886
600	0.171717
610	0.196549
620	0.22138
630	0.228803
640	0.228803
650	0.228803
660	0.224582
670	0.224582
680	0.224582
690	0.224582
700	0.224582
710	0.224582
720	0.224582
730	0.224582
740	0.224582
750	0.224582
760	0.224582
770	0.224582
780	0.224582
790	0.224582
800	0.224582
810	0.224582
820	0.224582
830	0.224582
840	0.224582
850	0.224582
860	0.224582
870	0.224582
880	0.224582
890	0.224582
900	0.224582
910	0.224582
920	0.224582
930	0.224582
940	0.224582
950	0.224582
960	0.244181
970	0.3267
980	0.367679
990	0.387246
1000	0.408159
1010	0.457637
1020	0.495241
1030	0.521459
1040	0.54466
1050	0.584409
1060	0.612911
1070	0.641611
1080	0.651228
1090	0.6725
57
530	0.0244108
540	0.0492424
550	0.0740741
560	0.0989057
570	0.123737
580	0.148569
590	0.173401
600	0.198232
610	0.223064
620	0.247896
630	0.255318
640	0.255318
650	0.255318
660	0.251097
670	0.251097
680	0.251097
690	0.251097
700	0.251097
710	0.251097
720	0.251097
730	0.251097
740	0.251097
750	0.251097
760	0.251097
770	0.251097
780	0.251097
790	0.251097
800	0.251097
810	0.251097
820	0.251097
830	0.251097
840	0.251097
850	0.251097
860	0.251097
870	0.251097
880	0.251097
890	0.251097
900	0.251097
910	0.251097
920	0.251097
930	0.251097
940	0.251097
950	0.274095
960	0.343338
970	0.385042
980	0.409476
990	0.436055
1000	0.497115
1010	0.528195
1020	0.535098
1030	0.565738
1040	0.609917
1050	0.637145
1060	0.657248
1070	0.675745
1080	0.679964
1090	0.711016
58
520	0.0223064
530	0.047138
540	0.0719697
550	0.0968013
560	0.121633
570	0.146465
580	0.171296
590	0.196128
600	0.22096
610	0.245791
620	0.270623
630	0.278045
640	0.278045
650	0.278045
660	0.273824
670	0.273824
680	0.273824
690	0.273824
700	0.273824
710	0.273824
720	0.273824
730	0.273824
740	0.273824
750	0.273824
760	0.273824
770	0.273824
780	0.273824
790	0.273824
800	0.273824
810	0.273824
820	0.273824
830	0.273824
840	0.273824
850	0.273824
860	0.273824
870	0.273824
880	0.273824
890	0.273824
900	0.273824
910	0.273824
920	0.273824
930	0.273824
940	0.295359
950	0.376538
960	0.403683
970	0.428613
980	0.452641
990	0.511585
1000	0.536925
1010	0.562076
1020	0.59099
1030	0.608549
1040	0.644282
1050	0.660223
1060	0.68121
1070	0.699025
1080	0.716217
1090	0.765517
59
510	0.0239899
520	0.0488215
530	0.0736532
540	0.0984848
550	0.123316
560	0.148148
570	0.17298
580	0.197811
590	0.222643
600	0.247475
610	0.272306
620	0.297138
630	0.304561
640	0.304561
650	0.304561
660	0.300339
670	0.300339
680	0.300339
690	0.300339
700	0.300339
710	0.300339
720	0.300339
730	0.300339
740	0.300339
750	0.300339
760	0.300339
770	0.300339
780	0.300339
790	0.300339
800	0.300339
810	0.300339
820	0.300339
830	0.300339
840	0.300339
850	0.300339
860	0.300339
870	0.300339
880	0.300339
890	0.300339
900	0.300339
910	0.300339
920	0.300339
930	0.321117
940	0.378994
950	0.420729
960	0.451802
970	0.481897
980	0.512652
990	0.552635
1000	0.585462
1010	0.611358
1020	0.626295
1030	0.64092
1040	0.667011
1050	0.68446
1060	0.708039
1070	0.766435
1080	0.862062
1090	0.88839
60
500	0.0218855
510	0.0467172
520	0.0715488
530	0.0963805
540	0.121212
550	0.146044
560	0.170875
570	0.195707
580	0.220539
590	0.24537
600	0.270202
610	0.295034
620	0.319865
630	0.327288
640	0.327288
650	0.327288
660	0.323067
670	0.323067
680	0.323067
690	0.323067
700	0.323067
710	0.323067
720	0.323067
730	0.323067
740	0.323067
750	0.323067
760	0.323067
770	0.323067
780	0.323067
790	0.323067
800	0.323067
810	0.323067
820	0.323067
830	0.323067
840	0.323067
850	0.323067
860	0.323067
870	0.323067
880	0.323067
890	0.323067
900	0.323067
910	0.323067
920	0.34063
930	0.410039
940	0.43872
950	0.464321
960	0.48756
970	0.515373
980	0.567838
990	0.601579
1000	0.632479
1010	0.641035
1020	0.651001
1030	0.677999
1040	0.693858
1050	0.733006
1060	0.839633
1070	0.87467
1080	0.902604
1090	0.924709
61
490	0.023569
500	0.0484007
510	0.0732323
520	0.098064
530	0.122896
540	0.147727
550	0.172559
560	0.197391
570	0.222222
580	0.247054
590	0.271886
600	0.296717
610	0.321549
620	0.34638
630	0.353803
640	0.353803
650	0.353803
660	0.349582
670	0.349582
680	0.349582
690	0.349582
700	0.349582
710	0.349582
720	0.349582
730	0.349582
740	0.349582
750	0.349582
760	0.349582
770	0.349582
780	0.349582
790	0.349582
800	0.349582
810	0.349582
820	0.349582
830	0.349582
840	0.349582
850	0.349582
860	0.349582
870	0.349582
880	0.349582
890	0.349582
900	0.349582
910	0.358709
920	0.427887
930	0.465125
940	0.49188
950	0.510675
960	0.537509
970	0.5965
980	0.627134
990	0.63841
1000	0.659468
1010	0.669709
1020	0.683774
1030	0.713645
1040	0.791663
1050	0.811862
1060	0.859223
1070	0.891577
1080	0.91047
1090	0.936184
62
480	0.0214646
490	0.0462963
500	0.0711279
510	0.0959596
520	0.120791
530	0.145623
540	0.170455
550	0.195286
560	0.220118
570	0.244949
580	0.269781
590	0.294613
600	0.319444
610	0.344276
620	0.369108
630	0.37653
640	0.37653
650	0.37653
660	0.372309
670	0.372309
680	0.372309
690	0.372309
700	0.372309
710	0.372309
720	0.372309
730	0.372309
740	0.372309
750	0.372309
760	0.372309
770	0.372309
780	0.372309
790	0.372309
800	0.372309
810	0.372309
820	0.372309
830	0.372309
840	0.372309
850	0.372309
860	0.372309
870	0.372309
880	0.372309
890	0.372309
900	0.378101
910	0.444348
920	0.472337
930	0.507341
940	0.548103
950	0.590843
960	0.615744
970	0.63867
980	0.65532
990	0.664092
1000	0.682833
1010	0.732047
1020	0.782337
1030	0.792253
1040	0.813833
1050	0.844342
1060	0.877706
1070	0.907487
1080	0.933228
1090	0.961965
63
470	0.0231481
480	0.0479798
490	0.0728114
500	0.0976431
510	0.122475
520	0.147306
530	0.172138
540	0.19697
550	0.221801
560	0.246633
570	0.271465
580	0.296296
590	0.321128
600	0.34596
610	0.370791
620	0.395623
630	0.403045
640	0.403045
650	0.403045
660	0.398824
670	0.398824
680	0.398824
690	0.398824
700	0.398824
710	0.398824
720	0.398824
730	0.398824
740	0.398824
750	0.398824
760	0.398824
770	0.398824
780	0.398824
790	0.398824
800	0.398824
810	0.398824
820	0.398824
830	0.398824
840	0.398824
850	0.398824
860	0.398824
870	0.398824
880	0.398824
890	0.405884
900	0.464983
910	0.496004
920	0.526637
930	0.571908
940	0.608393
950	0.622021
960	0.642439
970	0.666054
980	0.682382
990	0.706797
1000	0.770995
1010	0.807653
1020	0.818997
1030	0.830245
1040	0.871723
1050	0.895622
1060	0.925856
1070	0.948802
1080	0.984188
1090	1.09174
64
460	0.0248316
470	0.0496633
480	0.0744949
490	0.0993266
500	0.124158
510	0.14899
520	0.173822
530	0.198653
540	0.223485
550	0.248316
560	0.273148
570	0.29798
580	0.322811
590	0.347643
600	0.372475
610	0.397306
620	0.422138
630	0.429561
640	0.429561
650	0.429561
660	0.425339
670	0.425339
680	0.425339
690	0.425339
700	0.425339
710	0.425339
720	0.425339
730	0.425339
740	0.425339
750	0.425339
760	0.425339
770	0.425339
780	0.425339
790	0.425339
800	0.425339
810	0.425339
820	0.425339
830	0.425339
840	0.425339
850	0.425339
860	0.425339
870	0.425339
880	0.43264
890	0.492095
900	0.520158
910	0.551221
920	0.603438
930	0.632622
940	0.640704
950	0.658651
960	0.684261
970	0.701634
980	0.769371
990	0.789365
1000	0.809028
1010	0.839046
1020	0.856387
1030	0.895627
1040	0.932367
1050	0.944876
1060	0.966878
1070	1.02178
1080	1.16517
1090	1.33184
65
450	0.0227273
460	0.0475589
470	0.0723906
480	0.0972222
490	0.122054
500	0.146886
510	0.171717
520	0.196549
530	0.22138
540	0.246212
550	0.271044
560	0.295875
570	0.320707
580	0.345539
590	0.37037
600	0.395202
610	0.420034
620	0.444865
630	0.452288
640	0.452288
650	0.452288
660	0.448067
670	0.448067
680	0.448067
690	0.448067
700	0.448067
710	0.448067
720	0.448067
730	0.448067
740	0.448067
750	0.448067
760	0.448067
770	0.448067
780	0.448067
790	0.448067
800	0.448067
810	0.448067
820	0.448067
830	0.448067
840	0.448067
850	0.448067
860	0.448067
870	0.454793
880	0.509506
890	0.535843
900	0.559937
910	0.610139
920	0.63929
930	0.656459
940	0.675108
950	0.697599
960	0.755765
970	0.792141
980	0.801762
990	0.817257
1000	0.86246
1010	0.889428
1020	0.905754
1030	0.931908
1040	0.955925
1050	1.01846
1060	1.15657
1070	1.32324
1080	1.4899
1090	1.65657
66
440	0.0244108
450	0.0492424
460	0.0740741
470	0.0989057
480	0.123737
490	0.148569
500	0.173401
510	0.198232
520	0.223064
530	0.247896
540	0.272727
550	0.297559
560	0.322391
570	0.347222
580	0.372054
590	0.396886
600	0.421717
610	0.446549
620	0.47138
630	0.478803
640	0.478803
650	0.478803
660	0.474582
670	0.474582
680	0.474582
690	0.474582
700	0.474582
710	0.474582
720	0.474582
730	0.474582
740	0.474582
750	0.474582
760	0.474582
770	0.474582
780	0.474582
790	0.474582
800	0.474582
810	0.474582
820	0.474582
830	0.474582
840	0.474582
850	0.474582
860	0.480914
870	0.53138
880	0.550985
890	0.59998
900	0.629482
910	0.648595
920	0.668732
930	0.691309
940	0.713548
950	0.766133
960	0.798031
970	0.818656
980	0.846019
990	0.874235
1000	0.903563
1010	0.936479
1020	0.951427
1030	0.995252
1040	1.05424
1050	1.18399
1060	1.35065
1070	1.51732
1080	1.68399
1090	1.85065
67
430	0.0223064
440	0.047138
450	0.0719697
460	0.0968013
470	0.121633
480	0.146465
490	0.171296
500	0.196128
510	0.22096
520	0.245791
530	0.270623
540	0.295455
550	0.320286
560	0.345118
570	0.369949
580	0.394781
590	0.419613
600	0.444444
610	0.469276
620	0.494108
630	0.50153
640	0.50153
650	0.50153
660	0.497309
670	0.497309
680	0.497309
690	0.497309
700	0.497309
710	0.497309
720	0.497309
730	0.497309
740	0.497309
750	0.497309
760	0.497309
770	0.497309
780	0.497309
790	0.497309
800	0.497309
810	0.497309
820	0.497309
830	0.497309
840	0.497309
850	0.501126
860	0.547141
870	0.584735
880	0.616041
890	0.631972
900	0.652899
910	0.680916
920	0.712491
930	0.742109
940	0.778456
950	0.809587
960	0.824211
970	0.866743
980	0.895222
990	0.91312
1000	0.941391
1010	0.965391
1020	1.02092
1030	1.13054
1040	1.29187
1050	1.45854
1060	1.6252
1070	1.79187
1080	1.95854
1090	2.1252
68
420	0.0239899
430	0.0488215
440	0.0736532
450	0.0984848
460	0.123316
470	0.148148
480	0.17298
490	0.197811
500	0.222643
510	0.247475
520	0.272306
530	0.297138
540	0.32197
550	0.346801
560	0.371633
570	0.396465
580	0.421296
590	0.446128
600	0.47096
610	0.495791
620	0.520623
630	0.528045
640	0.528045
650	0.528045
660	0.523824
670	0.523824
680	0.523824
690	0.523824
700	0.523824
710	0.523824
720	0.523824
730	0.523824
740	0.523824
750	0.523824
760	0.523824
770	0.523824
780	0.523824
790	0.523824
800	0.523824
810	0.523824
820	0.523824
830	0.523824
840	0.52778
850	0.57698
860	0.609389
870	0.632492
880	0.65588
890	0.674882
900	0.703644
910	0.732314
920	0.774218
930	0.802499
940	0.822128
950	0.839583
960	0.899631
970	0.913988
980	0.934162
990	0.959963
1000	0.979216
1010	1.06977
1020	1.22901
1030	1.39568
1040	1.56234
1050	1.72901
1060	1.89568
1070	2.06234
1080	2.22901
1090	2.39568
69
410	0.0218855
420	0.0467172
430	0.0715488
440	0.0963805
450	0.121212
460	0.146044
470	0.170875
480	0.195707
490	0.220539
500	0.24537
510	0.270202
520	0.295034
530	0.319865
540	0.344697
550	0.369529
560	0.39436
570	0.419192
580	0.444024
590	0.468855
600	0.493687
610	0.518519
620	0.54335
630	0.550773
640	0.550773
650	0.550773
660	0.546551
670	0.546551
680	0.546551
690	0.546551
700	0.546551
710	0.546551
720	0.546551
730	0.546551
740	0.546551
750	0.546551
760	0.546551
770	0.546551
780	0.546551
790	0.546551
800	0.546551
810	0.546551
820	0.546551
830	0.547891
840	0.599103
850	0.623709
860	0.650377
870	0.673117
880	0.698199
890	0.723267
900	0.76815
910	0.797812
920	0.810967
930	0.837707
940	0.878796
950	0.911543
960	0.939098
970	0.946843
980	0.983734
990	1.04069
1000	1.18114
1010	1.34781
1020	1.51448
1030	1.68114
1040	1.84781
1050	2.01448
1060	2.18114
1070	2.34781
1080	2.51448
1090	2.68114
70
400	0.023569
410	0.0484007
420	0.0732323
430	0.098064
440	0.122896
450	0.147727
460	0.172559
470	0.197391
480	0.222222
490	0.247054
500	0.271886
510	0.296717
520	0.321549
530	0.34638
540	0.371212
550	0.396044
560	0.420875
570	0.445707
580	0.470539
590	0.49537
600	0.520202
610	0.545034
620	0.569865
630	0.577288
640	0.577288
650	0.577288
660	0.573067
670	0.573067
680	0.573067
690	0.573067
700	0.573067
710	0.573067
720	0.573067
730	0.573067
740	0.573067
750	0.573067
760	0.573067
770	0.573067
780	0.573067
790	0.573067
800	0.573067
810	0.573067
820	0.57424
830	0.625537
840	0.644031
850	0.672716
860	0.702897
870	0.730656
880	0.755931
890	0.790923
900	0.807973
910	0.8252
920	0.873497
930	0.901735
940	0.921307
950	0.941529
960	0.966421
970	1.01593
980	1.13112
990	1.29512
1000	1.46178
1010	1.62845
1020	1.79512
1030	1.96178
1040	2.12845
1050	2.29512
1060	2.46178
1070	2.62845
1080	2.79512
1090	2.96178
71
390	0.0214646
400	0.0462963
410	0.0711279
420	0.0959596
430	0.120791
440	0.145623
450	0.170455
460	0.195286
470	0.220118
480	0.244949
490	0.269781
500	0.294613
510	0.319444
520	0.344276
530	0.369108
540	0.393939
550	0.418771
560	0.443603
570	0.468434
580	0.493266
590	0.518098
600	0.542929
610	0.567761
620	0.592593
630	0.600015
640	0.600015
650	0.600015
660	0.595794
670	0.595794
680	0.595794
690	0.595794
700	0.595794
710	0.595794
720	0.595794
730	0.595794
740	0.595794
750	0.595794
760	0.595794
770	0.595794
780	0.595794
790	0.595794
800	0.595794
810	0.595794
820	0.629855
830	0.667575
840	0.695368
850	0.715262
860	0.742976
870	0.773271
880	0.804086
890	0.820836
900	0.838362
910	0.894632
920	0.914493
930	0.925363
940	0.946051
950	0.971619
960	1.03156
970	1.17418
980	1.34084
990	1.50751
1000	1.67418
1010	1.84084
1020	2.00751
1030	2.17418
1040	2.34084
1050	2.50751
1060	2.67418
1070	2.84084
1080	3.00751
1090	3.17418
72
380	0.0231481
390	0.0479798
400	0.0728114
410	0.0976431
420	0.122475
430	0.147306
440	0.172138
450	0.19697
460	0.221801
470	0.246633
480	0.271465
490	0.296296
500	0.321128
510	0.34596
520	0.370791
530	0.395623
540	0.420455
550	0.445286
560	0.470118
570	0.494949
580	0.519781
590	0.544613
600	0.569444
610	0.594276
620	0.619108
630	0.62653
640	0.62653
650	0.62653
660	0.622309
670	0.622309
680	0.622309
690	0.622309
700	0.622309
710	0.622309
720	0.622309
730	0.622309
740	0.622309
750	0.622309
760	0.622309
770	0.622309
780	0.622309
790	0.622309
800	0.622309
810	0.659451
820	0.687767
830	0.711445
840	0.733374
850	0.772937
860	0.802982
870	0.825438
880	0.844082
890	0.871545
900	0.919025
910	0.947489
920	0.951018
930	0.978165
940	1.00189
950	1.06463
960	1.17916
970	1.34481
980	1.51148
990	1.67814
1000	1.84481
1010	2.01148
1020	2.17814
1030	2.34481
1040	2.51148
1050	2.67814
1060	2.84481
1070	3.01148
1080	3.17814
1090	3.34481
73
370	0.0210438
380	0.0458754
390	0.0707071
400	0.0955387
410	0.12037
420	0.145202
430	0.170034
440	0.194865
450	0.219697
460	0.244529
470	0.26936
480	0.294192
490	0.319024
500	0.343855
510	0.368687
520	0.393519
530	0.41835
540	0.443182
550	0.468013
560	0.492845
570	0.517677
580	0.542508
590	0.56734
600	0.592172
610	0.617003
620	0.641835
630	0.649258
640	0.649258
650	0.649258
660	0.645036
670	0.645036
680	0.645036
690	0.645036
700	0.645036
710	0.645036
720	0.645036
730	0.645036
740	0.645036
750	0.645036
760	0.645036
770	0.645036
780	0.645036
790	0.645036
800	0.67085
810	0.704244
820	0.722051
830	0.746081
840	0.78755
850	0.811865
860	0.828705
870	0.85098
880	0.90376
890	0.934704
900	0.965885
910	0.98401
920	1.00207
930	1.02327
940	1.14713
950	1.30679
960	1.47346
970	1.64013
980	1.80679
990	1.97346
1000	2.14013
1010	2.30679
1020	2.47346
1030	2.64013
1040	2.80679
1050	2.97346
1060	3.14013
1070	3.30679
1080	3.47346
1090	3.64013
74
360	0
370	0.0248316
380	0.0496633
390	0.0744949
400	0.0993266
410	0.124158
420	0.14899
430	0.173822
440	0.198653
450	0.223485
460	0.248316
470	0.273148
480	0.29798
490	0.322811
500	0.347643
510	0.372475
520	0.397306
530	0.422138
540	0.44697
550	0.471801
560	0.496633
570	0.521465
580	0.546296
590	0.571128
600	0.59596
610	0.620791
620	0.645623
630	0.653045
640	0.653045
650	0.653045
660	0.648824
670	0.648824
680	0.648824
690	0.648824
700	0.648824
710	0.648824
720	0.648824
730	0.648824
740	0.648824
750	0.648824
760	0.648824
770	0.648824
780	0.648824
790	0.648824
800	0.679372
810	0.712639
820	0.727517
830	0.750465
840	0.793293
850	0.815663
860	0.835827
870	0.858459
880	0.912022
890	0.947599
900	0.97064
910	0.993821
920	1.00961
930	1.03179
940	1.14713
950	1.30679
960	1.47346
970	1.64013
980	1.80679
990	1.97346
1000	2.14013
1010	2.30679
1020	2.47346
1030	2.64013
1040	2.80679
1050	2.97346
1060	3.14013
1070	3.30679
1080	3.47346
1090	3.64013
74
360	0.0530303
370	0.077862
380	0.102694
390	0.127525
400	0.152357
410	0.177189
420	0.20202
430	0.226852
440	0.251684
450	0.276515
460	0.301347
470	0.326178
480	0.35101
490	0.375842
500	0.400673
510	0.425505
520	0.450337
530	0.475168
540	0.5
550	0.524832
560	0.549663
570	0.574495
580	0.599327
590	0.624158
600	0.64899
610	0.673822
620	0.698653
630	0.706076
640	0.706076
650	0.706076
660	0.701854
670	0.701854
680	0.701854
690	0.701854
700	0.701854
710	0.701854
720	0.701854
730	0.701854
740	0.701854
750	0.701854
760	0.701854
770	0.701854
780	0.725713
790	0.751358
800	0.778825
810	0.806549
820	0.833354
830	0.863628
840	0.897515
850	0.933635
860	0.963537
870	0.977376
880	0.996403
890	1.02445
900	1.05617
910	1.08705
920	1.21939
930	1.37523
940	1.54189
950	1.70856
960	1.87523
970	2.04189
980	2.20856
990	2.37523
1000	2.54189
1010	2.70856
1020	2.87523
1030	3.04189
1040	3.20856
1050	3.37523
1060	3.54189
1070	3.70856
1080	3.87523
1090	4.04189
74
360	0.106061
370	0.130892
380	0.155724
390	0.180556
400	0.205387
410	0.230219
420	0.255051
430	0.279882
440	0.304714
450	0.329545
460	0.354377
470	0.379209
480	0.40404
490	0.428872
500	0.453704
510	0.478535
520	0.503367
530	0.528199
540	0.55303
550	0.577862
560	0.602694
570	0.627525
580	0.652357
590	0.677189
600	0.70202
610	0.726852
620	0.751684
630	0.759106
640	0.759106
650	0.759106
660	0.754885
670	0.754885
680	0.754885
690	0.754885
700	0.754885
710	0.754885
720	0.754885
730	0.754885
740	0.754885
750	0.754885
760	0.785789
770	0.808991
780	0.833873
790	0.857686
800	0.891744
810	0.916893
820	0.952055
830	0.975175
840	0.989687
850	1.01348
860	1.05264
870	1.0827
880	1.11025
890	1.12975
900	1.197
910	1.33315
920	1.49982
930	1.66649
940	1.83315
950	1.99982
960	2.16649
970	2.33315
980	2.49982
990	2.66649
1000	2.83315
1010	2.99982
1020	3.16649
1030	3.33315
1040	3.49982
1050	3.66649
1060	3.83315
1070	3.99982
1080	4.16649
1090	4.33315
74
360	0.159091
370	0.183923
380	0.208754
390	0.233586
400	0.258418
410	0.283249
420	0.308081
430	0.332912
440	0.357744
450	0.382576
460	0.407407
470	0.432239
480	0.457071
490	0.481902
500	0.506734
510	0.531566
520	0.556397
530	0.581229
540	0.606061
550	0.630892
560	0.655724
570	0.680556
580	0.705387
590	0.730219
600	0.755051
610	0.779882
620	0.804714
630	0.812136
640	0.812136
650	0.812136
660	0.807915
670	0.807915
680	0.807915
690	0.807915
700	0.807915
710	0.807915
720	0.807915
730	0.807915
740	0.832573
750	0.858705
760	0.884074
770	0.921087
780	0.945081
790	0.970996
800	0.98361
810	1.00798
820	1.05515
830	1.07515
840	1.10637
850	1.12218
860	1.16762
870	1.31388
880	1.48055
890	1.64721
900	1.81388
910	1.98055
920	2.14721
930	2.31388
940	2.48055
950	2.64721
960	2.81388
970	2.98055
980	3.14721
990	3.31388
1000	3.48055
1010	3.64721
1020	3.81388
1030	3.98055
1040	4.14721
1050	4.31388
1060	4.48055
1070	4.64721
1080	4.81388
1090	4.98055
74
360	0.212121
370	0.236953
380	0.261785
390	0.286616
400	0.311448
410	0.336279
420	0.361111
430	0.385943
440	0.410774
450	0.435606
460	0.460438
470	0.485269
480	0.510101
490	0.534933
500	0.559764
510	0.584596
520	0.609428
530	0.634259
540	0.659091
550	0.683923
560	0.708754
570	0.733586
580	0.758418
590	0.783249
600	0.808081
610	0.832912
620	0.857744
630	0.865167
640	0.865167
650	0.865167
660	0.860945
670	0.860945
680	0.860945
690	0.860945
700	0.860945
710	0.860945
720	0.879561
730	0.903025
740	0.934532
750	0.964232
760	0.980483
770	1.01853
780	1.04435
790	1.08136
800	1.0914
810	1.11835
820	1.21153
830	1.36868
840	1.53534
850	1.70201
860	1.86868
870	2.03534
880	2.20201
890	2.36868
900	2.53534
910	2.70201
920	2.86868
930	3.03534
940	3.20201
950	3.36868
960	3.53534
970	3.70201
980	3.86868
990	4.03534
1000	4.20201
1010	4.36868
1020	4.53534
1030	4.70201
1040	4.86868
1050	5.03534
1060	5.20201
1070	5.36868
1080	5.53534
1090	5.70201
74
360	0.265152
370	0.289983
380	0.314815
390	0.339646
400	0.364478
410	0.38931
420	0.414141
430	0.438973
440	0.463805
450	0.488636
460	0.513468
470	0.5383
480	0.563131
490	0.587963
500	0.612795
510	0.637626
520	0.662458
530	0.68729
540	0.712121
550	0.736953
560	0.761785
570	0.786616
580	0.811448
590	0.836279
600	0.861111
610	0.885943
620	0.910774
630	0.918197
640	0.918197
650	0.918197
660	0.913976
670	0.913976
680	0.913976
690	0.913976
700	0.930447
710	0.95423
720	0.980553
730	1.00419
740	1.0432
750	1.06402
760	1.08779
770	1.11328
780	1.14193
790	1.2472
800	1.41064
810	1.57731
820	1.74397
830	1.91064
840	2.07731
850	2.24397
860	2.41064
870	2.57731
880	2.74397
890	2.91064
900	3.07731
910	3.24397
920	3.41064
930	3.57731
940	3.74397
950	3.91064
960	4.07731
970	4.24397
980	4.41064
990	4.57731
1000	4.74397
1010	4.91064
1020	5.07731
1030	5.24397
1040	5.41064
1050	5.57731
1060	5.74397
1070	5.91064
1080	6.07731
1090	6.24397
74
360	0.318182
370	0.343013
380	0.367845
390	0.392677
400	0.417508
410	0.44234
420	0.467172
430	0.492003
440	0.516835
450	0.541667
460	0.566498
470	0.59133
480	0.616162
490	0.640993
500	0.665825
510	0.690657
520	0.715488
530	0.74032
540	0.765152
550	0.789983
560	0.814815
570	0.839646
580	0.864478
590	0.88931
600	0.914141
610	0.938973
620	0.963805
630	0.971227
640	0.971227
650	0.971227
660	0.967006
670	0.967006
680	0.978363
690	0.999951
700	1.01965
710	1.06511
720	1.09054
730	1.10511
740	1.14835
750	1.23364
760	1.3849
770	1.54073
780	1.59855
790	1.72544
800	1.89194
810	2.0586
820	2.22527
830	2.39194
840	2.5586
850	2.72527
860	2.89194
870	3.0586
880	3.22527
890	3.39194
900	3.5586
910	3.72527
920	3.89194
930	4.0586
940	4.22527
950	4.39194
960	4.5586
970	4.72527
980	4.89194
990	5.0586
1000	5.22527
1010	5.39194
1020	5.5586
1030	5.72527
1040	5.89194
1050	6.0586
1060	6.22527
1070	6.39194
1080	6.5586
1090	6.72527
74
360	0.371212
370	0.396044
380	0.420875
390	0.445707
400	0.470539
410	0.49537
420	0.520202
430	0.545034
440	0.569865
450	0.594697
460	0.619529
470	0.64436
480	0.669192
490	0.694024
500	0.718855
510	0.743687
520	0.768519
530	0.79335
540	0.818182
550	0.843013
560	0.867845
570	0.892677
580	0.917508
590	0.94234
600	0.967172
610	0.992003
620	1.01684
630	1.02426
640	1.02426
650	1.03227
660	1.02155
670	1.03343
680	1.06528
690	1.11043
700	1.1338
710	1.19298
720	1.26416
730	1.4257
740	1.59237
750	1.75904
760	1.9257
770	2.09237
780	2.25904
790	2.4257
800	2.59237
810	2.75904
820	2.9257
830	3.09237
840	3.25904
850	3.4257
860	3.59237
870	3.75904
880	3.9257
890	4.09237
900	4.25904
910	4.4257
920	4.59237
930	4.75904
940	4.9257
950	5.09237
960	5.25904
970	5.4257
980	5.59237
990	5.75904
1000	5.9257
1010	6.09237
1020	6.25904
1030	6.4257
1040	6.59237
1050	6.75904
1060	6.9257
1070	7.09237
1080	7.25904
1090	7.4257
74
360	0.424242
370	0.449074
380	0.473906
390	0.498737
400	0.523569
410	0.548401
420	0.573232
430	0.598064
440	0.622896
450	0.647727
460	0.672559
470	0.697391
480	0.722222
490	0.747054
500	0.771886
510	0.796717
520	0.821549
530	0.84638
540	0.871212
550	0.896044
560	0.920875
570	0.945707
580	0.970539
590	0.99537
600	1.0202
610	1.04503
620	1.06987
630	1.085
640	1.1131
650	1.12492
660	1.12712
670	1.16437
680	1.29102
690	1.3608
700	1.48442
710	1.6507
720	1.81737
730	1.98404
740	2.1507
750	2.31737
760	2.48404
770	2.6507
780	2.81737
790	2.98404
800	3.1507
810	3.31737
820	3.48404
830	3.6507
840	3.81737
850	3.98404
860	4.1507
870	4.31737
880	4.48404
890	4.6507
900	4.81737
910	4.98404
920	5.1507
930	5.31737
940	5.48404
950	5.6507
960	5.81737
970	5.98404
980	6.1507
990	6.31737
1000	6.48404
1010	6.6507
1020	6.81737
1030	6.98404
1040	7.1507
1050	7.31737
1060	7.48404
1070	7.6507
1080	7.81737
1090	7.98404
74
360	0.477273
370	0.502104
380	0.526936
390	0.551768
400	0.576599
410	0.601431
420	0.626263
430	0.651094
440	0.675926
450	0.700758
460	0.725589
470	0.750421
480	0.775253
490	0.800084
500	0.824916
510	0.849747
520	0.874579
530	0.899411
540	0.924242
550	0.949074
560	0.973906
570	0.998737
580	1.02357
590	1.0484
600	1.07323
610	1.10459
620	1.12781
630	1.14956
640	1.21102
650	1.35478
660	1.52144
670	1.68811
680	1.85478
690	2.02144
700	2.18811
710	2.35478
720	2.52144
730	2.68811
740	2.85478
750	3.02144
760	3.18811
770	3.35478
780	3.52144
790	3.68811
800	3.85478
810	4.02144
820	4.18811
830	4.35478
840	4.52144
850	4.68811
860	4.85478
870	5.02144
880	5.18811
890	5.35478
900	5.52144
910	5.68811
920	5.85478
930	6.02144
940	6.18811
950	6.35478
960	6.52144
970	6.68811
980	6.85478
990	7.02144
1000	7.18811
1010	7.35478
1020	7.52144
1030	7.68811
1040	7.85478
1050	8.02144
1060	8.18811
1070	8.35478
1080	8.52144
1090	8.68811
74
360	0.530303
370	0.555135
380	0.579966
390	0.604798
400	0.62963
410	0.654461
420	0.679293
430	0.704125
440	0.728956
450	0.753788
460	0.77862
470	0.803451
480	0.828283
490	0.853114
500	0.877946
510	0.902778
520	0.927609
530	0.952441
540	0.977273
550	1.0021
560	1.02694
570	1.05177
580	1.0766
590	1.126
600	1.18033
610	1.28586
620	1.45019
630	1.55285
640	1.66601
650	1.8318
660	1.99847
670	2.16514
680	2.3318
690	2.49847
700	2.66514
710	2.8318
720	2.99847
730	3.15999
740	3.21771
750	3.3549
760	3.52157
770	3.68824
780	3.8549
790	4.02157
800	4.18824
810	4.3549
820	4.52157
830	4.68824
840	4.8549
850	5.02157
860	5.18824
870	5.3549
880	5.52157
890	5.68824
900	5.8549
910	6.02157
920	6.18824
930	6.3549
940	6.52157
950	6.68824
960	6.8549
970	7.02157
980	7.18824
990	7.3549
1000	7.52157
1010	7.68824
1020	7.8549
1030	8.02157
1040	8.18824
1050	8.3549
1060	8.52157
1070	8.68824
1080	8.8549
1090	8.92936
74
360	0.583333
370	0.608165
380	0.632997
390	0.657828
400	0.68266
410	0.707492
420	0.732323
430	0.757155
440	0.781987
450	0.806818
460	0.83165
470	0.856481
480	0.881313
490	0.906145
500	0.930976
510	0.955808
520	0.98064
530	1.00547
540	1.0303
550	1.05513
560	1.08
570	1.16032
580	1.3106
590	1.41097
600	1.51173
610	1.67412
620	1.84079
630	2.00745
640	2.17412
650	2.34079
660	2.50745
670	2.67412
680	2.84079
690	2.94285
700	3.01729
710	3.16495
720	3.33162
730	3.49829
740	3.66495
750	3.83162
760	3.99829
770	4.16495
780	4.33162
790	4.49829
800	4.66495
810	4.83162
820	4.99829
830	5.16495
840	5.33162
850	5.49829
860	5.66495
870	5.83162
880	5.99829
890	6.16495
900	6.33162
910	6.49829
920	6.66495
930	6.83162
940	6.99829
950	7.16495
960	7.33162
970	7.49829
980	7.66495
990	7.83162
1000	7.99829
1010	8.16495
1020	8.33162
1030	8.49829
1040	8.6563
1050	8.72262
1060	8.8425
1070	8.93659
1080	9.05984
1090	9.10799
74
360	0.636364
370	0.661195
380	0.686027
390	0.710859
400	0.73569
410	0.760522
420	0.785354
430	0.810185
440	0.835017
450	0.859848
460	0.88468
470	0.909512
480	0.934343
490	0.959175
500	0.984007
510	1.00884
520	1.03367
530	1.0585
540	1.08392
550	1.15278
560	1.27305
570	1.36241
580	1.51967
590	1.68634
600	1.85301
610	2.01967
620	2.18634
630	2.35301
640	2.51967
650	2.68634
660	2.82092
670	2.89444
680	3.03787
690	3.20454
700	3.3712
710	3.53787
720	3.70454
730	3.8712
740	4.03787
750	4.20454
760	4.3712
770	4.53787
780	4.70454
790	4.8712
800	5.03787
810	5.20454
820	5.3712
830	5.53787
840	5.70454
850	5.8712
860	6.03787
870	6.20454
880	6.3712
890	6.53787
900	6.70454
910	6.8712
920	7.03787
930	7.20454
940	7.3712
950	7.53787
960	7.70454
970	7.8712
980	8.03787
990	8.20454
1000	8.3712
1010	8.52317
1020	8.57964
1030	8.66591
1040	8.75024
1050	8.9058
1060	9.0332
1070	9.0841
1080	9.17097
1090	9.21832
74
360	0.689394
370	0.714226
380	0.739057
390	0.763889
400	0.788721
410	0.813552
420	0.838384
430	0.863215
440	0.888047
450	0.912879
460	0.93771
470	0.962542
480	0.987374
490	1.01221
500	1.03704
510	1.06187
520	1.0937
530	1.19365
540	1.3154
550	1.48036
560	1.64703
570	1.8137
580	1.98036
590	2.14703
600	2.3137
610	2.48036
620	2.64188
630	2.7434
640	2.8904
650	3.05707
660	3.22373
670	3.3904
680	3.55707
690	3.72373
700	3.8904
710	4.05707
720	4.22373
730	4.3904
740	4.55707
750	4.72373
760	4.8904
770	5.05707
780	5.22373
790	5.3904
800	5.55707
810	5.72373
820	5.8904
830	6.05707
840	6.22373
850	6.3904
860	6.55707
870	6.72373
880	6.8904
890	7.05707
900	7.22373
910	7.3904
920	7.55707
930	7.72373
940	7.8904
950	8.05707
960	8.22373
970	8.3904
980	8.50249
990	8.54548
1000	8.59418
1010	8.69893
1020	8.83414
1030	8.97611
1040	9.03903
1050	9.11247
1060	9.19094
1070	9.24339
1080	9.35256
1090	9.38427
74
360	0.742424
370	0.767256
380	0.792088
390	0.816919
400	0.841751
410	0.866582
420	0.891414
430	0.916246
440	0.941077
450	0.965909
460	0.990741
470	1.01557
480	1.0404
490	1.06524
500	1.10056
510	1.2002
520	1.36016
530	1.52683
540	1.68093
550	1.84759
560	2.01426
570	2.18093
580	2.34759
590	2.49647
600	2.57579
610	2.73099
620	2.89766
630	3.06432
640	3.23099
650	3.39766
660	3.56432
670	3.73099
680	3.89766
690	4.06432
700	4.23099
710	4.39766
720	4.56432
730	4.73099
740	4.89766
750	5.06432
760	5.23099
770	5.39766
780	5.56432
790	5.73099
800	5.89766
810	6.06432
820	6.23099
830	6.39766
840	6.56432
850	6.73099
860	6.89766
870	7.06432
880	7.23099
890	7.39766
900	7.56432
910	7.73099
920	7.89766
930	8.06432
940	8.23099
950	8.36559
960	8.43535
970	8.52298
980	8.5655
990	8.62296
1000	8.75638
1010	8.91353
1020	9.04312
1030	9.08542
1040	9.19556
1050	9.22576
1060	9.3351
1070	9.37545
1080	9.46484
1090	9.57266
74
360	0.795455
370	0.820286
380	0.845118
390	0.869949
400	0.894781
410	0.919613
420	0.944444
430	0.969276
440	0.994108
450	1.01894
460	1.04377
470	1.0686
480	1.09777
490	1.18876
500	1.34737
510	1.48426
520	1.54738
530	1.68858
540	1.85525
550	2.02192
560	2.18858
570	2.35525
580	2.50599
590	2.54071
600	2.65449
610	2.82009
620	2.98675
630	3.15342
640	3.32009
650	3.48675
660	3.65342
670	3.82009
680	3.98675
690	4.15342
700	4.32009
710	4.48675
720	4.65342
730	4.82009
740	4.98675
750	5.15342
760	5.32009
770	5.48675
780	5.65342
790	5.82009
800	5.98675
810	6.15342
820	6.32009
830	6.48675
840	6.65342
850	6.82009
860	6.98675
870	7.15342
880	7.32009
890	7.48675
900	7.65342
910	7.82009
920	7.98675
930	8.15342
940	8.32005
950	8.39067
960	8.49428
970	8.56169
980	8.59096
990	8.6874
1000	8.84828
1010	9.01495
1020	9.06323
1030	9.1509
1040	9.20906
1050	9.28399
1060	9.3675
1070	9.42329
1080	9.55699
1090	9.59401
74
360	0.848485
370	0.873316
380	0.898148
390	0.92298
400	0.947811
410	0.972643
420	0.997475
430	1.02231
440	1.04714
450	1.07197
460	1.11245
470	1.22846
480	1.35226
490	1.48469
500	1.65136
510	1.81802
520	1.98469
530	2.15136
540	2.31802
550	2.44983
560	2.52913
570	2.66647
580	2.83314
590	2.9998
600	3.16647
610	3.33314
620	3.4998
630	3.66647
640	3.83314
650	3.9998
660	4.16647
670	4.33314
680	4.4998
690	4.66647
700	4.83314
710	4.9998
720	5.16647
730	5.33314
740	5.4998
750	5.66647
760	5.83314
770	5.9998
780	6.16647
790	6.33314
800	6.4998
810	6.66647
820	6.83314
830	6.9998
840	7.16647
850	7.33314
860	7.4998
870	7.66647
880	7.83314
890	7.9998
900	8.13488
910	8.22596
920	8.28177
930	8.3744
940	8.45491
950	8.58486
960	8.61625
970	8.72158
980	8.88429
990	9.05095
1000	9.08501
1010	9.17402
1020	9.22997
1030	9.30043
1040	9.38695
1050	9.43442
1060	9.55604
1070	9.60947
1080	9.6829
1090	9.82055
74
360	0.901515
370	0.926347
380	0.951178
390	0.97601
400	1.00084
410	1.02567
420	1.05051
430	1.07534
440	1.10421
450	1.19369
460	1.30348
470	1.40686
480	1.4998
490	1.66437
500	1.83104
510	1.9977
520	2.16437
530	2.33104
540	2.49679
550	2.55074
560	2.62652
570	2.77967
580	2.94633
590	3.113
600	3.27967
610	3.44633
620	3.613
630	3.77967
640	3.94633
650	4.113
660	4.27967
670	4.44633
680	4.613
690	4.77967
700	4.94633
710	5.113
720	5.27967
730	5.44633
740	5.613
750	5.77967
760	5.94633
770	6.113
780	6.27967
790	6.44633
800	6.613
810	6.77967
820	6.94633
830	7.113
840	7.27967
850	7.44633
860	7.613
870	7.77967
880	7.94633
890	8.113
900	8.17969
910	8.2534
920	8.32246
930	8.38583
940	8.49059
950	8.58951
960	8.63849
970	8.75844
980	8.92422
990	9.07045
1000	9.10122
1010	9.20272
1020	9.2437
1030	9.32938
1040	9.39477
1050	9.45652
1060	9.58924
1070	9.62265
1080	9.70925
1090	9.86049
74
360	0.954545
370	0.979377
380	1.00421
390	1.02904
400	1.05387
410	1.0787
420	1.10764
430	1.20691
440	1.30356
450	1.42948
460	1.59472
470	1.76139
480	1.92805
490	2.09472
500	2.26139
510	2.35101
520	2.45839
530	2.6209
540	2.78756
550	2.95423
560	3.1209
570	3.28756
580	3.45423
590	3.6209
600	3.78756
610	3.95423
620	4.1209
630	4.28756
640	4.45423
650	4.6209
660	4.78756
670	4.95423
680	5.1209
690	5.28756
700	5.45423
710	5.6209
720	5.78756
730	5.95423
740	6.1209
750	6.28756
760	6.45423
770	6.6209
780	6.78756
790	6.95423
800	7.1209
810	7.22178
820	7.31556
830	7.47207
840	7.63874
850	7.80541
860	7.97207
870	8.11879
880	8.14852
890	8.17239
900	8.25442
910	8.35132
920	8.39488
930	8.50869
940	8.60337
950	8.65669
960	8.78027
970	8.94649
980	9.08275
990	9.11964
1000	9.22677
1010	9.2549
1020	9.3399
1030	9.40825
1040	9.47074
1050	9.60347
1060	9.63563
1070	9.72064
1080	9.87188
1090	9.90693
74
360	1.00758
370	1.03241
380	1.05724
390	1.08207
400	1.11439
410	1.20717
420	1.36337
430	1.53003
440	1.6967
450	1.86337
460	2.03003
470	2.1359
480	2.23989
490	2.39781
500	2.56448
510	2.73114
520	2.89781
530	3.06448
540	3.23114
550	3.39781
560	3.56448
570	3.73114
580	3.89781
590	4.06448
600	4.23114
610	4.39781
620	4.56448
630	4.73114
640	4.89781
650	5.06448
660	5.23114
670	5.39781
680	5.56448
690	5.73114
700	5.89781
710	6.00794
720	6.10235
730	6.25974
740	6.42641
750	6.59307
760	6.75974
770	6.92641
780	7.08783
790	7.14987
800	7.27714
810	7.44371
820	7.61038
830	7.77705
840	7.94371
850	8.11038
860	8.14002
870	8.17134
880	8.23222
890	8.3614
900	8.38498
910	8.47881
920	8.60872
930	8.64037
940	8.74352
950	8.90483
960	9.07149
970	9.10666
980	9.18975
990	9.25236
1000	9.31253
1010	9.41287
1020	9.44657
1030	9.55187
1040	9.63339
1050	9.68854
1060	9.81533
1070	9.90143
1080	9.95587
1090	10.0819
74
360	1.06061
370	1.08544
380	1.11612
390	1.20268
400	1.3447
410	1.51137
420	1.67803
430	1.8447
440	1.94792
450	2.03954
460	2.19583
470	2.3625
480	2.52916
490	2.69583
500	2.8625
510	3.02916
520	3.19583
530	3.3625
540	3.52916
550	3.69583
560	3.8625
570	4.02916
580	4.19583
590	4.33248
600	4.44687
610	4.61127
620	4.77794
630	4.94461
640	5.11127
650	5.27794
660	5.44461
670	5.61127
680	5.77794
690	5.93147
700	6.00167
710	6.14272
720	6.30939
730	6.47605
740	6.64272
750	6.80939
760	6.96578
770	7.0324
780	7.16406
790	7.33073
800	7.4974
810	7.66406
820	7.83073
830	7.9974
840	8.10374
850	8.13817
860	8.17774
870	8.22124
880	8.33723
890	8.38306
900	8.45917
910	8.60374
920	8.63625
930	8.72179
940	8.86642
950	9.02262
960	9.10625
970	9.16642
980	9.25922
990	9.29909
1000	9.41145
1010	9.44092
1020	9.52718
1030	9.64113
1040	9.67882
1050	9.78901
1060	9.90862
1070	9.94994
1080	10.0637
1090	10.2285
74
360	1.11329
370	1.1863
380	1.32823
390	1.4949
400	1.66157
410	1.82823
420	1.95573
430	2.06529
440	2.22434
450	2.391
460	2.55767
470	2.72434
480	2.891
490	3.05767
500	3.22434
510	3.391
520	3.55767
530	3.72434
540	3.891
550	4.05025
560	4.07666
570	4.17494
580	4.32652
590	4.49073
600	4.65739
610	4.82406
620	4.99073
630	5.15739
640	5.32406
650	5.49073
660	5.65739
670	5.82345
680	5.91786
690	5.99867
700	6.14853
710	6.31519
720	6.48186
730	6.64853
740	6.79012
750	6.91012
760	7.07573
770	7.2424
780	7.40907
790	7.57573
800	7.7424
810	7.90907
820	8.05054
830	8.08945
840	8.14475
850	8.18725
860	8.22292
870	8.32952
880	8.38826
890	8.44868
900	8.58184
910	8.64047
920	8.714
930	8.85376
940	9.00963
950	9.11491
960	9.16441
970	9.27024
980	9.29976
990	9.40167
1000	9.44578
1010	9.52368
1020	9.64949
1030	9.68185
1040	9.78665
1050	9.91618
1060	9.95381
1070	10.0642
1080	10.2282
1090	10.3949
74
360	1.18043
370	1.30775
380	1.47429
390	1.64096
400	1.80762
410	1.94674
420	2.0234
430	2.16859
440	2.33526
450	2.50192
460	2.66859
470	2.83526
480	3.00192
490	3.16859
500	3.33526
510	3.50192
520	3.66859
530	3.83526
540	4.00192
550	4.07938
560	4.14256
570	4.27591
580	4.44258
590	4.60925
600	4.77591
610	4.94258
620	5.10925
630	5.27591
640	5.44258
650	5.60925
660	5.76606
670	5.87463
680	6.02737
690	6.19403
700	6.3607
710	6.52737
720	6.65334
730	6.73231
740	6.87893
750	7.04559
760	7.21226
770	7.37893
780	7.54559
790	7.71226
800	7.87893
810	8.04559
820	8.08776
830	8.16297
840	8.1891
850	8.21934
860	8.28814
870	8.40747
880	8.43662
890	8.5356
900	8.65471
910	8.69262
920	8.80073
930	8.96347
940	9.13001
950	9.15695
960	9.2454
970	9.30076
980	9.36745
990	9.45657
1000	9.50566
1010	9.62494
1020	9.68453
1030	9.76474
1040	9.91262
1050	9.95618
1060	10.0455
1070	10.1995
1080	10.3661
1090	10.5328
74
360	1.26233
370	1.43346
380	1.60012
390	1.76679
400	1.93333
410	1.98615
420	2.07203
430	2.22789
440	2.39456
450	2.56122
460	2.72789
470	2.89456
480	3.06122
490	3.22789
500	3.39456
510	3.56122
520	3.72789
530	3.89456
540	4.06377
550	4.11768
560	4.23987
570	4.4045
580	4.57116
590	4.73783
600	4.9045
610	5.07116
620	5.23783
630	5.4045
640	5.57116
650	5.68864
660	5.78632
670	5.94534
680	6.112
690	6.27867
700	6.44534
710	6.60248
720	6.67658
730	6.82002
740	6.98668
750	7.15335
760	7.32002
770	7.48668
780	7.65335
790	7.82002
800	7.98668
810	8.07858
820	8.12161
830	8.17631
840	8.22184
850	8.24715
860	8.34327
870	8.42107
880	8.47486
890	8.60039
900	8.67121
910	8.73577
920	8.87185
930	9.03852
940	9.14801
950	9.19249
960	9.30417
970	9.32834
980	9.42302
990	9.47507
1000	9.55241
1010	9.67715
1020	9.71471
1030	9.82382
1040	9.9436
1050	9.99031
1060	10.1088
1070	10.2744
1080	10.441
1090	10.6077
74
360	1.32424
370	1.47042
380	1.63708
390	1.80375
400	1.97029
410	2.00023
420	2.09673
430	2.25519
440	2.42186
450	2.58853
460	2.75519
470	2.92186
480	3.08853
490	3.25519
500	3.42186
510	3.58853
520	3.75519
530	3.92186
540	4.08172
550	4.12528
560	4.23895
570	4.40357
580	4.57024
590	4.73691
600	4.90357
610	5.07024
620	5.23691
630	5.40357
640	5.57024
650	5.68772
660	5.7854
670	5.94441
680	6.11108
690	6.27775
700	6.44441
710	6.60155
720	6.67566
730	6.8191
740	6.98576
750	7.15243
760	7.3191
770	7.48576
780	7.65243
790	7.8191
800	7.98576
810	8.07765
820	8.12069
830	8.17539
840	8.22092
850	8.24623
860	8.34235
870	8.42014
880	8.47394
890	8.59947
900	8.67029
910	8.73485
920	8.87093
930	9.0376
940	9.14709
950	9.19157
960	9.30325
970	9.32742
980	9.4221
990	9.47415
1000	9.55149
1010	9.67622
1020	9.71379
1030	9.8229
1040	9.94268
1050	9.98939
1060	10.1078
1070	10.2734
1080	10.4401
1090	10.6068
74
360	1.40005
370	1.56672
380	1.73338
390	1.90005
400	1.9845
410	2.05829
420	2.20726
430	2.37357
440	2.52861
450	2.69527
460	2.86194
470	3.02861
480	3.19527
490	3.36194
500	3.52861
510	3.69527
520	3.86194
530	4.02861
540	4.099
550	4.19735
560	4.35653
570	4.5232
580	4.68987
590	4.85653
600	5.0232
610	5.18987
620	5.35653
630	5.5232
640	5.64661
650	5.72414
660	5.87075
670	6.03742
680	6.20409
690	6.37075
700	6.53742
710	6.61873
720	6.74359
730	6.91
740	7.07666
750	7.24333
760	7.41
770	7.57666
780	7.74333
790	7.91
800	8.07551
810	8.09439
820	8.16784
830	8.19651
840	8.23089
850	8.28722
860	8.41485
870	8.44305
880	8.53006
890	8.67115
900	8.69877
910	8.79718
920	8.95228
930	9.11433
940	9.16518
950	9.24149
960	9.3131
970	9.36944
980	9.46369
990	9.52177
1000	9.65117
1010	9.69474
1020	9.77891
1030	9.93019
1040	9.96805
1050	10.0632
1060	10.2208
1070	10.3875
1080	10.5542
1090	10.6825
74
360	1.46768
370	1.63434
380	1.80101
390	1.96768
400	2.03268
410	2.0933
420	2.22522
430	2.39153
440	2.54657
450	2.71323
460	2.8799
470	3.04657
480	3.21323
490	3.3799
500	3.54657
510	3.71323
520	3.8799
530	4.04657
540	4.11696
550	4.21531
560	4.37449
570	4.54116
580	4.70783
590	4.87449
600	5.04116
610	5.20783
620	5.37449
630	5.54116
640	5.66457
650	5.7421
660	5.88871
670	6.05538
680	6.22205
690	6.38871
700	6.55538
710	6.63669
720	6.76156
730	6.92796
740	7.09462
750	7.26129
760	7.42796
770	7.59462
780	7.76129
790	7.92796
800	8.09347
810	8.11235
820	8.18581
830	8.21447
840	8.24885
850	8.30519
860	8.43281
870	8.46101
880	8.54802
890	8.68912
900	8.71673
910	8.81515
920	8.97024
930	9.13229
940	9.18314
950	9.25945
960	9.33106
970	9.3874
980	9.48165
990	9.53973
1000	9.66913
1010	9.7127
1020	9.79687
1030	9.94816
1040	9.98601
1050	10.0811
1060	10.2388
1070	10.4055
1080	10.5721
1090	10.7004
74
360	1.54324
370	1.7099
380	1.87657
390	2.00076
400	2.06202
410	2.1982
420	2.28513
430	2.40891
440	2.57545
450	2.74212
460	2.90879
470	3.07545
480	3.24212
490	3.40879
500	3.57545
510	3.74212
520	3.90879
530	4.06154
540	4.12108
550	4.25231
560	4.41898
570	4.58565
580	4.75231
590	4.91898
600	5.08565
610	5.25231
620	5.41898
630	5.57038
640	5.6566
650	5.78096
660	5.94753
670	6.1142
680	6.28086
690	6.44753
700	6.56165
710	6.64293
720	6.79529
730	6.96196
740	7.12862
750	7.29529
760	7.46196
770	7.62862
780	7.79529
790	7.96196
800	8.0861
810	8.10931
820	8.18379
830	8.21778
840	8.24382
850	8.32662
860	8.42843
870	8.4617
880	8.57169
890	8.67531
900	8.72377
910	8.84269
920	8.99377
930	9.15578
940	9.18368
950	9.28628
960	9.32726
970	9.41418
980	9.47166
990	9.55995
1000	9.67909
1010	9.71986
1020	9.83274
1030	9.94373
1040	9.99596
1050	10.1251
1060	10.2918
1070	10.4584
1080	10.6249
1090	10.6939
74
360	1.60637
370	1.77303
380	1.93901
390	2.00284
400	2.10496
410	2.21904
420	2.2933
430	2.43605
440	2.60271
450	2.76938
460	2.93605
470	3.10271
480	3.26938
490	3.43605
500	3.60271
510	3.76938
520	3.93605
530	4.05346
540	4.13427
550	4.28247
560	4.44914
570	4.61581
580	4.78247
590	4.94914
600	5.11581
610	5.28247
620	5.44879
630	5.5732
640	5.68423
650	5.84773
660	6.01439
670	6.18106
680	6.34773
690	6.49287
700	6.56932
710	6.71395
720	6.88062
730	7.04728
740	7.21395
750	7.38062
760	7.54728
770	7.71395
780	7.88062
790	8.00455
800	8.07812
810	8.1209
820	8.17689
830	8.22273
840	8.24533
850	8.33689
860	8.42128
870	8.47269
880	8.59453
890	8.67155
900	8.73396
910	8.86677
920	9.03344
930	9.1477
940	9.19812
950	9.30319
960	9.33191
970	9.43051
980	9.47913
990	9.58767
1000	9.67342
1010	9.72835
1020	9.85371
1030	9.93917
1040	10.0148
1050	10.1593
1060	10.3259
1070	10.4926
1080	10.6277
1090	10.7057
74
360	1.66106
370	1.82773
380	1.99371
390	2.04711
400	2.14072
410	2.2548
420	2.32906
430	2.4718
440	2.63847
450	2.80514
460	2.9718
470	3.13847
480	3.30514
490	3.4718
500	3.63847
510	3.80514
520	3.9718
530	4.08922
540	4.17002
550	4.31823
560	4.4849
570	4.65156
580	4.81823
590	4.9849
600	5.15156
610	5.31823
620	5.48454
630	5.60896
640	5.71998
650	5.88348
660	6.05015
670	6.21682
680	6.38348
690	6.52862
700	6.60507
710	6.74971
720	6.91637
730	7.08304
740	7.24971
750	7.41637
760	7.58304
770	7.74971
780	7.91637
790	8.04031
800	8.11388
810	8.15666
820	8.21264
830	8.25849
840	8.28109
850	8.37265
860	8.45703
870	8.50845
880	8.63028
890	8.70731
900	8.76971
910	8.90253
920	9.0692
930	9.18346
940	9.23387
950	9.33894
960	9.36767
970	9.46627
980	9.51488
990	9.62343
1000	9.70918
1010	9.76411
1020	9.88947
1030	9.97492
1040	10.0505
1050	10.195
1060	10.3617
1070	10.5284
1080	10.6635
1090	10.7414
74
360	1.73929
370	1.90596
380	2.00338
390	2.06653
400	2.18708
410	2.26058
420	2.40271
430	2.56938
440	2.73605
450	2.90271
460	3.06938
470	3.23605
480	3.40271
490	3.56938
500	3.73605
510	3.90271
520	4.01326
530	4.10111
540	4.25448
550	4.42114
560	4.58781
570	4.75448
580	4.92114
590	5.08781
600	5.25448
610	5.41729
620	5.49714
630	5.62596
640	5.79259
650	5.95925
660	6.12592
670	6.29259
680	6.45797
690	6.52643
700	6.64223
710	6.80721
720	6.97388
730	7.14055
740	7.30721
750	7.47388
760	7.64055
770	7.80721
780	7.97286
790	8.04219
800	8.11039
810	8.18018
820	8.21278
830	8.25395
840	8.29148
850	8.39984
860	8.45971
870	8.53251
880	8.67505
890	8.71547
900	8.8054
910	8.96001
920	9.12668
930	9.18507
940	9.26292
950	9.335
960	9.38882
970	9.46778
980	9.53318
990	9.66923
1000	9.71453
1010	9.79574
1020	9.94443
1030	9.98308
1040	10.0862
1050	10.2473
1060	10.414
1070	10.5806
1080	10.6629
1090	10.7683
74
360	1.79074
370	1.95741
380	2.02206
390	2.11535
400	2.19673
410	2.30468
420	2.46841
430	2.63507
440	2.80174
450	2.96841
460	3.13507
470	3.30174
480	3.46841
490	3.63507
500	3.80174
510	3.96787
520	4.03506
530	4.16715
540	4.33382
550	4.50048
560	4.66715
570	4.83382
580	5.00048
590	5.16715
600	5.32685
610	5.42746
620	5.5587
630	5.72536
640	5.89203
650	6.0587
660	6.22536
670	6.39179
680	6.47076
690	6.58321
700	6.74805
710	6.91472
720	7.08139
730	7.24805
740	7.41472
750	7.58139
760	7.74805
770	7.91336
780	7.98684
790	8.09885
800	8.12768
810	8.20396
820	8.23065
830	8.26593
840	8.32919
850	8.45539
860	8.48463
870	8.58857
880	8.69987
890	8.74656
900	8.86857
910	9.03491
920	9.17746
930	9.21144
940	9.32065
950	9.35536
960	9.44348
970	9.4837
980	9.57879
990	9.70588
1000	9.74354
1010	9.85651
1020	9.95632
1030	10.0166
1040	10.1519
1050	10.3185
1060	10.4852
1070	10.6213
1080	10.6884
1090	10.8246
74
360	1.85411
370	1.99669
380	2.036
390	2.13214
400	2.21727
410	2.36855
420	2.53522
430	2.70189
440	2.86855
450	3.03522
460	3.20189
470	3.36855
480	3.53522
490	3.70189
500	3.86855
510	3.97061
520	4.05479
530	4.20793
540	4.3746
550	4.54127
560	4.70793
570	4.8746
580	5.04127
590	5.20775
600	5.33197
610	5.46481
620	5.63148
630	5.79814
640	5.96481
650	6.13148
660	6.29814
670	6.40191
680	6.50859
690	6.67187
700	6.83854
710	7.00521
720	7.17187
730	7.33854
740	7.50521
750	7.67187
760	7.83854
770	7.91575
780	8.03558
790	8.09675
800	8.14409
810	8.20947
820	8.24666
830	8.27265
840	8.3581
850	8.45245
860	8.50267
870	8.62783
880	8.70137
890	8.76882
900	8.91006
910	9.07673
920	9.17549
930	9.23021
940	9.33368
950	9.37187
960	9.45439
970	9.50152
980	9.62361
990	9.70514
1000	9.76884
1010	9.9069
1020	9.96189
1030	10.0493
1040	10.2043
1050	10.371
1060	10.5259
1070	10.6228
1080	10.763
1090	10.9297
74
360	1.9221
370	2.01278
380	2.07599
390	2.15606
400	2.30155
410	2.46822
420	2.63489
430	2.80155
440	2.96822
450	3.13489
460	3.30155
470	3.46822
480	3.63489
490	3.80155
500	3.92135
510	4.00334
520	4.15825
530	4.32492
540	4.49159
550	4.65825
560	4.82492
570	4.99159
580	5.15819
590	5.23557
600	5.37179
610	5.53846
620	5.70512
630	5.87179
640	6.03846
650	6.20512
660	6.35997
670	6.42472
680	6.56677
690	6.73343
700	6.9001
710	7.06677
720	7.23343
730	7.4001
740	7.56677
750	7.73343
760	7.87086
770	7.94515
780	8.07537
790	8.10532
800	8.16333
810	8.21843
820	8.26369
830	8.30292
840	8.4209
850	8.46637
860	8.54072
870	8.67618
880	8.72024
890	8.81338
900	8.97352
910	9.14018
920	9.19308
930	9.2805
940	9.34416
950	9.41851
960	9.46662
970	9.5475
980	9.6897
990	9.72658
1000	9.82463
1010	9.9493
1020	9.99097
1030	10.1114
1040	10.2645
1050	10.4264
1060	10.5363
1070	10.6892
1080	10.8559
1090	11.0225
74
360	1.97211
370	1.9977
380	2.08776
390	2.24595
400	2.41261
410	2.57928
420	2.74595
430	2.91261
440	3.07928
450	3.24595
460	3.41261
470	3.57928
480	3.74052
490	3.82423
500	3.96533
510	4.13199
520	4.29866
530	4.46533
540	4.63199
550	4.79866
560	4.96533
570	5.07754
580	5.162
590	5.31741
600	5.48408
610	5.65075
620	5.81741
630	5.98408
640	6.15075
650	6.25593
660	6.34347
670	6.50045
680	6.66712
690	6.83379
700	7.00045
710	7.16712
720	7.33379
730	7.50045
740	7.66712
750	7.76369
760	7.8718
770	7.96195
780	8.06673
790	8.08472
800	8.17602
810	8.20103
820	8.23479
830	8.30811
840	8.42339
850	8.45169
860	8.55849
870	8.66709
880	8.72971
890	8.87052
900	9.03719
910	9.14231
920	9.19651
930	9.29805
940	9.3387
950	9.41857
960	9.4648
970	9.59072
980	9.67188
990	9.73803
1000	9.85889
1010	9.9217
1020	9.99821
1030	10.149
1040	10.3032
1050	10.441
1060	10.6077
1070	10.7744
1080	10.941
1090	11.1077
74
360	2.06781
370	2.18952
380	2.35592
390	2.52258
400	2.68925
410	2.85592
420	3.02258
430	3.18925
440	3.35592
450	3.52258
460	3.67695
470	3.74179
480	3.87954
490	4.0462
500	4.21287
510	4.37954
520	4.5462
530	4.71287
540	4.87954
550	5.04228
560	5.09441
570	5.22013
580	5.38676
590	5.55343
600	5.72009
610	5.88676
620	6.05343
630	6.21609
640	6.27865
650	6.40765
660	6.57432
670	6.74098
680	6.90765
690	7.07432
700	7.24098
710	7.40765
720	7.57432
730	7.71381
740	7.78487
750	7.90824
760	7.97463
770	8.09842
780	8.13983
790	8.19605
800	8.25202
810	8.29863
820	8.33636
830	8.45107
840	8.50136
850	8.57141
860	8.71425
870	8.76025
880	8.88074
890	9.04702
900	9.20912
910	9.2373
920	9.34024
930	9.38294
940	9.47768
950	9.50858
960	9.60482
970	9.73928
980	9.76644
990	9.86961
1000	9.98338
1010	10.0296
1020	10.1528
1030	10.2903
1040	10.4426
1050	10.6093
1060	10.776
1070	10.9426
1080	11.1093
1090	11.234
74
360	2.12276
370	2.28504
380	2.4517
390	2.61837
400	2.78504
410	2.9517
420	3.11837
430	3.28504
440	3.44426
450	3.6077
460	3.66578
470	3.77698
480	3.9424
490	4.10907
500	4.27573
510	4.4424
520	4.60907
530	4.77573
540	4.9424
550	5.03045
560	5.11619
570	5.27325
580	5.43991
590	5.60658
600	5.77325
610	5.93991
620	6.10658
630	6.20425
640	6.31791
650	6.48372
660	6.65039
670	6.81706
680	6.98372
690	7.15039
700	7.31706
710	7.48372
720	7.65039
730	7.70492
740	7.80932
750	7.89904
760	8.01985
770	8.08758
780	8.1342
790	8.22292
800	8.25395
810	8.28908
820	8.35329
830	8.46273
840	8.49886
850	8.59106
860	8.7024
870	8.77638
880	8.92691
890	9.09358
900	9.19729
910	9.25409
920	9.34669
930	9.39443
940	9.4731
950	9.5225
960	9.63679
970	9.72754
980	9.77281
990	9.90038
1000	9.97613
1010	10.0477
1020	10.1723
1030	10.3168
1040	10.4835
1050	10.6501
1060	10.8168
1070	10.9835
1080	11.1501
1090	11.2264
74
360	2.23102
370	2.39769
380	2.56435
390	2.73102
400	2.89769
410	3.06435
420	3.23102
430	3.37895
440	3.54561
450	3.64572
460	3.73421
470	3.88856
480	4.05522
490	4.22189
500	4.38856
510	4.55522
520	4.72189
530	4.88856
540	5.01739
550	5.0862
560	5.22636
570	5.39303
580	5.5597
590	5.72636
600	5.89303
610	6.0597
620	6.17186
630	6.25817
640	6.41121
650	6.57788
660	6.74454
670	6.91121
680	7.07788
690	7.24454
700	7.41121
710	7.57788
720	7.68956
730	7.77163
740	7.8622
750	7.95965
760	8.06936
770	8.12597
780	8.18755
790	8.24994
800	8.30213
810	8.3203
820	8.40751
830	8.49746
840	8.55764
850	8.68614
860	8.74283
870	8.86951
880	9.03606
890	9.20255
900	9.2334
910	9.32806
920	9.37594
930	9.45856
940	9.49938
950	9.57434
960	9.71951
970	9.75716
980	9.84077
990	9.98647
1000	10.0119
1010	10.1085
1020	10.2671
1030	10.4338
1040	10.6005
1050	10.7671
1060	10.9338
1070	11.1005
1080	11.2342
1090	11.2703
74
360	2.33306
370	2.49973
380	2.6664
390	2.83306
400	2.99973
410	3.1664
420	3.30347
430	3.46591
440	3.63238
450	3.7005
460	3.82727
470	3.99394
480	4.1606
490	4.32727
500	4.49394
510	4.6606
520	4.82727
530	4.99394
540	5.06506
550	5.17263
560	5.33737
570	5.50404
580	5.67071
590	5.83737
600	6.00404
610	6.16922
620	6.22436
630	6.34956
640	6.51623
650	6.68289
660	6.84956
670	7.01623
680	7.18289
690	7.34956
700	7.51623
710	7.67595
720	7.74079
730	7.84339
740	7.91899
750	8.06018
760	8.12362
770	8.1736
780	8.26973
790	8.30359
800	8.34431
810	8.37925
820	8.48021
830	8.54929
840	8.64816
850	8.72833
860	8.81464
870	8.97206
880	9.13873
890	9.24935
900	9.30301
910	9.3992
920	9.43884
930	9.52961
940	9.56158
950	9.67366
960	9.7828
970	9.82085
980	9.92333
990	10.0287
1000	10.0757
1010	10.2053
1020	10.3553
1030	10.5154
1040	10.6821
1050	10.8487
1060	11.0154
1070	11.1821
1080	11.2785
1090	11.3396
74
360	2.38656
370	2.55323
380	2.71989
390	2.88656
400	3.05323
410	3.14217
420	3.27529
430	3.44182
440	3.58332
450	3.65674
460	3.80139
470	3.96806
480	4.13473
490	4.30139
500	4.46806
510	4.63473
520	4.80139
530	4.95699
540	5.01822
550	5.14768
560	5.31435
570	5.48102
580	5.64768
590	5.81435
600	5.98102
610	6.10968
620	6.18178
630	6.32574
640	6.4924
650	6.65907
660	6.82574
670	6.9924
680	7.15907
690	7.32574
700	7.4924
710	7.61736
720	7.71679
730	7.78278
740	7.92097
750	7.9966
760	8.08425
770	8.12669
780	8.22299
790	8.25071
800	8.28134
810	8.32933
820	8.44866
830	8.50012
840	8.62058
850	8.67788
860	8.78617
870	8.94992
880	9.11659
890	9.19039
900	9.25787
910	9.33694
920	9.38942
930	9.46621
940	9.51419
950	9.63678
960	9.72032
970	9.7713
980	9.89726
990	9.96973
1000	10.038
1010	10.1793
1020	10.3306
1030	10.4973
1040	10.664
1050	10.8306
1060	10.9973
1070	11.164
1080	11.2219
1090	11.2983
74
360	2.50978
370	2.67644
380	2.84311
390	3.00978
400	3.17023
410	3.23935
420	3.36395
430	3.53048
440	3.67198
450	3.7454
460	3.89005
470	4.05672
480	4.22339
490	4.39005
500	4.55672
510	4.72339
520	4.89005
530	5.04565
540	5.10688
550	5.23634
560	5.40301
570	5.56968
580	5.73634
590	5.90301
600	6.06968
610	6.19834
620	6.27044
630	6.4144
640	6.58106
650	6.74773
660	6.9144
670	7.08106
680	7.24773
690	7.4144
700	7.58106
710	7.70602
720	7.80545
730	7.87144
740	8.00963
750	8.08526
760	8.17291
770	8.21534
780	8.31165
790	8.33937
800	8.37
810	8.41799
820	8.53732
830	8.58878
840	8.70924
850	8.76654
860	8.87483
870	9.03858
880	9.20525
890	9.27905
900	9.34653
910	9.4256
920	9.47808
930	9.55487
940	9.60285
950	9.72544
960	9.80898
970	9.85996
980	9.98592
990	10.0584
1000	10.1266
1010	10.268
1020	10.4193
1030	10.586
1040	10.7526
1050	10.9193
1060	11.086
1070	11.2526
1080	11.3105
1090	11.387
74
360	2.60197
370	2.76864
380	2.93531
390	3.0508
400	3.13183
410	3.28081
420	3.44748
430	3.55794
440	3.63812
450	3.78649
460	3.95316
470	4.11983
480	4.28649
490	4.45316
500	4.61983
510	4.78649
520	4.93358
530	4.99849
540	5.13233
550	5.299
560	5.46566
570	5.63233
580	5.799
590	5.96566
600	6.07439
610	6.17119
620	6.32955
630	6.49622
640	6.66288
650	6.82955
660	6.99622
670	7.16288
680	7.32955
690	7.49305
700	7.55956
710	7.6941
720	7.75635
730	7.8777
740	7.98176
750	8.0659
760	8.11904
770	8.21103
780	8.24728
790	8.28848
800	8.31622
810	8.39222
820	8.47685
830	8.58288
840	8.66564
850	8.75081
860	8.9026
870	9.06927
880	9.20622
890	9.24305
900	9.35086
910	9.37794
920	9.46672
930	9.50305
940	9.58331
950	9.73175
960	9.76115
970	9.84923
980	9.98649
990	10.0163
1000	10.1165
1010	10.2764
1020	10.4431
1030	10.6098
1040	10.7764
1050	10.9431
1060	11.1098
1070	11.2349
1080	11.275
1090	11.3862
74
360	2.66793
370	2.8346
380	3.00125
390	3.07722
400	3.18437
410	3.34666
420	3.51327
430	3.58517
440	3.69142
450	3.85339
460	4.02005
470	4.18672
480	4.35339
490	4.52005
500	4.68672
510	4.85339
520	4.9537
530	5.06006
540	5.22207
550	5.38873
560	5.5554
570	5.72207
580	5.88873
590	6.01685
600	6.11588
610	6.27455
620	6.44122
630	6.60789
640	6.77455
650	6.94122
660	7.10789
670	7.27455
680	7.44122
690	7.51176
700	7.6026
710	7.71993
720	7.79705
730	7.9414
740	8.00922
750	8.10631
760	8.15582
770	8.23086
780	8.26887
790	8.32276
800	8.34557
810	8.43577
820	8.50781
830	8.63967
840	8.69899
850	8.81427
860	8.97897
870	9.14564
880	9.22702
890	9.29023
900	9.37497
910	9.41821
920	9.50616
930	9.53872
940	9.64082
950	9.75908
960	9.79966
970	9.90988
980	10.0058
990	10.0615
1000	10.1868
1010	10.3531
1020	10.5198
1030	10.6865
1040	10.8531
1050	11.0198
1060	11.1865
1070	11.2575
1080	11.324
1090	11.46
74
360	2.75327
370	2.91994
380	3.04238
390	3.13672
400	3.29722
410	3.46389
420	3.55225
430	3.64593
440	3.80616
450	3.97283
460	4.1395
470	4.30616
480	4.47283
490	4.6395
500	4.80616
510	4.8986
520	5.01026
530	5.17565
540	5.34232
550	5.50899
560	5.67565
570	5.84232
580	5.9516
590	6.05547
600	6.21912
610	6.38579
620	6.55246
630	6.71912
640	6.88579
650	7.05246
660	7.21912
670	7.38579
680	7.50253
690	7.55584
700	7.68959
710	7.75047
720	7.88308
730	7.97048
740	8.08238
750	8.13012
760	8.20592
770	8.26513
780	8.30019
790	8.34593
800	8.39308
810	8.46355
820	8.55736
830	8.67201
840	8.74791
850	8.89913
860	9.06579
870	9.2324
880	9.26338
890	9.35736
900	9.40404
910	9.48206
920	9.53157
930	9.60149
940	9.71765
950	9.78672
960	9.86152
970	9.99821
980	10.0384
990	10.1303
1000	10.2679
1010	10.4345
1020	10.6012
1030	10.7678
1040	10.9345
1050	11.1012
1060	11.2676
1070	11.2962
1080	11.4008
1090	11.5425
74
360	2.82165
370	2.97917
380	3.03905
390	3.16985
400	3.33652
410	3.50257
420	3.55401
430	3.6725
440	3.83816
450	4.00483
460	4.1715
470	4.33816
480	4.50483
490	4.6715
500	4.83495
510	4.89921
520	5.03052
530	5.19719
540	5.36386
550	5.53052
560	5.69719
570	5.86386
580	5.94849
590	6.07337
600	6.23981
610	6.40648
620	6.57315
630	6.73981
640	6.90648
650	7.07315
660	7.23981
670	7.40648
680	7.49587
690	7.57813
700	7.68039
710	7.76245
720	7.90996
730	7.9728
740	8.10421
750	8.12554
760	8.19641
770	8.27105
780	8.29594
790	8.33576
800	8.39336
810	8.45784
820	8.57356
830	8.66497
840	8.76323
850	8.9227
860	9.08937
870	9.2278
880	9.26253
890	9.36957
900	9.39977
910	9.48656
920	9.52606
930	9.60562
940	9.75434
950	9.78419
960	9.87242
970	10.0087
980	10.0387
990	10.1406
1000	10.3017
1010	10.4683
1020	10.635
1030	10.8017
1040	10.9683
1050	11.135
1060	11.2571
1070	11.2984
1080	11.4119
1090	11.5766
74
360	2.88892
370	2.98204
380	3.06821
390	3.22116
400	3.38783
410	3.50674
420	3.58208
430	3.72753
440	3.89419
450	4.06086
460	4.22753
470	4.39419
480	4.56086
490	4.72753
500	4.83762
510	4.9359
520	5.0953
530	5.26197
540	5.42864
550	5.5953
560	5.76197
570	5.89019
580	5.96907
590	6.11715
600	6.28382
610	6.45049
620	6.61715
630	6.78382
640	6.95049
650	7.11715
660	7.28382
670	7.45031
680	7.51172
690	7.623
700	7.69092
710	7.8035
720	7.91263
730	7.9994
740	8.10868
750	8.14161
760	8.20531
770	8.27763
780	8.31496
790	8.34676
800	8.40162
810	8.50001
820	8.62679
830	8.68199
840	8.80925
850	8.97584
860	9.14251
870	9.23234
880	9.28958
890	9.3839
900	9.42065
910	9.51455
920	9.54439
930	9.646
940	9.76788
950	9.80248
960	9.90914
970	10.012
980	10.0603
990	10.1806
1000	10.3466
1010	10.5132
1020	10.6799
1030	10.8466
1040	11.0132
1050	11.1799
1060	11.2631
1070	11.3229
1080	11.4548
1090	11.6215
74
360	2.96376
370	3.09573
380	3.2624
390	3.38088
400	3.47839
410	3.63738
420	3.80405
430	3.97071
440	4.13738
450	4.30405
460	4.47071
470	4.63738
480	4.71123
490	4.82405
500	4.98849
510	5.15515
520	5.32182
530	5.48849
540	5.65515
550	5.75756
560	5.86341
570	6.02578
580	6.19245
590	6.35911
600	6.52578
610	6.69245
620	6.85911
630	7.02578
640	7.19245
650	7.3335
660	7.4051
670	7.48709
680	7.58949
690	7.69314
700	7.77835
710	7.93015
720	7.97561
730	8.08431
740	8.10806
750	8.18665
760	8.24523
770	8.28833
780	8.32065
790	8.39543
800	8.54033
810	8.60096
820	8.67287
830	8.81548
840	8.98215
850	9.14881
860	9.21267
870	9.28462
880	9.36298
890	9.3921
900	9.49155
910	9.51839
920	9.61454
930	9.74544
940	9.78073
950	9.88789
960	9.98882
970	10.055
980	10.1927
990	10.3594
1000	10.526
1010	10.6927
1020	10.8594
1030	11.026
1040	11.1927
1050	11.2451
1060	11.3221
1070	11.4686
1080	11.6353
1090	11.8019
74
360	3.06087
370	3.22493
380	3.36611
390	3.44505
400	3.59183
410	3.7585
420	3.92516
430	4.09183
440	4.2585
450	4.42516
460	4.59183
470	4.69948
480	4.79324
490	4.94968
500	5.11635
510	5.28301
520	5.44968
530	5.61635
540	5.74208
550	5.82906
560	5.98151
570	6.14818
580	6.31484
590	6.48151
600	6.64818
610	6.81484
620	6.98151
630	7.14818
640	7.30362
650	7.38753
660	7.46834
670	7.57255
680	7.67536
690	7.76162
700	7.9136
710	7.98068
720	8.06965
730	8.12357
740	8.17274
750	8.24748
760	8.29041
770	8.34551
780	8.39329
790	8.51115
800	8.62566
810	8.67551
820	8.79545
830	8.96114
840	9.12781
850	9.23709
860	9.28334
870	9.36993
880	9.40325
890	9.46213
900	9.53264
910	9.60963
920	9.755
930	9.79501
940	9.88036
950	10.0057
960	10.0533
970	10.1709
980	10.3361
990	10.5028
1000	10.6695
1010	10.8361
1020	11.0028
1030	11.1695
1040	11.2684
1050	11.3231
1060	11.4478
1070	11.6142
1080	11.7808
1090	11.9475
74
360	3.16314
370	3.32957
380	3.41518
390	3.53128
400	3.69679
410	3.86345
420	4.03012
430	4.19679
440	4.36345
450	4.53012
460	4.68778
470	4.75874
480	4.89234
490	5.05901
500	5.22568
510	5.39234
520	5.55901
530	5.72254
540	5.79562
550	5.92048
560	6.08702
570	6.25368
580	6.42035
590	6.58702
600	6.75368
610	6.92035
620	7.08702
630	7.24612
640	7.34992
650	7.44715
660	7.54241
670	7.68559
680	7.73225
690	7.85274
700	7.99836
710	8.04415
720	8.1344
730	8.16985
740	8.22815
750	8.30413
760	8.35827
770	8.39886
780	8.47625
790	8.62489
800	8.67765
810	8.75688
820	8.90677
830	9.07344
840	9.24011
850	9.28944
860	9.36268
870	9.4221
880	9.45702
890	9.53625
900	9.59
910	9.69813
920	9.81955
930	9.86258
940	9.97987
950	10.0537
960	10.1299
970	10.2777
980	10.4444
990	10.6111
1000	10.7777
1010	10.9444
1020	11.1111
1030	11.2777
1040	11.3234
1050	11.4079
1060	11.5612
1070	11.7279
1080	11.8946
1090	12.0612
74
360	3.23972
370	3.37824
380	3.5449
390	3.71157
400	3.87824
410	4.0449
420	4.21157
430	4.37824
440	4.51577
450	4.57952
460	4.71829
470	4.88496
480	5.05162
490	5.21829
500	5.38496
510	5.54129
520	5.61591
530	5.76256
540	5.92923
550	6.0959
560	6.26256
570	6.42923
580	6.5959
590	6.76256
600	6.92923
610	7.05475
620	7.14264
630	7.27682
640	7.34896
650	7.4944
660	7.57238
670	7.6793
680	7.84282
690	7.92029
700	7.97166
710	8.03347
720	8.09948
730	8.16308
740	8.23578
750	8.29034
760	8.33088
770	8.40742
780	8.55607
790	8.61015
800	8.6882
810	8.82158
820	8.98589
830	9.15256
840	9.22044
850	9.26122
860	9.34396
870	9.38839
880	9.43803
890	9.49787
900	9.62554
910	9.7363
920	9.79401
930	9.92735
940	9.9837
950	10.0618
960	10.2114
970	10.3781
980	10.5448
990	10.7114
1000	10.8781
1010	11.0448
1020	11.2114
1030	11.2561
1040	11.3395
1050	11.4672
1060	11.6329
1070	11.7996
1080	11.9663
1090	12.1329
74
360	3.33459
370	3.50064
380	3.66731
390	3.83398
400	4.00064
410	4.16731
420	4.33398
430	4.49705
440	4.55642
450	4.67724
460	4.84342
470	5.01009
480	5.17675
490	5.34342
500	5.50963
510	5.57793
520	5.70611
530	5.87277
540	6.03943
550	6.2061
560	6.37277
570	6.53943
580	6.7061
590	6.87277
600	7.03131
610	7.10163
620	7.24197
630	7.31478
640	7.44093
650	7.55257
660	7.65247
670	7.81336
680	7.9226
690	7.95116
700	8.01917
710	8.11028
720	8.15288
730	8.2568
740	8.28574
750	8.34412
760	8.39344
770	8.51751
780	8.62385
790	8.66944
800	8.78977
810	8.9559
820	9.12256
830	9.21501
840	9.25038
850	9.3139
860	9.39373
870	9.41639
880	9.47768
890	9.6134
900	9.74676
910	9.78339
920	9.89475
930	9.9975
940	10.0453
950	10.1679
960	10.3224
970	10.4891
980	10.6558
990	10.8224
1000	10.9891
1010	11.1558
1020	11.268
1030	11.3151
1040	11.4369
1050	11.6032
1060	11.7699
1070	11.9365
1080	12.1032
1090	12.2699
74
360	3.42565
370	3.59231
380	3.75898
390	3.92565
400	4.09231
410	4.25898
420	4.42565
430	4.54437
440	4.646
450	4.80661
460	4.97328
470	5.13995
480	5.30661
490	5.47328
500	5.56113
510	5.6583
520	5.81694
530	5.9836
540	6.15027
550	6.31694
560	6.4836
570	6.65027
580	6.81694
590	6.9836
600	7.07804
610	7.1824
620	7.30023
630	7.3869
640	7.53412
650	7.60975
660	7.73815
670	7.90477
680	7.97912
690	8.00556
700	8.08616
710	8.15962
720	8.21597
730	8.30368
740	8.34777
750	8.39539
760	8.46011
770	8.59598
780	8.67519
790	8.74143
800	8.87869
810	9.04536
820	9.2119
830	9.27468
840	9.30459
850	9.38233
860	9.44848
870	9.47155
880	9.55072
890	9.69855
900	9.79512
910	9.8479
920	9.972
930	10.0483
940	10.1111
950	10.2451
960	10.4117
970	10.5784
980	10.7451
990	10.9117
1000	11.0784
1010	11.2451
1020	11.3192
1030	11.3834
1040	11.5187
1050	11.6854
1060	11.8521
1070	12.0187
1080	12.1854
1090	12.3521
74
360	3.5248
370	3.69147
380	3.85814
390	4.0248
400	4.19147
410	4.35814
420	4.4714
430	4.57636
440	4.7393
450	4.90597
460	5.07263
470	5.2393
480	5.40597
490	5.5114
500	5.60558
510	5.76438
520	5.93105
530	6.09771
540	6.26438
550	6.43105
560	6.59771
570	6.76438
580	6.93105
590	7.02046
600	7.12179
610	7.23921
620	7.3272
630	7.48055
640	7.54605
650	7.68118
660	7.84785
670	7.93786
680	8.00282
690	8.03436
700	8.14136
710	8.18163
720	8.26737
730	8.32019
740	8.3938
750	8.42028
760	8.51589
770	8.67508
780	8.70008
790	8.79721
800	8.9405
810	9.10717
820	9.23223
830	9.30381
840	9.33122
850	9.42796
860	9.46996
870	9.4963
880	9.59722
890	9.7588
900	9.81447
910	9.89187
920	10.0269
930	10.0697
940	10.1555
950	10.31
960	10.4766
970	10.6433
980	10.81
990	10.9766
1000	11.1433
1010	11.31
1020	11.3432
1030	11.435
1040	11.5862
1050	11.7501
1060	11.9168
1070	12.0834
1080	12.2501
1090	12.4168
74
360	3.57854
370	3.7452
380	3.91187
390	4.07854
400	4.2452
410	4.34578
420	4.4539
430	4.61715
440	4.78382
450	4.95049
460	5.11715
470	5.28382
480	5.39674
490	5.49554
500	5.65533
510	5.822
520	5.98867
530	6.15533
540	6.322
550	6.48867
560	6.65533
570	6.82177
580	6.91334
590	7.01282
600	7.14321
610	7.20815
620	7.34208
630	7.43891
640	7.53818
650	7.69819
660	7.86485
670	7.90966
680	7.96181
690	8.01625
700	8.12426
710	8.15497
720	8.25803
730	8.28919
740	8.35641
750	8.39414
760	8.50444
770	8.63531
780	8.67159
790	8.78046
800	8.94394
810	9.1106
820	9.19663
830	9.26231
840	9.30513
850	9.3864
860	9.42835
870	9.4719
880	9.58802
890	9.75329
900	9.78239
910	9.87239
920	10.0119
930	10.0429
940	10.146
950	10.3075
960	10.4741
970	10.6408
980	10.8075
990	10.9741
1000	11.1408
1010	11.2822
1020	11.3157
1030	11.4216
1040	11.5842
1050	11.7509
1060	11.9175
1070	12.0842
1080	12.2509
1090	12.4175
74
360	3.64473
370	3.81139
380	3.97806
390	4.14473
400	4.30712
410	4.37579
420	4.51575
430	4.68242
440	4.84908
450	5.01575
460	5.18242
470	5.34869
480	5.4229
490	5.55388
500	5.72054
510	5.88721
520	6.05388
530	6.22054
540	6.38721
550	6.55388
560	6.72054
570	6.86075
580	6.95379
590	7.10118
600	7.16507
610	7.30206
620	7.3979
630	7.47936
640	7.63267
650	7.79934
660	7.88869
670	7.95086
680	7.98581
690	8.06604
700	8.14125
710	8.19338
720	8.28465
730	8.32793
740	8.37494
750	8.44341
760	8.56386
770	8.65355
780	8.71178
790	8.84812
800	9.01479
810	9.16044
820	9.23696
830	9.28249
840	9.3478
850	9.40853
860	9.4487
870	9.51559
880	9.65361
890	9.77828
900	9.81841
910	9.93724
920	10.0288
930	10.0894
940	10.2074
950	10.3669
960	10.5336
970	10.7002
980	10.8669
990	11.0336
1000	11.2002
1010	11.2999
1020	11.3565
1030	11.4914
1040	11.648
1050	11.8146
1060	11.9813
1070	12.148
1080	12.3146
1090	12.4813
74
360	3.73802
370	3.90468
380	4.07135
390	4.23802
400	4.33804
410	4.44461
420	4.60723
430	4.77389
440	4.94056
450	5.10723
460	5.27389
470	5.39144
480	5.47955
490	5.6336
500	5.80026
510	5.96693
520	6.1336
530	6.30026
540	6.46693
550	6.6336
560	6.78816
570	6.89511
580	7.04967
590	7.13215
600	7.23197
610	7.39196
620	7.43948
630	7.54296
640	7.70448
650	7.87115
660	7.92644
670	8.00127
680	8.02575
690	8.11497
700	8.17842
710	8.25371
720	8.31879
730	8.37923
740	8.41359
750	8.49319
760	8.64172
770	8.69296
780	8.77067
790	8.91782
800	9.08449
810	9.19307
820	9.29383
830	9.31997
840	9.39292
850	9.45784
860	9.48869
870	9.57012
880	9.71993
890	9.81188
900	9.87354
910	10.0071
920	10.0659
930	10.1386
940	10.2818
950	10.4485
960	10.6152
970	10.7818
980	10.9485
990	11.1152
1000	11.2818
1010	11.3376
1020	11.411
1030	11.5549
1040	11.7215
1050	11.8882
1060	12.0549
1070	12.2215
1080	12.3882
1090	12.5549
74
360	3.81564
370	3.9823
380	4.14897
390	4.26992
400	4.34416
410	4.48881
420	4.65548
430	4.82214
440	4.98881
450	5.15548
460	5.30007
470	5.39501
480	5.54781
490	5.71448
500	5.88114
510	6.04781
520	6.21448
530	6.38114
540	6.54781
550	6.67964
560	6.78309
570	6.94335
580	7.06566
590	7.15015
600	7.30229
610	7.39111
620	7.44915
630	7.57972
640	7.74638
650	7.9025
660	7.92952
670	7.99346
680	8.03408
690	8.14721
700	8.18061
710	8.28282
720	8.3182
730	8.3859
740	8.42006
750	8.52669
760	8.66669
770	8.69873
780	8.80319
790	8.96522
800	9.13152
810	9.19181
820	9.29721
830	9.31871
840	9.38159
850	9.45915
860	9.49953
870	9.61234
880	9.77687
890	9.81008
900	9.89858
910	10.0435
920	10.0679
930	10.1636
940	10.3159
950	10.4771
960	10.6437
970	10.8104
980	10.9771
990	11.1437
1000	11.3102
1010	11.3378
1020	11.4306
1030	11.5876
1040	11.7542
1050	11.9209
1060	12.0876
1070	12.2542
1080	12.4209
1090	12.5876
74
360	3.88215
370	4.04881
380	4.20257
390	4.27543
400	4.42157
410	4.58824
420	4.75491
430	4.92157
440	5.08824
450	5.19822
460	5.29718
470	5.45863
480	5.62529
490	5.79196
500	5.95863
510	6.12529
520	6.29196
530	6.45298
540	6.56874
550	6.68345
560	6.84855
570	7.01512
580	7.06576
590	7.18446
600	7.35063
610	7.39454
620	7.48375
630	7.6209
640	7.7871
650	7.89538
660	7.94781
670	7.99179
680	8.0677
690	8.14012
700	8.20195
710	8.29071
720	8.33375
730	8.38057
740	8.44631
750	8.56777
760	8.66049
770	8.71762
780	8.85075
790	9.00588
800	9.12628
810	9.21053
820	9.28988
830	9.32372
840	9.39721
850	9.45336
860	9.52379
870	9.64901
880	9.78358
890	9.8204
900	9.9313
910	10.0362
920	10.0785
930	10.1972
940	10.3462
950	10.5129
960	10.6795
970	10.8462
980	11.0129
990	11.1795
1000	11.307
1010	11.3551
1020	11.4815
1030	11.6481
1040	11.8148
1050	11.9815
1060	12.1481
1070	12.3148
1080	12.4815
1090	12.6481
74
360	3.97538
370	4.14204
380	4.23372
390	4.3392
400	4.50098
410	4.66765
420	4.83432
430	5.00098
440	5.16743
450	5.2382
460	5.35787
470	5.52351
480	5.69018
490	5.85685
500	6.02351
510	6.19018
520	6.35685
530	6.51005
540	6.61579
550	6.76899
560	6.93566
570	7.05157
580	7.11692
590	7.2522
600	7.40731
610	7.43833
620	7.5382
630	7.69766
640	7.86433
650	7.9326
660	8.00527
670	8.03448
680	8.12525
690	8.17799
700	8.25268
710	8.32367
720	8.3776
730	8.41902
740	8.49651
750	8.64224
760	8.69809
770	8.77102
780	8.91308
790	9.07974
800	9.16446
810	9.2745
820	9.32039
830	9.35472
840	9.45907
850	9.49293
860	9.57487
870	9.7239
880	9.8156
890	9.86743
900	9.98929
910	10.0697
920	10.1278
930	10.256
940	10.4226
950	10.5892
960	10.7559
970	10.9226
980	11.0892
990	11.2559
1000	11.3413
1010	11.412
1020	11.552
1030	11.7187
1040	11.8854
1050	12.052
1060	12.2187
1070	12.3854
1080	12.552
1090	12.7187
74
360	4.07856
370	4.20835
380	4.37501
390	4.54168
400	4.70835
410	4.87501
420	5.04044
430	5.10738
440	5.22575
450	5.39176
460	5.55843
470	5.7251
480	5.89176
490	6.05843
500	6.1816
510	6.2833
520	6.44523
530	6.6119
540	6.77856
550	6.94448
560	7.00536
570	7.08816
580	7.24128
590	7.37242
600	7.41225
610	7.52426
620	7.67037
630	7.83703
640	7.89769
650	7.97505
660	8.00099
670	8.09827
680	8.14399
690	8.22365
700	8.29225
710	8.34739
720	8.38337
730	8.46302
740	8.59446
750	8.66572
760	8.74702
770	8.89922
780	9.05108
790	9.10937
800	9.20558
810	9.27989
820	9.31028
830	9.39913
840	9.45643
850	9.5269
860	9.65557
870	9.786
880	9.82353
890	9.93765
900	10.0384
910	10.0851
920	10.2077
930	10.359
940	10.5256
950	10.6923
960	10.859
970	11.0256
980	11.1923
990	11.2945
1000	11.384
1010	11.5408
1020	11.7074
1030	11.8741
1040	12.0408
1050	12.2074
1060	12.3741
1070	12.5408
1080	12.7074
1090	12.8741
74
360	4.17813
370	4.34395
380	4.51062
390	4.67728
400	4.84395
410	5.01019
420	5.09173
430	5.20452
440	5.36865
450	5.53531
460	5.70198
470	5.86865
480	6.03531
490	6.13884
500	6.24688
510	6.40957
520	6.57624
530	6.74291
540	6.90915
550	7.00086
560	7.06386
570	7.16903
580	7.3307
590	7.42287
600	7.47682
610	7.60084
620	7.76709
630	7.93168
640	7.96087
650	8.02575
660	8.06568
670	8.17563
680	8.20176
690	8.29075
700	8.34713
710	8.41845
720	8.44246
730	8.53333
740	8.6881
750	8.72776
760	8.8296
770	8.98994
780	9.10007
790	9.18188
800	9.25888
810	9.34156
820	9.37132
830	9.47082
840	9.51382
850	9.59641
860	9.74592
870	9.83613
880	9.89008
890	10.0141
900	10.0908
910	10.1529
920	10.285
930	10.4517
940	10.6184
950	10.785
960	10.9517
970	11.1184
980	11.285
990	11.3533
1000	11.4659
1010	11.6299
1020	11.7966
1030	11.9633
1040	12.1299
1050	12.2966
1060	12.4633
1070	12.6299
1080	12.7966
1090	12.9633
74
360	4.27147
370	4.43813
380	4.6048
390	4.77147
400	4.93813
410	5.019
420	5.13083
430	5.29543
440	5.4621
450	5.62876
460	5.79543
470	5.9621
480	6.05604
490	6.16657
500	6.33085
510	6.49751
520	6.66418
530	6.83085
540	6.91778
550	7.01542
560	7.0774
570	7.2136
580	7.38026
590	7.4294
600	7.51065
610	7.66178
620	7.82844
630	7.92924
640	7.98399
650	8.02697
660	8.09034
670	8.17725
680	8.22198
690	8.33169
700	8.36001
710	8.41616
720	8.4661
730	8.5906
740	8.69
750	8.74939
760	8.88318
770	9.04985
780	9.10651
790	9.21246
800	9.27291
810	9.33988
820	9.39579
830	9.4918
840	9.53131
850	9.64537
860	9.81042
870	9.84182
880	9.9201
890	10.0692
900	10.1011
910	10.1936
920	10.3511
930	10.5177
940	10.6844
950	10.8511
960	11.0177
970	11.1844
980	11.3001
990	11.3753
1000	11.5223
1010	11.6889
1020	11.8556
1030	12.0223
1040	12.1889
1050	12.3556
1060	12.5223
1070	12.6889
1080	12.8556
1090	13.0223
74
360	4.32388
370	4.49055
380	4.65722
390	4.82388
400	4.92165
410	5.01512
420	5.17393
430	5.34059
440	5.50726
450	5.67393
460	5.84059
470	5.96301
480	6.03995
490	6.18952
500	6.35618
510	6.52285
520	6.68952
530	6.82341
540	6.89873
550	6.9808
560	7.0716
570	7.22915
580	7.37778
590	7.40964
600	7.51804
610	7.68215
620	7.84881
630	7.90077
640	7.98481
650	7.99732
660	8.07881
670	8.14366
680	8.2067
690	8.29476
700	8.34512
710	8.38629
720	8.46316
730	8.61268
740	8.66209
750	8.75084
760	8.90737
770	9.02673
780	9.09182
790	9.17541
800	9.26264
810	9.3108
820	9.39099
830	9.45801
840	9.52597
850	9.66901
860	9.79293
870	9.81562
880	9.91248
890	10.0432
900	10.0809
910	10.1954
920	10.3609
930	10.5275
940	10.6942
950	10.8609
960	11.0275
970	11.1942
980	11.271
990	11.3784
1000	11.5423
1010	11.7089
1020	11.8756
1030	12.0423
1040	12.2089
1050	12.3756
1060	12.5423
1070	12.7089
1080	12.8756
1090	13.0423
74
360	4.40512
370	4.57179
380	4.73845
390	4.90409
400	4.96685
410	5.09203
420	5.25869
430	5.42535
440	5.59202
450	5.75869
460	5.92535
470	6.002
480	6.10991
490	6.27444
500	6.44111
510	6.60777
520	6.77444
530	6.86008
540	6.95286
550	7.02391
560	7.14617
570	7.31273
580	7.41121
590	7.46993
600	7.60808
610	7.77475
620	7.91695
630	7.95325
640	8.01788
650	8.04172
660	8.14388
670	8.18362
680	8.26648
690	8.33375
700	8.40674
710	8.43603
720	8.54463
730	8.67478
740	8.71581
750	8.83727
760	8.98306
770	9.06569
780	9.16769
790	9.22006
800	9.32947
810	9.36206
820	9.47467
830	9.50381
840	9.60355
850	9.72562
860	9.82554
870	9.86645
880	9.98761
890	10.0781
900	10.1416
910	10.2837
920	10.4404
930	10.6066
940	10.7733
950	10.9399
960	11.1066
970	11.2619
980	11.3223
990	11.461
1000	11.6276
1010	11.7943
1020	11.961
1030	12.1276
1040	12.2943
1050	12.461
1060	12.6276
1070	12.7943
1080	12.961
1090	13.1276
74
360	4.54616
370	4.71282
380	4.87049
390	4.94028
400	5.0753
410	5.24196
420	5.40863
430	5.5753
440	5.74196
450	5.90535
460	5.97461
470	6.09792
480	6.26447
490	6.43113
500	6.5978
510	6.74131
520	6.83837
530	6.91277
540	6.98898
550	7.08969
560	7.25172
570	7.41807
580	7.45007
590	7.54976
600	7.71144
610	7.8781
620	7.94599
630	8.03061
640	8.03805
650	8.09196
660	8.18773
670	8.23759
680	8.33024
690	8.38904
700	8.43285
710	8.5102
720	8.64654
730	8.7029
740	8.78181
750	8.91875
760	9.04201
770	9.1214
780	9.19587
790	9.2972
800	9.35564
810	9.43142
820	9.50206
830	9.55831
840	9.66776
850	9.82567
860	9.85887
870	9.95575
880	10.0899
890	10.1252
900	10.2359
910	10.3808
920	10.5475
930	10.7141
940	10.8808
950	11.0475
960	11.2141
970	11.2937
980	11.4257
990	11.5924
1000	11.759
1010	11.9257
1020	12.0924
1030	12.259
1040	12.4257
1050	12.5924
1060	12.759
1070	12.9257
1080	13.0924
1090	13.259
74
360	4.64186
370	4.80629
380	4.87785
390	5.00366
400	5.17015
410	5.33681
420	5.50348
430	5.67015
440	5.83421
450	5.91288
460	6.03806
470	6.2045
480	6.37116
490	6.53783
500	6.6477
510	6.75311
520	6.84552
530	6.94473
540	7.00868
550	7.13078
560	7.2969
570	7.43005
580	7.48337
590	7.60819
600	7.77459
610	7.9322
620	7.96812
630	8.04371
640	8.04972
650	8.11479
660	8.19592
670	8.27278
680	8.34142
690	8.42381
700	8.45067
710	8.54076
720	8.6956
730	8.72104
740	8.81256
750	8.96838
760	9.05497
770	9.159
780	9.2168
790	9.33919
800	9.37238
810	9.45962
820	9.51416
830	9.58138
840	9.71967
850	9.84323
860	9.88399
870	9.99625
880	10.0982
890	10.1483
900	10.2699
910	10.4359
920	10.6026
930	10.7693
940	10.9359
950	11.1026
960	11.2389
970	11.3193
980	11.4682
990	11.6348
1000	11.8015
1010	11.9682
1020	12.1348
1030	12.3015
1040	12.4682
1050	12.6348
1060	12.8015
1070	12.9682
1080	13.1348
1090	13.3015
74
360	4.72559
370	4.87613
380	5.0428
390	5.20946
400	5.37613
410	5.5428
420	5.66644
430	5.75393
440	5.90832
450	6.07498
460	6.24165
470	6.40699
480	6.48332
490	6.59
500	6.70438
510	6.7965
520	6.87392
530	6.95966
540	7.11302
550	7.27969
560	7.38804
570	7.43724
580	7.55988
590	7.72618
600	7.87026
610	7.92391
620	7.97959
630	8.01275
640	8.05387
650	8.12583
660	8.22115
670	8.29085
680	8.38113
690	8.41239
700	8.49831
710	8.65175
720	8.68327
730	8.77433
740	8.91816
750	8.99373
760	9.09569
770	9.15353
780	9.28479
790	9.33326
800	9.41478
810	9.47734
820	9.5427
830	9.68096
840	9.80319
850	9.84653
860	9.9633
870	10.0595
880	10.1168
890	10.2476
900	10.4143
910	10.5809
920	10.7476
930	10.9143
940	11.0809
950	11.1673
960	11.2645
970	11.4238
980	11.5905
990	11.7572
1000	11.9238
1010	12.0905
1020	12.2572
1030	12.4238
1040	12.5905
1050	12.7572
1060	12.9238
1070	13.0905
1080	13.2572
1090	13.4238
74
360	4.79613
370	4.96266
380	5.12933
390	5.296
400	5.46266
410	5.62811
420	5.69411
430	5.81008
440	5.97563
450	6.1423
460	6.30897
470	6.44164
480	6.54217
490	6.64387
500	6.74502
510	6.86835
520	6.9091
530	7.0253
540	7.19089
550	7.35756
560	7.41611
570	7.49308
580	7.64184
590	7.80851
600	7.89307
610	7.94784
620	8.00272
630	8.03666
640	8.09279
650	8.16101
660	8.28285
670	8.32741
680	8.41611
690	8.45308
700	8.56551
710	8.68294
720	8.72519
730	8.84072
740	8.94003
750	9.07822
760	9.12103
770	9.21012
780	9.33799
790	9.37349
800	9.48438
810	9.51165
820	9.60597
830	9.76469
840	9.82894
850	9.90062
860	10.0456
870	10.0899
880	10.1759
890	10.3304
900	10.4971
910	10.6637
920	10.8304
930	10.9971
940	11.1356
950	11.2159
960	11.3668
970	11.5335
980	11.7002
990	11.8668
1000	12.0335
1010	12.2002
1020	12.3668
1030	12.5335
1040	12.7002
1050	12.8668
1060	13.0335
1070	13.2002
1080	13.3668
1090	13.5335
74
360	4.85024
370	5.01691
380	5.18358
390	5.35024
400	5.51691
410	5.6193
420	5.7339
430	5.8998
440	6.06647
450	6.23314
460	6.33655
470	6.44112
480	6.58789
490	6.6432
500	6.77898
510	6.85928
520	6.92884
530	7.07323
540	7.23228
550	7.38998
560	7.42183
570	7.53392
580	7.69944
590	7.85413
600	7.88449
610	7.93855
620	8.00109
630	8.03043
640	8.0862
650	8.205
660	8.27088
670	8.34617
680	8.40602
690	8.46985
700	8.59298
710	8.67314
720	8.73616
730	8.84553
740	8.96056
750	9.08798
760	9.13135
770	9.25653
780	9.32687
790	9.38497
800	9.47776
810	9.51547
820	9.63482
830	9.78689
840	9.82745
850	9.92402
860	10.0586
870	10.0993
880	10.2209
890	10.3874
900	10.5541
910	10.7208
920	10.8874
930	11.0476
940	11.1264
950	11.2388
960	11.4044
970	11.571
980	11.7377
990	11.9044
1000	12.071
1010	12.2377
1020	12.4044
1030	12.571
1040	12.7377
1050	12.9044
1060	13.071
1070	13.2377
1080	13.4044
1090	13.571
74
360	4.95095
370	5.11762
380	5.28429
390	5.45095
400	5.60553
410	5.68273
420	5.82109
430	5.98776
440	6.15443
450	6.31582
460	6.39601
470	6.52512
480	6.63927
490	6.72288
500	6.87573
510	6.91919
520	7.00474
530	7.15874
540	7.32541
550	7.4405
560	7.49692
570	7.62835
580	7.79501
590	7.90482
600	7.93488
610	7.989
620	8.05189
630	8.08082
640	8.15587
650	8.29272
660	8.32941
670	8.41496
680	8.46318
690	8.53972
700	8.68722
710	8.72955
720	8.80385
730	8.91284
740	9.0616
750	9.14162
760	9.20616
770	9.33061
780	9.38239
790	9.45218
800	9.5297
810	9.58448
820	9.7143
830	9.85832
840	9.89223
850	10.001
860	10.1094
870	10.1751
880	10.3149
890	10.4816
900	10.6483
910	10.8149
920	10.9816
930	11.1085
940	11.212
950	11.3735
960	11.5402
970	11.7069
980	11.8735
990	12.0402
1000	12.2069
1010	12.3735
1020	12.5402
1030	12.7069
1040	12.8735
1050	13.0402
1060	13.2069
1070	13.3735
1080	13.5402
1090	13.7069
74
360	5.07588
370	5.24255
380	5.40922
390	5.52452
400	5.61474
410	5.76901
420	5.93567
430	6.10234
440	6.23322
450	6.32281
460	6.4767
470	6.5968
480	6.65633
490	6.78558
500	6.88866
510	6.94965
520	7.08035
530	7.247
540	7.41125
550	7.44837
560	7.55296
570	7.71431
580	7.86848
590	7.90651
600	7.93052
610	7.99143
620	8.05539
630	8.09443
640	8.2032
650	8.29951
660	8.34971
670	8.43735
680	8.4785
690	8.58937
700	8.70613
710	8.73564
720	8.83464
730	8.99359
740	9.12126
750	9.14825
760	9.24447
770	9.35896
780	9.3987
790	9.50771
800	9.53722
810	9.63338
820	9.79093
830	9.85417
840	9.93677
850	10.0698
860	10.1234
870	10.2458
880	10.4119
890	10.5785
900	10.7452
910	10.8928
920	11.0154
930	11.1809
940	11.3476
950	11.5143
960	11.6809
970	11.8476
980	12.0143
990	12.1809
1000	12.3476
1010	12.5143
1020	12.6809
1030	12.8476
1040	13.0143
1050	13.1809
1060	13.3476
1070	13.5143
1080	13.6809
1090	13.8476
74
360	5.12589
370	5.29255
380	5.4574
390	5.50916
400	5.63769
410	5.80435
420	5.97102
430	6.13758
440	6.21395
450	6.33901
460	6.50567
470	6.57783
480	6.67294
490	6.834
500	6.87299
510	6.97094
520	7.13299
530	7.29966
540	7.38632
550	7.45299
560	7.59862
570	7.76529
580	7.84395
590	7.88166
600	7.92076
610	7.98063
620	8.03482
630	8.10725
640	8.25679
650	8.28233
660	8.36464
670	8.41608
680	8.49181
690	8.62651
700	8.6819
710	8.73375
720	8.85747
730	9.01487
740	9.09666
750	9.14522
760	9.26743
770	9.33793
780	9.40707
790	9.48278
800	9.54369
810	9.68176
820	9.80746
830	9.84861
840	9.97208
850	10.0458
860	10.1373
870	10.297
880	10.4636
890	10.6303
900	10.7651
910	10.8848
920	11.0512
930	11.2179
940	11.3846
950	11.5512
960	11.7179
970	11.8846
980	12.0512
990	12.2179
1000	12.3846
1010	12.5512
1020	12.7179
1030	12.8846
1040	13.0512
1050	13.2179
1060	13.3846
1070	13.5512
1080	13.7179
1090	13.8846
74
360	5.21558
370	5.38225
380	5.50126
390	5.57717
400	5.72693
410	5.89359
420	6.06026
430	6.20014
440	6.28002
450	6.4305
460	6.59347
470	6.63799
480	6.75905
490	6.89582
500	6.93445
510	7.0519
520	7.21796
530	7.38462
540	7.43785
550	7.52141
560	7.67597
570	7.84263
580	7.89311
590	7.92516
600	7.96434
610	8.0487
620	8.08775
630	8.17683
640	8.31553
650	8.3354
660	8.43078
670	8.46795
680	8.55703
690	8.71331
700	8.72924
710	8.79546
720	8.9385
730	9.07676
740	9.14336
750	9.20642
760	9.34695
770	9.39171
780	9.48079
790	9.53249
800	9.60895
810	9.75926
820	9.85355
830	9.91892
840	10.0606
850	10.1087
860	10.2328
870	10.3994
880	10.5661
890	10.7081
900	10.8274
910	10.9934
920	11.1601
930	11.3267
940	11.4934
950	11.6601
960	11.8267
970	11.9934
980	12.1601
990	12.3267
1000	12.4934
1010	12.6601
1020	12.8267
1030	12.9934
1040	13.1601
1050	13.3267
1060	13.4934
1070	13.6601
1080	13.8267
1090	13.9934
74
360	5.27847
370	5.41856
380	5.49299
390	5.64205
400	5.80872
410	5.97538
420	6.11176
430	6.18255
440	6.32909
450	6.49575
460	6.57045
470	6.64155
480	6.78831
490	6.87509
500	6.93907
510	7.08047
520	7.24714
530	7.40044
540	7.43203
550	7.54183
560	7.70659
570	7.84186
580	7.8702
590	7.90213
600	7.94558
610	8.04799
620	8.08215
630	8.19511
640	8.2925
650	8.32593
660	8.42927
670	8.45714
680	8.56299
690	8.70166
700	8.71361
710	8.79655
720	8.94982
730	9.0818
740	9.12962
750	9.21572
760	9.35212
770	9.38555
780	9.49772
790	9.52309
800	9.62262
810	9.78254
820	9.84248
830	9.94151
840	10.0376
850	10.1117
860	10.2605
870	10.4272
880	10.5815
890	10.702
900	10.8674
910	11.0341
920	11.2007
930	11.3674
940	11.5341
950	11.7007
960	11.8674
970	12.0341
980	12.2007
990	12.3674
1000	12.5341
1010	12.7007
1020	12.8674
1030	13.0341
1040	13.2007
1050	13.3674
1060	13.5341
1070	13.7007
1080	13.8674
1090	14.0341
74
360	5.35015
370	5.43325
380	5.58762
390	5.75428
400	5.92095
410	6.04437
420	6.12762
430	6.28222
440	6.44889
450	6.53508
460	6.59935
470	6.74124
480	6.8403
490	6.89743
500	7.03335
510	7.20002
520	7.36118
530	7.39891
540	7.51396
550	7.67973
560	7.79097
570	7.82921
580	7.87072
590	7.89736
600	8.00131
610	8.03384
620	8.12351
630	8.25583
640	8.27517
650	8.35849
660	8.4087
670	8.48567
680	8.62215
690	8.67361
700	8.72757
710	8.86063
720	9.01865
730	9.09111
740	9.16332
750	9.30993
760	9.33693
770	9.42501
780	9.47844
790	9.55303
800	9.69018
810	9.78199
820	9.92063
830	9.98633
840	10.0746
850	10.2313
860	10.3569
870	10.5144
880	10.6811
890	10.8477
900	11.0144
910	11.1811
920	11.3477
930	11.5144
940	11.6811
950	11.8477
960	12.0144
970	12.1811
980	12.3477
990	12.5144
1000	12.6811
1010	12.8477
1020	13.0144
1030	13.1811
1040	13.3477
1050	13.5144
1060	13.6811
1070	13.8477
1080	14.0144
1090	14.1811
74
360	5.41204
370	5.56965
380	5.73632
390	5.90299
400	6.05904
410	6.09474
420	6.20799
430	6.3734
440	6.54007
450	6.58832
460	6.67566
470	6.83217
480	6.89143
490	6.97169
500	7.12429
510	7.29095
520	7.40472
530	7.46903
540	7.61047
550	7.77714
560	7.84228
570	7.87732
580	7.91423
590	7.96223
600	8.06158
610	8.08935
620	8.19478
630	8.30357
640	8.32939
650	8.42854
660	8.46162
670	8.55447
680	8.672
690	8.7218
700	8.79184
710	8.93765
720	9.10432
730	9.1443
740	9.23479
750	9.36566
760	9.39212
770	9.49599
780	9.53087
790	9.62137
800	9.74271
810	9.87097
820	10.0093
830	10.0471
840	10.1635
850	10.2955
860	10.4462
870	10.6129
880	10.7795
890	10.9462
900	11.1129
910	11.2795
920	11.4462
930	11.6129
940	11.7795
950	11.9462
960	12.1129
970	12.2795
980	12.4462
990	12.6129
1000	12.7795
1010	12.9462
1020	13.1129
1030	13.2795
1040	13.4462
1050	13.6129
1060	13.7795
1070	13.9462
1080	14.1129
1090	14.2795
74
360	5.47588
370	5.64255
380	5.80922
390	5.97588
400	6.06508
410	6.1274
420	6.2659
430	6.43256
440	6.57686
450	6.61322
460	6.72636
470	6.88469
480	6.91268
490	7.0166
500	7.17945
510	7.34611
520	7.41757
530	7.50916
540	7.66713
550	7.81846
560	7.86931
570	7.89602
580	7.92431
590	7.99128
600	8.06742
610	8.10976
620	8.22168
630	8.31234
640	8.35006
650	8.44916
660	8.47965
670	8.58535
680	8.70387
690	8.73847
700	8.82931
710	8.98247
720	9.13332
730	9.16249
740	9.26795
750	9.37143
760	9.41223
770	9.51999
780	9.54846
790	9.65277
800	9.77348
810	9.93745
820	10.0171
830	10.081
840	10.1975
850	10.3398
860	10.5039
870	10.6561
880	10.8228
890	10.9895
900	11.1561
910	11.3228
920	11.4895
930	11.6561
940	11.8228
950	11.9895
960	12.1561
970	12.3228
980	12.4895
990	12.6561
1000	12.8228
1010	12.9895
1020	13.1561
1030	13.3228
1040	13.4895
1050	13.6561
1060	13.8228
1070	13.9895
1080	14.1561
1090	14.3228
74
360	5.58295
370	5.74962
380	5.91628
390	6.06254
400	6.09832
410	6.2057
420	6.36858
430	6.53525
440	6.59228
450	6.67215
460	6.82083
470	6.89617
480	6.96745
490	7.10952
500	7.27619
510	7.39143
520	7.46407
530	7.60718
540	7.77384
550	7.83764
560	7.88243
570	7.92462
580	7.94762
590	8.04106
600	8.08119
610	8.15162
620	8.29299
630	8.32654
640	8.39842
650	8.45858
660	8.51823
670	8.64976
680	8.72691
690	8.78226
700	8.90947
710	9.06518
720	9.14315
730	9.20568
740	9.33999
750	9.38726
760	9.46273
770	9.52891
780	9.58713
790	9.71722
800	9.86327
810	10.0143
820	10.0398
830	10.131
840	10.2869
850	10.4245
860	10.586
870	10.7527
880	10.9193
890	11.086
900	11.2527
910	11.4193
920	11.586
930	11.7527
940	11.9193
950	12.086
960	12.2527
970	12.4193
980	12.586
990	12.7527
1000	12.9193
1010	13.086
1020	13.2527
1030	13.4193
1040	13.586
1050	13.7527
1060	13.9193
1070	14.086
1080	14.2527
1090	14.4193
74
360	5.63997
370	5.80664
380	5.97331
390	6.06261
400	6.12634
410	6.2645
420	6.43117
430	6.57382
440	6.60892
450	6.71895
460	6.88073
470	6.90913
480	7.01014
490	7.17154
500	7.33244
510	7.40544
520	7.54982
530	7.71649
540	7.79215
550	7.85744
560	7.8912
570	7.9236
580	7.96263
590	8.07187
600	8.09026
610	8.18032
620	8.31652
630	8.33598
640	8.42754
650	8.46495
660	8.54376
670	8.68308
680	8.73227
690	8.80656
700	8.94535
710	9.10685
720	9.15127
730	9.23532
740	9.37536
750	9.3976
760	9.49292
770	9.53525
780	9.6133
790	9.75253
800	9.90103
810	10.0172
820	10.0554
830	10.1688
840	10.3141
850	10.4677
860	10.6344
870	10.8011
880	10.9677
890	11.1344
900	11.3011
910	11.4677
920	11.6344
930	11.8011
940	11.9677
950	12.1344
960	12.3011
970	12.4677
980	12.6344
990	12.8011
1000	12.9677
1010	13.1344
1020	13.3011
1030	13.4677
1040	13.6344
1050	13.8011
1060	13.9677
1070	14.1344
1080	14.3011
1090	14.4677
74
360	5.70797
370	5.87464
380	6.04131
390	6.08805
400	6.17664
410	6.33123
420	6.4979
430	6.59008
440	6.6508
450	6.78397
460	6.89549
470	6.94756
480	7.07213
490	7.23856
500	7.34728
510	7.44462
520	7.60374
530	7.7704
540	7.81547
550	7.89072
560	7.91819
570	7.94044
580	7.99409
590	8.08663
600	8.11731
610	8.22026
620	8.33129
630	8.36332
640	8.46768
650	8.48986
660	8.58193
670	8.72837
680	8.75627
690	8.84399
700	8.99808
710	9.15135
720	9.1788
730	9.27812
740	9.39012
750	9.42565
760	9.53367
770	9.56001
780	9.65135
790	9.79634
800	9.94724
810	10.034
820	10.0884
830	10.2153
840	10.3631
850	10.5176
860	10.6843
870	10.8509
880	11.0176
890	11.1843
900	11.3509
910	11.5176
920	11.6843
930	11.8509
940	12.0176
950	12.1843
960	12.3509
970	12.5176
980	12.6843
990	12.8509
1000	13.0176
1010	13.1843
1020	13.3509
1030	13.5176
1040	13.6843
1050	13.8509
1060	14.0176
1070	14.1843
1080	14.3509
1090	14.5176
74
360	5.75893
370	5.9256
380	6.05192
390	6.0959
400	6.21664
410	6.38294
420	6.54961
430	6.5874
440	6.67874
450	6.83653
460	6.88914
470	6.97128
480	7.11964
490	7.28033
500	7.3446
510	7.47256
520	7.63922
530	7.78666
540	7.82052
550	7.8776
560	7.9251
570	7.93287
580	8.0058
590	8.07403
600	8.12239
610	8.24014
620	8.3189
630	8.3688
640	8.45511
650	8.49273
660	8.60489
670	8.72472
680	8.75792
690	8.86769
700	9.03212
710	9.13849
720	9.18916
730	9.31287
740	9.3784
750	9.43214
760	9.52576
770	9.56262
780	9.67427
790	9.81529
800	9.9716
810	10.027
820	10.1014
830	10.2307
840	10.382
850	10.5472
860	10.7139
870	10.8806
880	11.0472
890	11.2139
900	11.3806
910	11.5472
920	11.7139
930	11.8806
940	12.0472
950	12.2139
960	12.3806
970	12.5472
980	12.7139
990	12.8806
1000	13.0472
1010	13.2139
1020	13.3806
1030	13.5472
1040	13.7139
1050	13.8806
1060	14.0472
1070	14.2139
1080	14.3806
1090	14.5472
74
360	5.83178
370	5.99844
380	6.08171
390	6.15061
400	6.29128
410	6.45794
420	6.59321
430	6.63119
440	6.74179
450	6.90145
460	6.92693
470	7.02351
480	7.18232
490	7.31404
500	7.39154
510	7.53896
520	7.70563
530	7.81327
540	7.87222
550	7.90975
560	7.95077
570	7.96707
580	8.05203
590	8.1035
600	8.16522
610	8.29345
620	8.34868
630	8.41185
640	8.48238
650	8.53394
660	8.65811
670	8.75198
680	8.80645
690	8.93352
700	9.10012
710	9.16905
720	9.23513
730	9.35485
740	9.40894
750	9.47574
760	9.55288
770	9.60371
780	9.72643
790	9.87388
800	10.0373
810	10.0614
820	10.1478
830	10.2928
840	10.4495
850	10.6162
860	10.7828
870	10.9495
880	11.1162
890	11.2828
900	11.4495
910	11.6162
920	11.7828
930	11.9495
940	12.1162
950	12.2828
960	12.4495
970	12.6162
980	12.7828
990	12.9495
1000	13.1162
1010	13.2828
1020	13.4495
1030	13.6162
1040	13.7828
1050	13.9495
1060	14.1162
1070	14.2828
1080	14.4495
1090	14.6162
74
360	5.94529
370	6.07563
380	6.12063
390	6.23587
400	6.40065
410	6.56731
420	6.61143
430	6.69214
440	6.84041
450	6.91387
460	6.98546
470	7.12653
480	7.27245
490	7.34514
500	7.48644
510	7.65311
520	7.8084
530	7.84478
540	7.908
550	7.93773
560	7.95809
570	8.00023
580	8.1056
590	8.12923
600	8.22195
610	8.34914
620	8.38287
630	8.48515
640	8.50896
650	8.60168
660	8.75455
670	8.77858
680	8.8713
690	9.02723
700	9.16972
710	9.19692
720	9.29385
730	9.40803
740	9.44385
750	9.54991
760	9.57573
770	9.66213
780	9.80862
790	9.95762
800	10.0519
810	10.0996
820	10.2176
830	10.383
840	10.5496
850	10.7163
860	10.883
870	11.0496
880	11.2163
890	11.383
900	11.5496
910	11.7163
920	11.883
930	12.0496
940	12.2163
950	12.383
960	12.5496
970	12.7163
980	12.883
990	13.0496
1000	13.2163
1010	13.383
1020	13.5496
1030	13.7163
1040	13.883
1050	14.0496
1060	14.2163
1070	14.383
1080	14.5496
1090	14.7163
74
360	6.00723
370	6.04003
380	6.13086
390	6.28726
400	6.45393
410	6.54666
420	6.60351
430	6.7342
440	6.85043
450	6.89752
460	7.01845
470	7.17468
480	7.24166
490	7.38074
500	7.5474
510	7.71407
520	7.76649
530	7.81605
540	7.85914
550	7.90108
560	7.91852
570	7.99458
580	8.05945
590	8.12
600	8.25294
610	8.3064
620	8.37581
630	8.4391
640	8.49965
650	8.63389
660	8.70907
670	8.77331
680	8.91083
690	9.05838
700	9.12368
710	9.18349
720	9.31704
730	9.36585
740	9.436
750	9.50849
760	9.55796
770	9.68128
780	9.82101
790	9.98664
800	10.0194
810	10.1103
820	10.2667
830	10.4333
840	10.6
850	10.7667
860	10.9333
870	11.1
880	11.2667
890	11.4333
900	11.6
910	11.7667
920	11.9333
930	12.1
940	12.2667
950	12.4333
960	12.6
970	12.7667
980	12.9333
990	13.1
1000	13.2667
1010	13.4333
1020	13.6
1030	13.7667
1040	13.9333
1050	14.1
1060	14.2667
1070	14.4333
1080	14.6
1090	14.7667
