132
1
1090	0.0526197
2
1080	0.0577431
1090	0.0895665
3
1070	0.0290115
1080	0.0808096
1090	0.1318
4
1060	0.0214188
1070	0.0898006
1080	0.121428
1090	0.215774
5
1050	0.0248094
1060	0.0979397
1070	0.117191
1080	0.203184
1090	0.235872
6
1040	0.035659
1050	0.0958152
1060	0.125075
1070	0.202419
1080	0.248004
1090	0.284201
7
1030	0.0428833
1040	0.0823547
1050	0.126539
1060	0.186543
1070	0.253199
1080	0.294862
1090	0.319872
8
1020	0.0580348
1030	0.0858806
1040	0.139836
1050	0.186403
1060	0.268203
1070	0.301605
1080	0.326616
1090	0.373038
9
1010	0.0451191
1020	0.0787154
1030	0.15083
1040	0.171036
1050	0.260841
1060	0.293766
1070	0.325182
1080	0.383944
1090	0.405799
10
1000	0.0053731
1010	0.0713721
1020	0.092919
1030	0.154618
1040	0.189505
1050	0.282816
1060	0.310239
1070	0.336421
1080	0.387732
1090	0.42481
11
990	0.0172894
1000	0.0713511
1010	0.101529
1020	0.169741
1030	0.195438
1040	0.291469
1050	0.317389
1060	0.346805
1070	0.402883
1080	0.430426
1090	0.528591
12
980	0.0306874
990	0.0792151
1000	0.112892
1010	0.184261
1020	0.208298
1030	0.307633
1040	0.331847
1050	0.359562
1060	0.417995
1070	0.442032
1080	0.541398
1090	0.592944
13
970	0.0451881
980	0.0836224
990	0.123426
1000	0.190875
1010	0.215975
1020	0.306169
1030	0.340972
1040	0.371725
1050	0.42741
1060	0.449715
1070	0.53149
1080	0.58577
1090	0.653673
14
960	0.0603396
970	0.0878924
980	0.135365
990	0.189756
1000	0.224632
1010	0.30063
1020	0.351151
1030	0.38539
1040	0.424281
1050	0.451712
1060	0.49931
1070	0.595505
1080	0.661982
1090	0.718607
15
950	0.0734264
960	0.105324
970	0.147625
980	0.213528
990	0.245033
1000	0.295327
1010	0.355446
1020	0.382313
1030	0.41237
1040	0.462824
1050	0.508133
1060	0.599566
1070	0.675208
1080	0.72625
1090	0.820369
16
940	0.0840348
950	0.127617
960	0.163231
970	0.228516
980	0.259559
990	0.288935
1000	0.373198
1010	0.398642
1020	0.424141
1030	0.477668
1040	0.511707
1050	0.619555
1060	0.689767
1070	0.725238
1080	0.834564
1090	0.93062
17
930	0.0907942
940	0.131542
950	0.170193
960	0.201428
970	0.272473
980	0.307503
990	0.386813
1000	0.407988
1010	0.435194
1020	0.49282
1030	0.520567
1040	0.629511
1050	0.704918
1060	0.734036
1070	0.84463
1080	0.945536
1090	0.981999
18
920	0.0907211
930	0.121698
940	0.188228
950	0.211576
960	0.290415
970	0.321032
980	0.407281
990	0.428078
1000	0.455344
1010	0.511759
1020	0.540391
1030	0.642437
1040	0.723857
1050	0.753806
1060	0.857331
1070	0.962262
1080	0.99705
1090	1.01166
19
910	0.119234
920	0.139528
930	0.203197
940	0.223331
950	0.305304
960	0.329272
970	0.413513
980	0.437225
990	0.466706
1000	0.526911
1010	0.548807
1020	0.631914
1030	0.738552
1040	0.76551
1050	0.851642
1060	0.975217
1070	1.00022
1080	1.02252
1090	1.09082
20
900	0.108333
910	0.14827
920	0.218349
930	0.230682
940	0.316297
950	0.335862
960	0.426377
970	0.44584
980	0.479077
990	0.532082
1000	0.555778
1010	0.643847
1020	0.753703
1030	0.771464
1040	0.866057
1050	0.978785
1060	1.00655
1070	1.03414
1080	1.09204
1090	1.161
21
890	0.112586
900	0.158898
910	0.222207
920	0.239911
930	0.312035
940	0.34432
950	0.421252
960	0.456342
970	0.493311
980	0.53338
990	0.564622
1000	0.63915
1010	0.763235
1020	0.779277
1030	0.860216
1040	0.985839
1050	1.01475
1060	1.04764
1070	1.09252
1080	1.17601
1090	1.20919
22
880	0.10752
890	0.171578
900	0.217886
910	0.251209
920	0.305236
930	0.354814
940	0.41305
950	0.468901
960	0.508463
970	0.535017
980	0.575523
990	0.631654
1000	0.75795
1010	0.789072
1020	0.850817
1030	0.982725
1040	1.02497
1050	1.06265
1060	1.09299
1070	1.19116
1080	1.2125
1090	1.2877
23
870	0.0981931
880	0.185871
890	0.228401
900	0.264601
910	0.310675
920	0.367708
930	0.418035
940	0.483127
950	0.522113
960	0.543545
970	0.58866
980	0.63686
990	0.749133
1000	0.801554
1010	0.855425
1020	0.969427
1030	1.03809
1040	1.0778
1050	1.10105
1060	1.19391
1070	1.22175
1080	1.30283
1090	1.32385
24
860	0.1024
870	0.198882
880	0.22078
890	0.278969
900	0.316166
910	0.381525
920	0.423014
930	0.49819
940	0.528463
950	0.552509
960	0.602752
970	0.642095
980	0.752972
990	0.814914
1000	0.85998
1010	0.976579
1020	1.0514
1030	1.09295
1040	1.10949
1050	1.1939
1060	1.23145
1070	1.30513
1080	1.33378
1090	1.41747
25
850	0.0982412
860	0.20738
870	0.229964
880	0.294106
890	0.321591
900	0.396442
910	0.427848
920	0.513342
930	0.534871
940	0.561933
950	0.617814
960	0.647227
970	0.7489
980	0.829401
990	0.86499
1000	0.972843
1010	1.06515
1020	1.09327
1030	1.11924
1040	1.19622
1050	1.2418
1060	1.30571
1070	1.34329
1080	1.41882
1090	1.45494
26
840	0.063658
850	0.207324
860	0.229703
870	0.285166
880	0.315083
890	0.387612
900	0.419766
910	0.496561
920	0.530977
930	0.565787
940	0.609873
950	0.639933
960	0.714594
970	0.840765
980	0.855327
990	0.936388
1000	1.07652
1010	1.0865
1020	1.12078
1030	1.17127
1040	1.24795
1050	1.28777
1060	1.34533
1070	1.39439
1080	1.45802
1090	1.50424
27
830	0.0663777
840	0.201713
850	0.242788
860	0.28982
870	0.325927
880	0.390596
890	0.430071
900	0.499149
910	0.542737
920	0.580427
930	0.615716
940	0.650501
950	0.717375
960	0.852379
970	0.865102
980	0.93859
990	1.07604
1000	1.09726
1010	1.13454
1020	1.17643
1030	1.26297
1040	1.29407
1050	1.35921
1060	1.39963
1070	1.47238
1080	1.50986
1090	1.59711
28
820	0.0270854
830	0.130481
840	0.249643
850	0.261742
860	0.328197
870	0.352888
880	0.430533
890	0.459067
900	0.547432
910	0.566337
920	0.594176
930	0.6519
940	0.678478
950	0.781101
960	0.863492
970	0.896146
980	1.00571
990	1.09924
1000	1.12456
1010	1.1512
1020	1.22759
1030	1.27501
1040	1.33982
1050	1.37521
1060	1.45006
1070	1.48708
1080	1.55884
1090	1.60864
30
800	0.0112268
810	0.0197219
820	0.0943288
830	0.239301
840	0.262395
850	0.315466
860	0.346671
870	0.418202
880	0.45113
890	0.527275
900	0.562984
910	0.599401
920	0.640166
930	0.671401
940	0.745239
950	0.874856
960	0.886489
970	0.967249
980	1.11061
990	1.11805
1000	1.15386
1010	1.20154
1020	1.28191
1030	1.3181
1040	1.37844
1050	1.42459
1060	1.49145
1070	1.53452
1080	1.61605
1090	1.65076
31
790	0.0225904
800	0.0230552
810	0.0699234
820	0.187601
830	0.27237
840	0.298836
850	0.351113
860	0.394907
870	0.45391
880	0.502314
890	0.57016
900	0.606306
910	0.627975
920	0.675011
930	0.721111
940	0.838443
950	0.887606
960	0.940621
970	1.06051
980	1.12223
990	1.16467
1000	1.18686
1010	1.28366
1020	1.30757
1030	1.38942
1040	1.41046
1050	1.50268
1060	1.5215
1070	1.6137
1080	1.64079
1090	1.72453
32
780	0.00633552
790	0.0263783
800	0.0303638
810	0.0941945
820	0.199282
830	0.276221
840	0.318255
850	0.357764
860	0.418481
870	0.461548
880	0.526935
890	0.575209
900	0.614518
910	0.644658
920	0.682155
930	0.745208
940	0.850295
950	0.896234
960	0.966293
970	1.07138
980	1.12903
990	1.16845
1000	1.20507
1010	1.29707
1020	1.32324
1030	1.39321
1040	1.42833
1050	1.50646
1060	1.5387
1070	1.6312
1080	1.65611
1090	1.75578
74
360	0
370	0
380	0
390	0
400	0
410	0
420	0
430	0
440	0
450	0
460	0
470	0
480	0
490	0
500	0
510	0
520	0
530	0
540	0
550	0
560	0
570	0
580	0
590	0
600	0
610	0
620	0
630	0
640	0
650	0
660	0
670	0
680	0
690	0
700	0
710	0
720	0
730	0
740	0
750	0
760	0
770	0
780	0.0204004
790	0.0301662
800	0.0412203
810	0.120012
820	0.23807
830	0.282406
840	0.341435
850	0.367949
860	0.444537
870	0.47274
880	0.552539
890	0.583721
900	0.618625
910	0.665061
920	0.692844
930	0.771108
940	0.888473
950	0.908438
960	0.990882
970	1.11448
980	1.13939
990	1.17352
1000	1.22704
1010	1.30089
1020	1.3426
1030	1.398
1040	1.44995
1050	1.51082
1060	1.55962
1070	1.63499
1080	1.67513
1090	1.77458
74
360	0.0530303
370	0.0530303
380	0.0530303
390	0.0530303
400	0.0530303
410	0.0530303
420	0.0530303
430	0.0530303
440	0.0530303
450	0.0530303
460	0.0530303
470	0.0530303
480	0.0530303
490	0.0530303
500	0.0530303
510	0.0530303
520	0.0530303
530	0.0530303
540	0.0530303
550	0.0530303
560	0.0530303
570	0.0530303
580	0.0530303
590	0.0530303
600	0.0530303
610	0.0530303
620	0.0530303
630	0.0530303
640	0.0530303
650	0.0530303
660	0.0530303
670	0.0530303
680	0.0530303
690	0.0530303
700	0.0530303
710	0.0530303
720	0.0530303
730	0.0530303
740	0.0530303
750	0.0636385
760	0.0831965
770	0.0873729
780	0.15426
790	0.248221
800	0.33275
810	0.381692
820	0.414728
830	0.478353
840	0.518581
850	0.5871
860	0.632087
870	0.671336
880	0.70292
890	0.739153
900	0.805224
910	0.899201
920	0.953351
930	1.02676
940	1.12383
950	1.18643
960	1.22525
970	1.26523
980	1.35386
990	1.38129
1000	1.44997
1010	1.48756
1020	1.56328
1030	1.59706
1040	1.68796
1050	1.71472
1060	1.80853
1070	1.87568
1080	1.92543
1090	1.97285
74
360	0.106061
370	0.106061
380	0.106061
390	0.106061
400	0.106061
410	0.106061
420	0.106061
430	0.106061
440	0.106061
450	0.106061
460	0.106061
470	0.106061
480	0.106061
490	0.106061
500	0.106061
510	0.106061
520	0.106061
530	0.106061
540	0.106061
550	0.106061
560	0.106061
570	0.106061
580	0.106061
590	0.106061
600	0.106061
610	0.106061
620	0.106061
630	0.106061
640	0.106061
650	0.106061
660	0.106061
670	0.106061
680	0.106061
690	0.106061
700	0.106061
710	0.106061
720	0.114818
730	0.136227
740	0.139593
750	0.196344
760	0.322815
770	0.385656
780	0.426993
790	0.467114
800	0.521063
810	0.570691
820	0.628843
830	0.684808
840	0.724339
850	0.751467
860	0.791416
870	0.847467
880	0.973327
890	1.00563
900	1.06939
910	1.20118
920	1.2387
930	1.27825
940	1.31259
950	1.40674
960	1.43087
970	1.50293
980	1.53589
990	1.61597
1000	1.64759
1010	1.74099
1020	1.76341
1030	1.85449
1040	1.92867
1050	1.97982
1060	2.02511
1070	2.08537
1080	2.14534
1090	2.17365
74
360	0.159091
370	0.159091
380	0.159091
390	0.159091
400	0.159091
410	0.159091
420	0.159091
430	0.159091
440	0.159091
450	0.159091
460	0.159091
470	0.159091
480	0.159091
490	0.159091
500	0.159091
510	0.159091
520	0.159091
530	0.159091
540	0.159091
550	0.159091
560	0.159091
570	0.159091
580	0.159091
590	0.159091
600	0.159091
610	0.159091
620	0.159091
630	0.159091
640	0.159091
650	0.159091
660	0.159091
670	0.159091
680	0.159091
690	0.16847
700	0.189257
710	0.19295
720	0.252089
730	0.383348
740	0.436431
750	0.47754
760	0.520796
770	0.579215
780	0.62447
790	0.686494
800	0.737995
810	0.777297
820	0.805861
830	0.844748
840	0.903166
850	1.03371
860	1.05913
870	1.12548
880	1.26349
890	1.29257
900	1.33108
910	1.36859
920	1.45946
930	1.48803
940	1.55542
950	1.59365
960	1.66897
970	1.70431
980	1.79311
990	1.82363
1000	1.92604
1010	1.98193
1020	2.0353
1030	2.07925
1040	2.14488
1050	2.20006
1060	2.22685
1070	2.27733
1080	2.39994
1090	2.44794
74
360	0.212121
370	0.212121
380	0.212121
390	0.212121
400	0.212121
410	0.212121
420	0.212121
430	0.212121
440	0.212121
450	0.212121
460	0.212121
470	0.212121
480	0.212121
490	0.212121
500	0.212121
510	0.212121
520	0.212121
530	0.212121
540	0.212121
550	0.212121
560	0.212121
570	0.212121
580	0.212121
590	0.212121
600	0.212121
610	0.212121
620	0.212121
630	0.212121
640	0.212121
650	0.212121
660	0.221926
670	0.242287
680	0.246056
690	0.309591
700	0.449555
710	0.489448
720	0.534158
730	0.574095
740	0.637629
750	0.677631
760	0.744303
770	0.79099
780	0.830306
790	0.860677
800	0.897842
810	0.960593
820	1.10001
830	1.11312
840	1.18685
850	1.33247
860	1.34627
870	1.38393
880	1.42707
890	1.51227
900	1.54475
910	1.60835
920	1.6507
930	1.72177
940	1.76177
950	1.84601
960	1.87993
970	1.9921
980	2.03644
990	2.1039
1000	2.13622
1010	2.21779
1020	2.25677
1030	2.28131
1040	2.34484
1050	2.48481
1060	2.50454
1070	2.58611
1080	2.62708
1090	2.67856
74
360	0.265152
370	0.265152
380	0.265152
390	0.265152
400	0.265152
410	0.265152
420	0.265152
430	0.265152
440	0.265152
450	0.265152
460	0.265152
470	0.265152
480	0.265152
490	0.265152
500	0.265152
510	0.265152
520	0.265152
530	0.265152
540	0.265152
550	0.265152
560	0.265152
570	0.265152
580	0.265152
590	0.265152
600	0.265152
610	0.265152
620	0.265152
630	0.27454
640	0.295318
650	0.298926
660	0.359761
670	0.485418
680	0.542471
690	0.58528
700	0.626965
710	0.687799
720	0.730457
730	0.794296
740	0.843972
750	0.883299
760	0.912379
770	0.950723
780	1.01081
790	1.13626
800	1.16583
810	1.23642
820	1.36335
830	1.39909
840	1.43696
850	1.47827
860	1.5653
870	1.5964
880	1.66137
890	1.70193
900	1.7748
910	1.8131
920	1.89904
930	1.93152
940	2.03892
950	2.08926
960	2.15385
970	2.18875
980	2.26686
990	2.30942
1000	2.3343
1010	2.39589
1020	2.52284
1030	2.55708
1040	2.63519
1050	2.67979
1060	2.73151
1070	2.76399
1080	2.8379
1090	2.87471
74
360	0.318182
370	0.318182
380	0.318182
390	0.318182
400	0.318182
410	0.318182
420	0.318182
430	0.318182
440	0.318182
450	0.318182
460	0.318182
470	0.318182
480	0.318182
490	0.318182
500	0.318182
510	0.318182
520	0.318182
530	0.318182
540	0.318182
550	0.318182
560	0.318182
570	0.318182
580	0.318182
590	0.318182
600	0.328383
610	0.348348
620	0.352456
630	0.415079
640	0.552598
650	0.595622
660	0.640137
670	0.68048
680	0.743103
690	0.784052
700	0.849692
710	0.897279
720	0.936281
730	0.966838
740	1.00424
750	1.0661
760	1.20292
770	1.21957
780	1.292
790	1.43705
800	1.4527
810	1.48995
820	1.53522
830	1.61753
840	1.65676
850	1.71437
860	1.76568
870	1.82815
880	1.87644
890	1.95093
900	1.99167
910	2.10786
920	2.14656
930	2.22352
940	2.2482
950	2.3395
960	2.36705
970	2.38983
980	2.46076
990	2.59903
1000	2.61261
1010	2.6956
1020	2.73618
1030	2.78364
1040	2.82514
1050	2.89063
1060	2.93741
1070	3.05963
1080	3.08918
1090	3.15935
74
360	0.371212
370	0.371212
380	0.371212
390	0.371212
400	0.371212
410	0.371212
420	0.371212
430	0.371212
440	0.371212
450	0.371212
460	0.371212
470	0.371212
480	0.371212
490	0.371212
500	0.371212
510	0.371212
520	0.371212
530	0.371212
540	0.371212
550	0.371212
560	0.371212
570	0.38182
580	0.401378
590	0.405923
600	0.466238
610	0.596688
620	0.648852
630	0.692335
640	0.733912
650	0.794227
660	0.837528
670	0.900649
680	0.950645
690	0.989255
700	1.01958
710	1.0577
720	1.11731
730	1.24706
740	1.27303
750	1.34246
760	1.48129
770	1.50903
780	1.54349
790	1.59399
800	1.67056
810	1.71335
820	1.7681
830	1.8207
840	1.88216
850	1.93406
860	2.00393
870	2.05092
880	2.16804
890	2.20127
900	2.27771
910	2.30228
920	2.39065
930	2.42233
940	2.44565
950	2.51929
960	2.65083
970	2.67003
980	2.757
990	2.79183
1000	2.83685
1010	2.88174
1020	2.94413
1030	2.99323
1040	3.11245
1050	3.14784
1060	3.22709
1070	3.25337
1080	3.28467
1090	3.28467
74
360	0.424242
370	0.424242
380	0.424242
390	0.424242
400	0.424242
410	0.424242
420	0.424242
430	0.424242
440	0.424242
450	0.424242
460	0.424242
470	0.424242
480	0.424242
490	0.424242
500	0.424242
510	0.424242
520	0.424242
530	0.424242
540	0.437026
550	0.454409
560	0.459989
570	0.530918
580	0.646174
590	0.702066
600	0.753429
610	0.788445
620	0.861005
630	0.89354
640	0.9721
650	1.00413
660	1.0422
670	1.07822
680	1.11256
690	1.18512
700	1.30113
710	1.33172
720	1.4178
730	1.54527
740	1.57321
750	1.60117
760	1.67833
770	1.72576
780	1.79424
790	1.8272
800	1.90898
810	1.94224
820	2.02462
830	2.06184
840	2.14108
850	2.23926
860	2.27605
870	2.33176
880	2.38802
890	2.45343
900	2.48281
910	2.52117
920	2.62142
930	2.70071
940	2.75697
950	2.8257
960	2.87217
970	2.89674
980	2.98025
990	3.00698
1000	3.09398
1010	3.18364
1020	3.22121
1030	3.28435
1040	3.31961
1050	3.3377
1060	3.3377
1070	3.3377
1080	3.34214
1090	3.39318
74
360	0.477273
370	0.477273
380	0.477273
390	0.477273
400	0.477273
410	0.477273
420	0.477273
430	0.477273
440	0.477273
450	0.477273
460	0.477273
470	0.477273
480	0.477273
490	0.477273
500	0.477273
510	0.489881
520	0.507439
530	0.513139
540	0.579851
550	0.710119
560	0.755251
570	0.803973
580	0.841576
590	0.909787
600	0.946564
610	1.02077
620	1.05735
630	1.09506
640	1.13032
650	1.16569
660	1.2339
670	1.36446
680	1.38934
690	1.48154
700	1.60359
710	1.62698
720	1.65538
730	1.73108
740	1.78137
750	1.85408
760	1.88478
770	1.97248
780	2.0016
790	2.09454
800	2.12266
810	2.21636
820	2.29193
830	2.3519
840	2.38933
850	2.46879
860	2.50936
870	2.53552
880	2.59473
890	2.7226
900	2.75393
910	2.80715
920	2.87884
930	2.92306
940	2.94992
950	3.03087
960	3.05962
970	3.14507
980	3.23667
990	3.27266
1000	3.33738
1010	3.37121
1020	3.39073
1030	3.39073
1040	3.39073
1050	3.39532
1060	3.44621
1070	3.47141
1080	3.49768
1090	3.49768
74
360	0.530303
370	0.530303
380	0.530303
390	0.530303
400	0.530303
410	0.530303
420	0.530303
430	0.530303
440	0.530303
450	0.530303
460	0.530303
470	0.530303
480	0.542411
490	0.560469
500	0.565851
510	0.631442
520	0.770663
530	0.817948
540	0.868839
550	0.89597
560	0.95858
570	0.996153
580	1.06622
590	1.11447
600	1.14707
610	1.202
620	1.23515
630	1.34042
640	1.41638
650	1.49191
660	1.63092
670	1.66673
680	1.68927
690	1.7559
700	1.80058
710	1.8535
720	1.91534
730	1.97863
740	2.02803
750	2.09437
760	2.15059
770	2.20202
780	2.32799
790	2.34691
800	2.41548
810	2.44287
820	2.52337
830	2.5623
840	2.58836
850	2.64724
860	2.78055
870	2.80679
880	2.85897
890	2.93169
900	2.97865
910	3.00458
920	3.08881
930	3.11382
940	3.20103
950	3.28959
960	3.32612
970	3.39041
980	3.42334
990	3.44376
1000	3.44376
1010	3.44376
1020	3.44807
1030	3.49924
1040	3.52369
1050	3.55071
1060	3.55071
1070	3.58577
1080	3.61856
1090	3.6679
74
360	0.583333
370	0.583333
380	0.583333
390	0.583333
400	0.583333
410	0.583333
420	0.583333
430	0.583333
440	0.583333
450	0.594293
460	0.613499
470	0.618284
480	0.679096
490	0.809807
500	0.877654
510	0.90216
520	0.943099
530	0.99063
540	1.04435
550	1.10027
560	1.18441
570	1.22495
580	1.25606
590	1.33015
600	1.45152
610	1.4811
620	1.58036
630	1.67567
640	1.7239
650	1.74655
660	1.83322
670	1.86342
680	1.94659
690	1.97407
700	2.05795
710	2.08044
720	2.14195
730	2.20341
740	2.25094
750	2.36837
760	2.39924
770	2.46285
780	2.49536
790	2.57155
800	2.61455
810	2.64085
820	2.69537
830	2.81979
840	2.8604
850	2.91422
860	2.98469
870	3.03082
880	3.05732
890	3.1377
900	3.16656
910	3.24974
920	3.34185
930	3.38728
940	3.44344
950	3.47367
960	3.49679
970	3.49679
980	3.49679
990	3.5006
1000	3.55227
1010	3.57464
1020	3.60374
1030	3.60374
1040	3.63595
1050	3.67087
1060	3.72093
1070	3.73956
1080	3.78483
1090	3.81314
74
360	0.636364
370	0.636364
380	0.636364
390	0.636364
400	0.636364
410	0.636364
420	0.648595
430	0.66653
440	0.67206
450	0.736783
460	0.854846
470	0.931701
480	0.975334
490	1.00152
500	1.08078
510	1.10244
520	1.18298
530	1.24578
540	1.29356
550	1.35682
560	1.48801
570	1.51325
580	1.60997
590	1.71643
600	1.7427
610	1.77841
620	1.82204
630	1.89657
640	1.93221
650	2.00789
660	2.03605
670	2.12842
680	2.13424
690	2.19969
700	2.25676
710	2.30766
720	2.42288
730	2.45333
740	2.52168
750	2.55056
760	2.63273
770	2.66939
780	2.69465
790	2.75428
800	2.87143
810	2.91571
820	2.98188
830	3.03919
840	3.09442
850	3.11794
860	3.20183
870	3.22998
880	3.33034
890	3.39648
900	3.45683
910	3.49647
920	3.52929
930	3.54982
940	3.54982
950	3.54982
960	3.55427
970	3.60529
980	3.62974
990	3.65677
1000	3.65677
1010	3.69169
1020	3.72474
1030	3.77396
1040	3.79442
1050	3.83786
1060	3.86864
1070	3.90502
1080	3.92283
1090	3.94363
74
360	0.689394
370	0.689394
380	0.689394
390	0.701435
400	0.71956
410	0.725004
420	0.788717
430	0.923864
440	0.959681
450	1.0148
460	1.04856
470	1.12086
480	1.15109
490	1.22482
500	1.33588
510	1.35822
520	1.45057
530	1.53988
540	1.57425
550	1.6802
560	1.76934
570	1.7977
580	1.83143
590	1.87439
600	1.9496
610	1.98469
620	2.06092
630	2.08864
640	2.18145
650	2.18718
660	2.25161
670	2.30977
680	2.35988
690	2.48158
700	2.50688
710	2.57561
720	2.60335
730	2.68424
740	2.72228
750	2.74779
760	2.80721
770	2.93821
780	2.96472
790	3.02271
800	3.13518
810	3.15124
820	3.235
830	3.25758
840	3.33848
850	3.43938
860	3.46647
870	3.5495
880	3.5495
890	3.58181
900	3.60285
910	3.60285
920	3.60285
930	3.60724
940	3.65831
950	3.68297
960	3.7098
970	3.7098
980	3.74418
990	3.77766
1000	3.82699
1010	3.84713
1020	3.89089
1030	3.92119
1040	3.95805
1050	3.97559
1060	3.99666
1070	4.00183
1080	4.06483
1090	4.12104
74
360	0.7394
370	0.768811
380	0.768811
390	0.803548
400	0.901804
410	1.00632
420	1.03284
430	1.08871
440	1.13412
450	1.1906
460	1.23601
470	1.33901
480	1.38984
490	1.45528
500	1.56708
510	1.60035
520	1.68028
530	1.79864
540	1.82639
550	1.88033
560	1.89709
570	1.98442
580	2.0105
590	2.09113
600	2.11763
610	2.18999
620	2.23071
630	2.26618
640	2.35759
650	2.37982
660	2.47161
670	2.54858
680	2.58861
690	2.63978
700	2.6929
710	2.76303
720	2.79302
730	2.82351
740	2.91973
750	3.01054
760	3.03967
770	3.13521
780	3.18646
790	3.24266
800	3.29402
810	3.34713
820	3.45352
830	3.49575
840	3.56734
850	3.59875
860	3.60876
870	3.6521
880	3.6521
890	3.6521
900	3.6521
910	3.68398
920	3.71341
930	3.75905
940	3.75905
950	3.77028
960	3.81998
970	3.85847
980	3.87994
990	3.94014
1000	3.94901
1010	4.0073
1020	4.0099
1030	4.04591
1040	4.04591
1050	4.07992
1060	4.16856
1070	4.19197
1080	4.27731
1090	4.29838
74
360	0.79153
370	0.798659
380	0.86555
390	0.994714
400	1.03535
410	1.10224
420	1.12768
430	1.21282
440	1.22526
450	1.30201
460	1.40678
470	1.43856
480	1.54066
490	1.6119
500	1.64992
510	1.75836
520	1.84131
530	1.87309
540	1.90395
550	1.95042
560	2.02166
570	2.06038
580	2.13289
590	2.164
600	2.25342
610	2.26087
620	2.32847
630	2.38268
640	2.4362
650	2.55854
660	2.58112
670	2.65364
680	2.67787
690	2.76166
700	2.79668
710	2.82102
720	2.88369
730	3.01125
740	3.03807
750	3.09933
760	3.20715
770	3.22591
780	3.31249
790	3.33211
800	3.4159
810	3.51123
820	3.54301
830	3.62147
840	3.62148
850	3.65739
860	3.67482
870	3.67482
880	3.67482
890	3.68074
900	3.73025
910	3.75813
920	3.78177
930	3.78183
940	3.81985
950	3.8515
960	3.89896
970	3.92206
980	3.96286
990	3.99667
1000	4.03002
1010	4.05035
1020	4.06863
1030	4.07545
1040	4.14164
1050	4.19404
1060	4.24896
1070	4.30205
1080	4.35416
1090	4.39218
74
360	0.850605
370	0.945568
380	1.06593
390	1.08729
400	1.14737
410	1.18915
420	1.25071
430	1.2808
440	1.3864
450	1.44687
460	1.50384
470	1.63312
480	1.65394
490	1.71776
500	1.85024
510	1.8814
520	1.93837
530	1.94879
540	2.02172
550	2.06393
560	2.1285
570	2.17279
580	2.22901
590	2.29113
600	2.31307
610	2.4088
620	2.42992
630	2.51045
640	2.60894
650	2.6351
660	2.69882
670	2.73605
680	2.82334
690	2.85144
700	2.87196
710	2.96313
720	3.07096
730	3.08801
740	3.1769
750	3.24489
760	3.28515
770	3.35305
780	3.39028
790	3.50348
800	3.55131
810	3.60829
820	3.65918
830	3.66283
840	3.71253
850	3.71253
860	3.71253
870	3.71253
880	3.73168
890	3.76932
900	3.81948
910	3.81948
920	3.82387
930	3.8804
940	3.90471
950	3.93713
960	3.98347
970	4.00355
980	4.0628
990	4.06786
1000	4.10634
1010	4.10634
1020	4.12714
1030	4.22135
1040	4.24176
1050	4.32381
1060	4.34881
1070	4.42338
1080	4.44362
1090	4.53707
74
360	0.924207
370	1.05224
380	1.09008
390	1.15058
400	1.18469
410	1.24984
420	1.28042
430	1.36316
440	1.4626
450	1.49411
460	1.60463
470	1.66766
480	1.70586
490	1.82266
500	1.89713
510	1.92864
520	1.95926
530	2.00699
540	2.07738
550	2.11637
560	2.18871
570	2.21951
580	2.30924
590	2.3156
600	2.38721
610	2.43771
620	2.4934
630	2.62102
640	2.63583
650	2.71301
660	2.73271
670	2.82262
680	2.85139
690	2.87602
700	2.94285
710	3.07168
720	3.09289
730	3.15734
740	3.26296
750	3.28082
760	3.37116
770	3.38695
780	3.47686
790	3.56704
800	3.59856
810	3.67728
820	3.67728
830	3.71319
840	3.73063
850	3.73063
860	3.73063
870	3.73551
880	3.78605
890	3.81346
900	3.83758
910	3.83758
920	3.87579
930	3.90621
940	3.95478
950	3.97715
960	4.01867
970	4.05234
980	4.08583
990	4.10532
1000	4.12445
1010	4.13019
1020	4.20021
1030	4.24901
1040	4.3063
1050	4.35713
1060	4.41123
1070	4.44693
1080	4.51615
1090	4.58709
74
360	0.999181
370	1.10045
380	1.13084
390	1.18324
400	1.23312
410	1.28719
420	1.33938
430	1.45278
440	1.49051
450	1.56919
460	1.66893
470	1.70089
480	1.78638
490	1.88981
500	1.92922
510	1.97599
520	1.99701
530	2.08616
540	2.10975
550	2.1957
560	2.21622
570	2.29422
580	2.32643
590	2.36788
600	2.45325
610	2.48033
620	2.57579
630	2.64464
640	2.69145
650	2.73686
660	2.79595
670	2.85933
680	2.8885
690	2.92611
700	3.01967
710	3.1062
720	3.14083
730	3.23397
740	3.28378
750	3.34595
760	3.39109
770	3.45019
780	3.55138
790	3.59496
800	3.674
810	3.69442
820	3.70778
830	3.74777
840	3.74777
850	3.74777
860	3.74777
870	3.78538
880	3.81166
890	3.85472
900	3.85472
910	3.86947
920	3.91589
930	3.9604
940	3.97775
950	4.03581
960	4.04784
970	4.10296
980	4.1074
990	4.14158
1000	4.1416
1010	4.18151
1020	4.26422
1030	4.2926
1040	4.37297
1050	4.39878
1060	4.45862
1070	4.49777
1080	4.59154
1090	4.61995
74
360	1.05302
370	1.10437
380	1.16201
390	1.19452
400	1.27043
410	1.30091
420	1.38175
430	1.48006
440	1.51245
450	1.6145
460	1.68524
470	1.726
480	1.83706
490	1.91308
500	1.96087
510	1.97734
520	2.02443
530	2.09497
540	2.13503
550	2.20617
560	2.23789
570	2.3267
580	2.33446
590	2.40265
600	2.45633
610	2.51116
620	2.62446
630	2.65475
640	2.72785
650	2.75307
660	2.83953
670	2.87068
680	2.895
690	2.95967
700	3.07336
710	3.11161
720	3.17346
730	3.28042
740	3.29967
750	3.3868
760	3.40629
770	3.49134
780	3.58423
790	3.61867
800	3.69475
810	3.69476
820	3.73131
830	3.7481
840	3.7481
850	3.7481
860	3.7543
870	3.80352
880	3.83198
890	3.85505
900	3.85513
910	3.89379
920	3.92511
930	3.97224
940	3.99587
950	4.03614
960	4.07058
970	4.10329
980	4.12413
990	4.14191
1000	4.14903
1010	4.2158
1020	4.26749
1030	4.32302
1040	4.37548
1050	4.4282
1060	4.46575
1070	4.53182
1080	4.60473
1090	4.6448
74
360	1.11638
370	1.18918
380	1.20894
390	1.29442
400	1.31598
410	1.41179
420	1.48855
430	1.52841
440	1.64491
450	1.69503
460	1.75328
470	1.88765
480	1.92263
490	1.97934
500	1.98683
510	2.04278
520	2.1039
530	2.15219
540	2.21466
550	2.25375
560	2.33518
570	2.34595
580	2.42489
590	2.46649
600	2.53087
610	2.65279
620	2.66752
630	2.74281
640	2.76673
650	2.8656
660	2.88388
670	2.90642
680	2.9823
690	3.11501
700	3.12243
710	3.19448
720	3.2889
730	3.31343
740	3.39681
750	3.42134
760	3.52098
770	3.5928
780	3.63496
790	3.70323
800	3.70348
810	3.74793
820	3.75658
830	3.75658
840	3.75658
850	3.76541
860	3.81198
870	3.8473
880	3.86353
890	3.86399
900	3.91075
910	3.9369
920	3.98072
930	4.0104
940	4.04471
950	4.08687
960	4.11178
970	4.13818
980	4.15039
990	4.16036
1000	4.23777
1010	4.27793
1020	4.34384
1030	4.38545
1040	4.44753
1050	4.477
1060	4.55365
1070	4.61395
1080	4.66404
1090	4.6839
74
360	1.17071
370	1.21255
380	1.27445
390	1.31789
400	1.38427
410	1.50633
420	1.52257
430	1.60909
440	1.71023
450	1.74043
460	1.84466
470	1.93821
480	1.96709
490	2.00259
500	2.03082
510	2.12104
520	2.14316
530	2.23244
540	2.2482
550	2.33397
560	2.35405
570	2.40402
580	2.47985
590	2.51566
600	2.62479
610	2.6731
620	2.72979
630	2.76749
640	2.83686
650	2.88834
660	2.91564
670	2.96262
680	3.07835
690	3.13304
700	3.1763
710	3.2902
720	3.31391
730	3.38402
740	3.42182
750	3.49193
760	3.6105
770	3.62825
780	3.717
790	3.72102
800	3.74035
810	3.77437
820	3.77437
830	3.77437
840	3.77491
850	3.82115
860	3.8432
870	3.88132
880	3.88132
890	3.9023
900	3.94389
910	3.99684
920	4.0086
930	4.06241
940	4.08016
950	4.12957
960	4.1378
970	4.16818
980	4.16902
990	4.2175
1000	4.29075
1010	4.32804
1020	4.39955
1030	4.43321
1040	4.48594
1050	4.53367
1060	4.63076
1070	4.65463
1080	4.68666
1090	4.7508
74
360	1.2269
370	1.2981
380	1.33309
390	1.4097
400	1.51796
410	1.53973
420	1.63647
430	1.72186
440	1.75979
450	1.8738
460	1.94985
470	1.98625
480	2.01423
490	2.04989
500	2.13268
510	2.1613
520	2.24408
530	2.26527
540	2.3612
550	2.36723
560	2.42604
570	2.49168
580	2.53579
590	2.65388
600	2.68696
610	2.75274
620	2.78269
630	2.86163
640	2.9025
650	2.92849
660	2.98421
670	3.1073
680	3.14556
690	3.19741
700	3.31833
710	3.3292
720	3.40891
730	3.43708
740	3.51679
750	3.62213
760	3.64568
770	3.73266
780	3.73266
790	3.75805
800	3.78601
810	3.78601
820	3.78601
830	3.78771
840	3.84136
850	3.85978
860	3.89296
870	3.89296
880	3.92026
890	3.95733
900	4.01015
910	4.02455
920	4.07405
930	4.09759
940	4.1412
950	4.15334
960	4.17982
970	4.18205
980	4.23932
990	4.3027
1000	4.34836
1010	4.41125
1020	4.45304
1030	4.49889
1040	4.55539
1050	4.6424
1060	4.67305
1070	4.7013
1080	4.76574
1090	4.7905
74
360	1.28768
370	1.35025
380	1.39706
390	1.50804
400	1.54955
410	1.61537
420	1.72948
430	1.76258
440	1.84595
450	1.97372
460	1.98964
470	2.03997
480	2.05358
490	2.13475
500	2.16793
510	2.2418
520	2.27538
530	2.34047
540	2.39035
550	2.42063
560	2.51722
570	2.53618
580	2.6254
590	2.70796
600	2.74452
610	2.79903
620	2.84803
630	2.92241
640	2.95235
650	2.98002
660	3.07975
670	3.17018
680	3.19477
690	3.29123
700	3.34526
710	3.39499
720	3.45313
730	3.50286
740	3.6146
750	3.65463
760	3.72265
770	3.7584
780	3.76613
790	3.81175
800	3.81175
810	3.81175
820	3.81175
830	3.83879
840	3.87132
850	3.91869
860	3.91869
870	3.92747
880	3.97958
890	4.01258
900	4.03836
910	4.09394
920	4.10655
930	4.16694
940	4.16855
950	4.20556
960	4.20556
970	4.23452
980	4.32813
990	4.34815
1000	4.43693
1010	4.45434
1020	4.52259
1030	4.5509
1040	4.65123
1050	4.6788
1060	4.71956
1070	4.76344
1080	4.79887
1090	4.86835
74
360	1.34326
370	1.37975
380	1.48781
390	1.53987
400	1.59425
410	1.7202
420	1.75166
430	1.8268
440	1.96933
450	1.97757
460	2.03371
470	2.04162
480	2.11103
490	2.15706
500	2.21932
510	2.2658
520	2.31947
530	2.38409
540	2.40531
550	2.49619
560	2.52301
570	2.60029
580	2.7017
590	2.72817
600	2.79175
610	2.82967
620	2.91609
630	2.94508
640	2.96515
650	3.05318
660	3.16392
670	3.18047
680	3.26491
690	3.33787
700	3.37652
710	3.44575
720	3.4844
730	3.5946
740	3.64463
750	3.70116
760	3.75214
770	3.75581
780	3.80549
790	3.80549
800	3.80549
810	3.80549
820	3.82404
830	3.86227
840	3.91237
850	3.91244
860	3.91682
870	3.97333
880	3.9968
890	4.03015
900	4.07452
910	4.09654
920	4.15307
930	4.16086
940	4.1993
950	4.1993
960	4.21943
970	4.30888
980	4.33475
990	4.41347
1000	4.4415
1010	4.51633
1020	4.53592
1030	4.62466
1040	4.6676
1050	4.71294
1060	4.74592
1070	4.78865
1080	4.84662
1090	4.90475
74
360	1.40429
370	1.50009
380	1.57256
390	1.62081
400	1.73899
410	1.78374
420	1.85507
430	1.99475
440	2.00795
450	2.06669
460	2.0721
470	2.13014
480	2.18859
490	2.23964
500	2.29856
510	2.34122
520	2.41867
530	2.43255
540	2.51157
550	2.55231
560	2.61805
570	2.73625
580	2.75488
590	2.82629
600	2.85398
610	2.95065
620	2.97084
630	2.99282
640	3.06905
650	3.1985
660	3.20869
670	3.28142
680	3.37239
690	3.40071
700	3.48027
710	3.50859
720	3.60649
730	3.67714
740	3.72679
750	3.78672
760	3.78785
770	3.8354
780	3.84006
790	3.84006
800	3.84006
810	3.85183
820	3.89554
830	3.9347
840	3.94701
850	3.94856
860	3.99821
870	4.0236
880	4.06421
890	4.09779
900	4.12889
910	4.17434
920	4.19526
930	4.2255
940	4.23388
950	4.24689
960	4.32451
970	4.36384
980	4.43098
990	4.47113
1000	4.53476
1010	4.56349
1020	4.64042
1030	4.69882
1040	4.74752
1050	4.77103
1060	4.82079
1070	4.86765
1080	4.93761
1090	4.97957
74
360	1.48439
370	1.59056
380	1.61722
390	1.7185
400	1.79464
410	1.84527
420	1.96599
430	2.02316
440	2.0602
450	2.08755
460	2.12384
470	2.206
480	2.23526
490	2.3174
500	2.33923
510	2.43446
520	2.44089
530	2.49984
540	2.56511
550	2.6097
560	2.72715
570	2.76097
580	2.82748
590	2.85657
600	2.93517
610	2.97626
620	3.00208
630	3.05801
640	3.18078
650	3.21912
660	3.27127
670	3.39165
680	3.40308
690	3.48244
700	3.51096
710	3.59032
720	3.69486
730	3.72281
740	3.80598
750	3.80598
760	3.83201
770	3.85932
780	3.85932
790	3.85932
800	3.86132
810	3.91467
820	3.93372
830	3.96627
840	3.96627
850	3.99422
860	4.03103
870	4.08347
880	4.09847
890	4.14736
900	4.17155
910	4.21452
920	4.22723
930	4.25314
940	4.25569
950	4.31313
960	4.37616
970	4.42227
980	4.48464
990	4.52697
1000	4.57253
1010	4.62921
1020	4.71571
1030	4.74701
1040	4.77512
1050	4.83903
1060	4.86444
1070	4.95652
1080	4.97778
1090	5.07226
74
360	1.55299
370	1.60942
380	1.66601
390	1.7961
400	1.82296
410	1.9038
420	2.03935
430	2.04583
440	2.10373
450	2.10991
460	2.17679
470	2.22572
480	2.28525
490	2.33491
500	2.38562
510	2.45411
520	2.47264
530	2.56157
540	2.59092
550	2.66589
560	2.7717
570	2.79581
580	2.86173
590	2.89631
600	2.98609
610	3.01202
620	3.03258
630	3.11857
640	3.23394
650	3.24807
660	3.33038
670	3.40783
680	3.44313
690	3.51571
700	3.55101
710	3.65978
720	3.71414
730	3.7722
740	3.82216
750	3.82465
760	3.87551
770	3.87551
780	3.87551
790	3.87551
800	3.89152
810	3.93157
820	3.97861
830	3.98246
840	3.98555
850	4.04335
860	4.06402
870	4.09978
880	4.14094
890	4.16549
900	4.21914
910	4.23071
920	4.26819
930	4.26932
940	4.28682
950	4.37428
960	4.40261
970	4.47904
980	4.50952
990	4.58228
1000	4.60334
1010	4.69007
1020	4.73615
1030	4.78296
1040	4.81273
1050	4.85751
1060	4.91263
1070	4.9739
1080	5.02388
1090	5.14735
74
360	1.61435
370	1.6978
380	1.80532
390	1.83609
400	1.94576
410	2.03494
420	2.05441
430	2.09933
440	2.11824
450	2.2128
460	2.23161
470	2.31823
480	2.33795
490	2.41504
500	2.44971
510	2.48865
520	2.57658
530	2.60201
540	2.70532
550	2.76761
560	2.8145
570	2.85981
580	2.91941
590	2.98226
600	3.01167
610	3.04753
620	3.16276
630	3.22954
640	3.26172
650	3.37298
660	3.40611
670	3.46651
680	3.51399
690	3.57439
700	3.70664
710	3.71955
720	3.80458
730	3.81775
740	3.82934
750	3.8711
760	3.8711
770	3.8711
780	3.8711
790	3.90621
800	3.93346
810	3.97805
820	3.97805
830	3.99096
840	4.03898
850	4.08109
860	4.09984
870	4.15914
880	4.16948
890	4.2263
900	4.22964
910	4.26492
920	4.26492
930	4.3023
940	4.38748
950	4.4142
960	4.49629
970	4.51984
980	4.58194
990	4.61856
1000	4.72749
1010	4.74277
1020	4.77984
1030	4.83388
1040	4.86196
1050	4.94381
1060	4.97671
1070	5.053
1080	5.15818
1090	5.17655
74
360	1.67554
370	1.80281
380	1.83498
390	1.91267
400	2.04806
410	2.05878
420	2.11898
430	2.12292
440	2.186
450	2.23929
460	2.29468
470	2.34921
480	2.39537
490	2.46936
500	2.48414
510	2.5703
520	2.60335
530	2.67489
540	2.78694
550	2.80688
560	2.87698
570	2.90677
580	3.00134
590	3.02297
600	3.04427
610	3.12735
620	3.24919
630	3.25999
640	3.33923
650	3.42308
660	3.45355
670	3.53096
680	3.56143
690	3.66835
700	3.72783
710	3.78168
720	3.83741
730	3.83852
740	3.89006
750	3.89076
760	3.89076
770	3.89076
780	3.90325
790	3.9462
800	3.9885
810	3.9977
820	3.99924
830	4.05309
840	4.07535
850	4.1149
860	4.15109
870	4.17955
880	4.22878
890	4.24595
900	4.27851
910	4.28457
920	4.29841
930	4.38303
940	4.41493
950	4.48801
960	4.52209
970	4.59133
980	4.61499
990	4.69884
1000	4.74955
1010	4.79821
1020	4.82344
1030	4.87144
1040	4.92221
1050	4.98827
1060	5.03365
1070	5.15486
1080	5.18153
1090	5.21387
74
360	1.73606
370	1.84169
380	1.87517
390	1.98227
400	2.07131
410	2.0933
420	2.13569
430	2.15712
440	2.25057
450	2.2703
460	2.35637
470	2.37636
480	2.45352
490	2.4862
500	2.52775
510	2.61295
520	2.64102
530	2.74207
540	2.8046
550	2.85357
560	2.89749
570	2.95833
580	3.01939
590	3.04804
600	3.08662
610	3.19512
620	3.2659
630	3.3008
640	3.40719
650	3.44383
660	3.50541
670	3.55171
680	3.61329
690	3.72699
700	3.7582
710	3.84278
720	3.85412
730	3.86792
740	3.90747
750	3.90747
760	3.90747
770	3.90747
780	3.94531
790	3.97172
800	4.01442
810	4.01442
820	4.02961
830	4.07568
840	4.12019
850	4.13785
860	4.19551
870	4.20799
880	4.26266
890	4.26747
900	4.30128
910	4.30134
920	4.3414
930	4.42385
940	4.45323
950	4.53265
960	4.55883
970	4.61834
980	4.65766
990	4.76386
1000	4.78152
1010	4.81724
1020	4.87288
1030	4.90051
1040	4.98212
1050	5.01509
1060	5.09151
1070	5.19454
1080	5.21541
1090	5.23841
74
360	1.80866
370	1.86419
380	1.92657
390	2.05903
400	2.08993
410	2.139
420	2.15418
430	2.20254
440	2.27165
450	2.31301
460	2.38277
470	2.41574
480	2.5033
490	2.51171
500	2.5811
510	2.63333
520	2.6894
530	2.81553
540	2.83308
550	2.90945
560	2.93063
570	3.01824
580	3.04875
590	3.07234
600	3.13893
610	3.27539
620	3.28873
630	3.35181
640	3.45702
650	3.47726
660	3.5649
670	3.58514
680	3.67345
690	3.76039
700	3.80104
710	3.87134
720	3.8714
730	3.90925
740	3.92469
750	3.92469
760	3.92469
770	3.93148
780	3.98004
790	4.0097
800	4.03164
810	4.03181
820	4.07177
830	4.10238
840	4.14884
850	4.17356
860	4.21274
870	4.24848
880	4.27989
890	4.30176
900	4.31851
910	4.32625
920	4.39423
930	4.44466
940	4.50214
950	4.55243
960	4.6064
970	4.64295
980	4.71024
990	4.78159
1000	4.82504
1010	4.84835
1020	4.90441
1030	4.94156
1040	5.02189
1050	5.05419
1060	5.15652
1070	5.2129
1080	5.24779
1090	5.27555
74
360	1.87349
370	1.96438
380	2.08573
390	2.09467
400	2.15011
410	2.15869
420	2.23405
430	2.27388
440	2.34147
450	2.38239
460	2.44065
470	2.50049
480	2.52352
490	2.62217
500	2.64043
510	2.72433
520	2.81807
530	2.84747
540	2.90815
550	2.94932
560	3.03247
570	3.06243
580	3.08312
590	3.17868
600	3.28032
610	3.29828
620	3.38995
630	3.45427
640	3.49622
650	3.56215
660	3.6041
670	3.72361
680	3.7624
690	3.8292
700	3.86854
710	3.87251
720	3.92189
730	3.92189
740	3.92189
750	3.92189
760	3.94202
770	3.97876
780	4.02884
790	4.02884
800	4.03359
810	4.08972
820	4.1152
830	4.14659
840	4.19475
850	4.21319
860	4.27456
870	4.27727
880	4.3157
890	4.3157
900	4.33755
910	4.43462
920	4.45225
930	4.5377
940	4.55882
950	4.63273
960	4.654
970	4.75033
980	4.78449
990	4.82934
1000	4.86514
1010	4.90528
1020	4.9682
1030	5.02132
1040	5.07881
1050	5.20896
1060	5.21718
1070	5.24609
1080	5.29814
1090	5.42563
74
360	1.93596
370	2.0473
380	2.10183
390	2.14822
400	2.16613
410	2.21176
420	2.2842
430	2.32223
440	2.3956
450	2.42505
460	2.51613
470	2.52221
480	2.59066
490	2.64468
500	2.69868
510	2.80701
520	2.84322
530	2.91927
540	2.94031
550	3.02778
560	3.05879
570	3.08299
580	3.1484
590	3.26175
600	3.29961
610	3.36122
620	3.46985
630	3.48692
640	3.57498
650	3.5948
660	3.68286
670	3.773
680	3.81102
690	3.88418
700	3.88418
710	3.9185
720	3.93753
730	3.93753
740	3.93753
750	3.94218
760	3.99284
770	4.01904
780	4.04448
790	4.04448
800	4.081
810	4.11272
820	4.16167
830	4.18306
840	4.22556
850	4.25775
860	4.29272
870	4.31136
880	4.33134
890	4.33683
900	4.40376
910	4.45592
920	4.51144
930	4.56394
940	4.61566
950	4.65357
960	4.71974
970	4.79395
980	4.83426
990	4.85822
1000	4.91719
1010	4.95079
1020	5.03473
1030	5.06351
1040	5.16046
1050	5.22491
1060	5.26061
1070	5.28494
1080	5.37943
1090	5.47418
74
360	2.00936
370	2.12989
380	2.1408
390	2.19428
400	2.20479
410	2.27977
420	2.31971
430	2.38748
440	2.42782
450	2.48694
460	2.54466
470	2.57009
480	2.66669
490	2.68676
500	2.76967
510	2.86224
520	2.89409
530	2.95264
540	2.99589
550	3.07664
560	3.10658
570	3.12965
580	3.22337
590	3.32449
600	3.34476
610	3.43488
620	3.49881
630	3.54279
640	3.60669
650	3.65067
660	3.76674
670	3.8085
680	3.87626
690	3.9127
700	3.91819
710	3.96605
720	3.96605
730	3.96605
740	3.96605
750	3.98855
760	4.02397
770	4.073
780	4.073
790	4.07936
800	4.13388
810	4.1618
820	4.1915
830	4.24124
840	4.25876
850	4.32076
860	4.32196
870	4.35987
880	4.35987
890	4.3841
900	4.47924
910	4.49862
920	4.58297
930	4.60509
940	4.67689
950	4.70054
960	4.79499
970	4.83041
980	4.87354
990	4.91175
1000	4.9509
1010	5.01434
1020	5.06672
1030	5.12511
1040	5.25313
1050	5.26325
1060	5.2912
1070	5.34455
1080	5.46954
1090	5.50688
74
360	2.09089
370	2.13514
380	2.17095
390	2.19952
400	2.2346
410	2.31797
420	2.34612
430	2.42937
440	2.45021
450	2.54311
460	2.55247
470	2.61033
480	2.67696
490	2.72035
500	2.8258
510	2.87242
520	2.93788
530	2.96781
540	3.04546
550	3.08767
560	3.11383
570	3.1694
580	3.28021
590	3.33083
600	3.38183
610	3.49063
620	3.51431
630	3.59272
640	3.62219
650	3.7006
660	3.80676
670	3.83491
680	3.91795
690	3.91795
700	3.94292
710	3.9713
720	3.9713
730	3.9713
740	3.97298
750	4.02659
760	4.04471
770	4.07825
780	4.07825
790	4.1051
800	4.14255
810	4.19544
820	4.2096
830	4.25934
840	4.28249
850	4.32649
860	4.33843
870	4.36511
880	4.3673
890	4.42363
900	4.48799
910	4.5329
920	4.59654
930	4.63765
940	4.68415
950	4.73972
960	4.82769
970	4.85784
980	4.88646
990	4.95093
1000	4.97529
1010	5.0685
1020	5.08878
1030	5.18113
1040	5.25837
1050	5.29272
1060	5.31145
1070	5.40014
1080	5.50795
1090	5.52994
74
360	2.14474
370	2.19987
380	2.20876
390	2.28211
400	2.32395
410	2.38989
420	2.43242
430	2.48947
440	2.55025
450	2.57337
460	2.66894
470	2.69046
480	2.77196
490	2.86783
500	2.89717
510	2.95796
520	2.99871
530	3.0822
540	3.11201
550	3.13343
560	3.22678
570	3.33007
580	3.34823
590	3.43714
600	3.5041
610	3.54559
620	3.61198
630	3.65347
640	3.76665
650	3.81325
660	3.88068
670	3.91829
680	3.92258
690	3.97164
700	3.97164
710	3.97164
720	3.97164
730	3.99193
740	4.02872
750	4.07859
760	4.07859
770	4.08366
780	4.13947
790	4.16499
800	4.19651
810	4.24393
820	4.26324
830	4.32326
840	4.32714
850	4.36545
860	4.36545
870	4.38742
880	4.48152
890	4.50226
900	4.58525
910	4.60886
920	4.68248
930	4.70388
940	4.79724
950	4.83457
960	4.87909
970	4.91467
980	4.95543
990	5.01767
1000	5.07135
1010	5.12766
1020	5.24763
1030	5.26725
1040	5.29616
1050	5.34802
1060	5.4664
1070	5.51141
1080	5.56994
1090	5.6555
74
360	2.20229
370	2.21772
380	2.26581
390	2.33556
400	2.37601
410	2.44693
420	2.47853
430	2.56746
440	2.57451
450	2.64549
460	2.69653
470	2.75301
480	2.86617
490	2.89576
500	2.9743
510	2.99325
520	3.08404
530	3.11138
540	3.13561
550	3.20506
560	3.32106
570	3.3517
580	3.41581
590	3.52118
600	3.53988
610	3.62906
620	3.64776
630	3.73927
640	3.8243
650	3.86933
660	3.93551
670	3.93551
680	3.97216
690	3.98885
700	3.98885
710	3.98885
720	3.99437
730	4.04413
740	4.07235
750	4.0958
760	4.09581
770	4.13473
780	4.16511
790	4.213
800	4.23621
810	4.27689
820	4.31133
830	4.34405
840	4.36439
850	4.38267
860	4.38908
870	4.45853
880	4.50782
890	4.56582
900	4.61572
910	4.66991
920	4.7058
930	4.77449
940	4.84538
950	4.88812
960	4.91098
970	4.96831
980	5.00496
990	5.08605
1000	5.11696
1010	5.21978
1020	5.27648
1030	5.31186
1040	5.33943
1050	5.43999
1060	5.5254
1070	5.56131
1080	5.65758
1090	5.68321
74
360	2.25622
370	2.3474
380	2.36985
390	2.45451
400	2.47655
410	2.55162
420	2.58988
430	2.62593
440	2.7166
450	2.74079
460	2.83847
470	2.90753
480	2.9516
490	2.99925
500	3.05718
510	3.12189
520	3.15107
530	3.19106
540	3.29305
550	3.36971
560	3.39919
570	3.49877
580	3.5454
590	3.60334
600	3.65428
610	3.71793
620	3.83476
630	3.86702
640	3.95793
650	3.95793
660	3.96773
670	4.01128
680	4.01128
690	4.01128
700	4.01128
710	4.0436
720	4.07211
730	4.11823
740	4.11823
750	4.12926
760	4.17905
770	4.21903
780	4.23885
790	4.29932
800	4.30795
810	4.36648
820	4.36883
830	4.40509
840	4.40509
850	4.43962
860	4.52766
870	4.55185
880	4.63646
890	4.65761
900	4.72212
910	4.75591
920	4.85657
930	4.88092
940	4.91982
950	4.97449
960	5.00191
970	5.08583
980	5.11587
990	5.19176
1000	5.284
1010	5.31455
1020	5.34231
1030	5.42227
1040	5.51451
1050	5.55143
1060	5.63384
1070	5.68431
1080	5.76101
1090	5.85284
74
360	2.32802
370	2.38972
380	2.43776
390	2.50012
400	2.53969
410	2.62053
420	2.63241
430	2.70871
440	2.75342
450	2.81842
460	2.93809
470	2.95491
480	3.02784
490	3.0552
500	3.15172
510	3.17379
520	3.19645
530	3.27769
540	3.40036
550	3.40884
560	3.47878
570	3.57395
580	3.6045
590	3.68142
600	3.71604
610	3.82131
620	3.88208
630	3.94849
640	3.98857
650	3.98917
660	4.03368
670	4.04192
680	4.04192
690	4.04192
700	4.05185
710	4.09717
720	4.1332
730	4.14887
740	4.14978
750	4.1964
760	4.22371
770	4.26607
780	4.29662
790	4.33032
800	4.3727
810	4.39712
820	4.42447
830	4.43574
840	4.44681
850	4.5217
860	4.56424
870	4.62853
880	4.67169
890	4.73244
900	4.76345
910	4.83763
920	4.90023
930	4.94928
940	4.97245
950	5.02211
960	5.06945
970	5.13914
980	5.1794
990	5.29032
1000	5.33315
1010	5.36409
1020	5.4086
1030	5.52375
1040	5.57353
1050	5.63217
1060	5.70725
1070	5.75176
1080	5.86691
1090	5.89378
74
360	2.38577
370	2.44044
380	2.49554
390	2.54146
400	2.61545
410	2.63085
420	2.71467
430	2.75086
440	2.82303
450	2.93301
460	2.95406
470	3.02272
480	3.0563
490	3.14624
500	3.17567
510	3.19806
520	3.29136
530	3.38263
540	3.40671
550	3.48397
560	3.56822
570	3.61633
580	3.67681
590	3.73141
600	3.85843
610	3.89435
620	3.9835
630	3.9835
640	3.98495
650	4.03598
660	4.03685
670	4.03685
680	4.03685
690	4.04997
700	4.09232
710	4.1346
720	4.14379
730	4.14572
740	4.19893
750	4.22246
760	4.26099
770	4.29743
780	4.32594
790	4.37478
800	4.39204
810	4.42493
820	4.43066
830	4.44512
840	4.52749
850	4.56162
860	4.63306
870	4.66877
880	4.73656
890	4.7617
900	4.84334
910	4.89662
920	4.9442
930	4.97242
940	5.01809
950	5.07203
960	5.1346
970	5.18125
980	5.30079
990	5.33119
1000	5.36006
1010	5.41327
1020	5.53937
1030	5.57152
1040	5.64077
1050	5.70303
1060	5.75406
1070	5.87786
1080	5.89196
1090	5.93184
74
360	2.43772
370	2.51883
380	2.54152
390	2.63872
400	2.64258
410	2.70304
420	2.76667
430	2.81489
440	2.93744
450	2.96304
460	3.03193
470	3.06219
480	3.14944
490	3.18277
500	3.20917
510	3.28725
520	3.36197
530	3.4227
540	3.48723
550	3.58837
560	3.63017
570	3.6936
580	3.75386
590	3.87554
600	3.90586
610	4.0074
620	4.0074
630	4.0074
640	4.03441
650	4.06075
660	4.06075
670	4.06075
680	4.06296
690	4.11599
700	4.13583
710	4.1677
720	4.1677
730	4.19667
740	4.23292
750	4.2849
760	4.30057
770	4.34879
780	4.3739
790	4.41595
800	4.42927
810	4.45457
820	4.45736
830	4.51629
840	4.57769
850	4.62514
860	4.68612
870	4.72975
880	4.77418
890	4.83235
900	4.91702
910	4.95156
920	4.97846
930	5.03986
940	5.0695
950	5.15779
960	5.18108
970	5.27905
980	5.347
990	5.38203
1000	5.411
1010	5.51586
1020	5.58836
1030	5.63351
1040	5.72548
1050	5.75249
1060	5.85505
1070	5.9047
1080	5.95443
1090	5.9808
74
360	2.51168
370	2.53927
380	2.60945
390	2.65356
400	2.68656
410	2.78023
420	2.80274
430	2.90099
440	2.97116
450	3.01249
460	3.06354
470	3.12358
480	3.18583
490	3.2113
500	3.25886
510	3.3844
520	3.42818
530	3.49992
540	3.59762
550	3.63661
560	3.70082
570	3.74683
580	3.8708
590	3.90192
600	3.98535
610	4.02161
620	4.02161
630	4.03022
640	4.07496
650	4.07496
660	4.07496
670	4.07496
680	4.10447
690	4.13497
700	4.18191
710	4.18191
720	4.19165
730	4.24271
740	4.27939
750	4.30194
760	4.36198
770	4.37055
780	4.43016
790	4.43204
800	4.46877
810	4.46877
820	4.50035
830	4.59134
840	4.61327
850	4.70014
860	4.71925
870	4.7858
880	4.81668
890	4.92506
900	4.94434
910	4.98319
920	5.03387
930	5.06421
940	5.14296
950	5.17855
960	5.24951
970	5.36056
980	5.38307
990	5.40599
1000	5.48396
1010	5.60225
1020	5.62246
1030	5.71759
1040	5.7483
1050	5.82394
1060	5.91651
1070	5.9467
1080	5.97689
1090	6.05174
74
360	2.56444
370	2.65988
380	2.66785
390	2.72509
400	2.79306
410	2.83702
420	2.9476
430	2.98765
440	3.05402
450	3.08789
460	3.14968
470	3.20738
480	3.22961
490	3.30261
500	3.42654
510	3.45385
520	3.55044
530	3.61344
540	3.67731
550	3.71867
560	3.79002
570	3.90205
580	3.93131
590	4.0344
600	4.0344
610	4.0344
620	4.05712
630	4.08775
640	4.08775
650	4.08775
660	4.08856
670	4.14166
680	4.15893
690	4.1947
700	4.1947
710	4.21929
720	4.25789
730	4.31189
740	4.32399
750	4.37579
760	4.3967
770	4.44295
780	4.45291
790	4.48156
800	4.48276
810	4.53834
820	4.60415
830	4.64729
840	4.71294
850	4.75196
860	4.79965
870	4.85441
880	4.94402
890	4.97399
900	5.00242
910	5.06685
920	5.09209
930	5.18479
940	5.20397
950	5.29999
960	5.37339
970	5.40903
980	5.43363
990	5.5342
1000	5.61504
1010	5.6557
1020	5.75248
1030	5.7752
1040	5.8744
1050	5.93024
1060	5.98143
1070	6.00353
1080	6.10225
1090	6.18323
74
360	2.62969
370	2.68779
380	2.71307
390	2.8077
400	2.83102
410	2.91559
420	3.00535
430	3.03769
440	3.09664
450	3.12303
460	3.18133
470	3.24433
480	3.28948
490	3.40145
500	3.45967
510	3.51987
520	3.63173
530	3.66274
540	3.73474
550	3.77129
560	3.8795
570	3.93264
580	4.00502
590	4.05584
600	4.05584
610	4.06129
620	4.10918
630	4.10918
640	4.10918
650	4.10918
660	4.13155
670	4.16704
680	4.21613
690	4.21613
700	4.22245
710	4.27693
720	4.30531
730	4.33462
740	4.38407
750	4.40187
760	4.46349
770	4.46508
780	4.503
790	4.503
800	4.52709
810	4.62066
820	4.64165
830	4.7255
840	4.74814
850	4.82003
860	4.84354
870	4.93742
880	4.97441
890	5.01671
900	5.05756
910	5.09491
920	5.16156
930	5.21013
940	5.26961
950	5.3806
960	5.41135
970	5.43679
980	5.50272
990	5.61865
1000	5.65115
1010	5.73285
1020	5.77937
1030	5.84315
1040	5.95073
1050	5.97367
1060	6.00804
1070	6.0711
1080	6.17958
1090	6.21656
74
360	2.68145
370	2.70023
380	2.78815
390	2.8233
400	2.91128
410	2.99789
420	3.02416
430	3.07245
440	3.10715
450	3.16156
460	3.2373
470	3.27638
480	3.39212
490	3.4549
500	3.52925
510	3.62062
520	3.67044
530	3.72525
540	3.78887
550	3.90731
560	3.93699
570	4.04108
580	4.0495
590	4.0495
600	4.04961
610	4.08621
620	4.10285
630	4.10285
640	4.10285
650	4.11812
660	4.15886
670	4.20048
680	4.2098
690	4.21275
700	4.25735
710	4.28213
720	4.32699
730	4.35403
740	4.39089
750	4.42998
760	4.45805
770	4.48196
780	4.49666
790	4.51438
800	4.60144
810	4.62999
820	4.70866
830	4.73686
840	4.81195
850	4.83267
860	4.921
870	4.96408
880	5.0102
890	5.04335
900	5.08535
910	5.14666
920	5.20137
930	5.25502
940	5.36428
950	5.40058
960	5.42873
970	5.49618
980	5.59373
990	5.64004
1000	5.71745
1010	5.77008
1020	5.82833
1030	5.9295
1040	5.96109
1050	5.9991
1060	6.05812
1070	6.15654
1080	6.20559
1090	6.27764
74
360	2.7359
370	2.80302
380	2.87836
390	2.9522
400	3.0042
410	3.05119
420	3.10569
430	3.14502
440	3.22444
450	3.27112
460	3.34743
470	3.46852
480	3.50591
490	3.62115
500	3.65895
510	3.74569
520	3.77188
530	3.87291
540	3.93511
550	3.99896
560	4.06924
570	4.08086
580	4.08086
590	4.08086
600	4.08098
610	4.11878
620	4.13421
630	4.13421
640	4.13772
650	4.18903
660	4.20497
670	4.24116
680	4.24116
690	4.27483
700	4.30978
710	4.35713
720	4.39917
730	4.4225
740	4.46766
750	4.48941
760	4.5182
770	4.52803
780	4.54993
790	4.64648
800	4.6646
810	4.75025
820	4.77188
830	4.84471
840	4.86901
850	4.96793
860	4.99795
870	5.04153
880	5.08358
890	5.11907
900	5.18837
910	5.23456
920	5.29685
930	5.41476
940	5.43918
950	5.46335
960	5.53966
970	5.66131
980	5.67533
990	5.76098
1000	5.8033
1010	5.86871
1020	5.97501
1030	6.00056
1040	6.03239
1050	6.09857
1060	6.2182
1070	6.24
1080	6.31942
1090	6.39291
74
360	2.78676
370	2.89363
380	2.98202
390	3.04058
400	3.07061
410	3.14206
420	3.16834
430	3.25794
440	3.29135
450	3.38342
460	3.48108
470	3.52711
480	3.65339
490	3.68018
500	3.75733
510	3.79611
520	3.88895
530	3.95075
540	4.02101
550	4.08538
560	4.09766
570	4.09766
580	4.09766
590	4.09766
600	4.09783
610	4.13558
620	4.15101
630	4.15101
640	4.17008
650	4.20713
660	4.22184
670	4.25796
680	4.27008
690	4.31558
700	4.35333
710	4.39144
720	4.43128
730	4.45812
740	4.50621
750	4.51671
760	4.54482
770	4.56034
780	4.63662
790	4.6763
800	4.747
810	4.78385
820	4.85794
830	4.8791
840	4.95686
850	5.01133
860	5.05819
870	5.09163
880	5.13267
890	5.19323
900	5.24901
910	5.30312
920	5.40919
930	5.4503
940	5.47613
950	5.54186
960	5.64817
970	5.68738
980	5.75846
990	5.81738
1000	5.87472
1010	5.9881
1020	6.01048
1030	6.04637
1040	6.10422
1050	6.20308
1060	6.2556
1070	6.33777
1080	6.4084
1090	6.45035
74
360	2.854
370	2.98155
380	3.01797
390	3.08088
400	3.12147
410	3.16903
420	3.23336
430	3.29492
440	3.35618
450	3.49342
460	3.51895
470	3.61697
480	3.67799
490	3.7492
500	3.7876
510	3.86877
520	3.96263
530	4.00628
540	4.09811
550	4.11906
560	4.11906
570	4.11906
580	4.11906
590	4.11906
600	4.11925
610	4.1629
620	4.17241
630	4.17241
640	4.19338
650	4.22854
660	4.24472
670	4.27936
680	4.29269
690	4.337
700	4.38065
710	4.41771
720	4.4602
730	4.49697
740	4.52761
750	4.56144
760	4.56632
770	4.60844
780	4.68878
790	4.71979
800	4.79741
810	4.82774
820	4.88344
830	4.93091
840	5.02838
850	5.05168
860	5.08403
870	5.14835
880	5.17008
890	5.26197
900	5.28501
910	5.37307
920	5.45712
930	5.49252
940	5.51642
950	5.6152
960	5.69948
970	5.73119
980	5.83661
990	5.85537
1000	5.94726
1010	6.01368
1020	6.06039
1030	6.0825
1040	6.17132
1050	6.26558
1060	6.30387
1070	6.41825
1080	6.43983
1090	6.47354
74
360	2.92585
370	3.02108
380	3.0748
390	3.11052
400	3.18085
410	3.21581
420	3.30901
430	3.33861
440	3.44024
450	3.51763
460	3.57787
470	3.68979
480	3.72118
490	3.7948
500	3.83182
510	3.94143
520	3.9922
530	4.06842
540	4.12295
550	4.13838
560	4.13838
570	4.13838
580	4.13838
590	4.13838
600	4.1471
610	4.19173
620	4.19173
630	4.19278
640	4.23549
650	4.24809
660	4.29019
670	4.29869
680	4.33644
690	4.3652
700	4.4309
710	4.4559
720	4.48561
730	4.54693
740	4.5519
750	4.58554
760	4.59391
770	4.66504
780	4.71205
790	4.7723
800	4.82045
810	4.87997
820	4.91318
830	4.9894
840	5.0493
850	5.09892
860	5.12044
870	5.17125
880	5.21698
890	5.28838
900	5.33048
910	5.44517
920	5.4847
930	5.5136
940	5.56586
950	5.69071
960	5.72299
970	5.78397
980	5.85654
990	5.90227
1000	6.02059
1010	6.04311
1020	6.08543
1030	6.12825
1040	6.24367
1050	6.29161
1060	6.35912
1070	6.4488
1080	6.48155
1090	6.50634
74
360	2.97936
370	3.01342
380	3.0654
390	3.12223
400	3.15861
410	3.2452
420	3.28581
430	3.36173
440	3.47964
450	3.5107
460	3.61193
470	3.66551
480	3.73652
490	3.77449
500	3.85207
510	3.94844
520	3.98852
530	4.08506
540	4.10646
550	4.10646
560	4.10646
570	4.10646
580	4.10646
590	4.10646
600	4.11525
610	4.15981
620	4.15981
630	4.16515
640	4.21593
650	4.22544
660	4.26676
670	4.27419
680	4.32413
690	4.35585
700	4.40154
710	4.44759
720	4.47299
730	4.515
740	4.53807
750	4.55362
760	4.58337
770	4.67617
780	4.69701
790	4.7848
800	4.80511
810	4.87027
820	4.90472
830	5.00947
840	5.03063
850	5.06854
860	5.11846
870	5.15046
880	5.22638
890	5.26573
900	5.33744
910	5.44441
920	5.47417
930	5.49523
940	5.57678
950	5.68687
960	5.70826
970	5.79825
980	5.83542
990	5.91065
1000	6.00061
1010	6.03437
1020	6.06308
1030	6.1355
1040	6.25298
1050	6.27958
1060	6.3759
1070	6.42222
1080	6.45936
1090	6.50084
74
360	3.0362
370	3.09276
380	3.14059
390	3.17808
400	3.24875
410	3.31089
420	3.37014
430	3.50077
440	3.5313
450	3.61911
460	3.69154
470	3.74936
480	3.79841
490	3.86195
500	3.98132
510	4.00417
520	4.09697
530	4.13235
540	4.14053
550	4.14053
560	4.14053
570	4.14053
580	4.14053
590	4.14053
600	4.1707
610	4.19388
620	4.19388
630	4.21736
640	4.25073
650	4.29499
660	4.30118
670	4.34401
680	4.37059
690	4.43298
700	4.46452
710	4.49023
720	4.54907
730	4.5563
740	4.58769
750	4.59888
760	4.67455
770	4.71624
780	4.7812
790	4.82458
800	4.88883
810	4.9185
820	4.99916
830	5.05285
840	5.10106
850	5.12685
860	5.1744
870	5.2258
880	5.29143
890	5.33997
900	5.4599
910	5.48967
920	5.5173
930	5.57513
940	5.70347
950	5.72724
960	5.79292
970	5.85959
980	5.91028
990	6.03209
1000	6.05483
1010	6.08985
1020	6.14767
1030	6.27585
1040	6.29633
1050	6.36843
1060	6.45097
1070	6.49237
1080	6.51309
1090	6.54301
74
360	3.09154
370	3.15067
380	3.18203
390	3.26352
400	3.3129
410	3.38285
420	3.51157
430	3.53762
440	3.63498
450	3.69125
460	3.74462
470	3.79767
480	3.85681
490	3.98192
500	4.00167
510	4.09109
520	4.13097
530	4.14213
540	4.14213
550	4.14213
560	4.14213
570	4.14213
580	4.14213
590	4.1468
600	4.19548
610	4.19548
620	4.19773
630	4.25152
640	4.27467
650	4.30243
660	4.33566
670	4.37131
680	4.41402
690	4.44318
700	4.48326
710	4.51445
720	4.55103
730	4.58929
740	4.59565
750	4.662
760	4.71447
770	4.77
780	4.82291
790	4.87772
800	4.91487
810	4.98699
820	5.05226
830	5.09913
840	5.12337
850	5.17439
860	5.21983
870	5.29188
880	5.33371
890	5.44765
900	5.48842
910	5.51668
920	5.5686
930	5.69264
940	5.72537
950	5.78162
960	5.8596
970	5.90432
980	6.02115
990	6.05029
1000	6.08954
1010	6.14074
1020	6.26406
1030	6.29358
1040	6.35632
1050	6.45176
1060	6.48781
1070	6.5122
1080	6.54258
1090	6.60965
74
360	3.14552
370	3.18932
380	3.25794
390	3.32319
400	3.38011
410	3.49317
420	3.53902
430	3.61855
440	3.7062
450	3.73639
460	3.81098
470	3.84691
480	3.95071
490	4.00458
500	4.07319
510	4.13772
520	4.15915
530	4.15915
540	4.15915
550	4.15915
560	4.15915
570	4.15915
580	4.15915
590	4.17182
600	4.2125
610	4.2125
620	4.23053
630	4.27076
640	4.3179
650	4.32074
660	4.364
670	4.39242
680	4.44634
690	4.4732
700	4.50534
710	4.56769
720	4.58904
730	4.60645
740	4.65012
750	4.72887
760	4.76115
770	4.8375
780	4.86908
790	4.92371
800	4.97439
810	5.06847
820	5.0928
830	5.12572
840	5.19069
850	5.21441
860	5.30867
870	5.32888
880	5.42269
890	5.49694
900	5.53195
910	5.56078
920	5.66114
930	5.73957
940	5.77257
950	5.8748
960	5.8986
970	5.9946
980	6.05535
990	6.10495
1000	6.13379
1010	6.23414
1020	6.30567
1030	6.34544
1040	6.45095
1050	6.48475
1060	6.51601
1070	6.55306
1080	6.59751
1090	6.64136
74
360	3.21199
370	3.29737
380	3.34326
390	3.41008
400	3.54519
410	3.55946
420	3.64261
430	3.72139
440	3.76741
450	3.8278
460	3.87976
470	4.00593
480	4.0282
490	4.10986
500	4.15798
510	4.17595
520	4.17595
530	4.17595
540	4.17595
550	4.17595
560	4.17595
570	4.17595
580	4.17783
590	4.22199
600	4.2293
610	4.24028
620	4.28405
630	4.30466
640	4.33625
650	4.35098
660	4.4043
670	4.4429
680	4.47203
690	4.51708
700	4.55717
710	4.59145
720	4.62382
730	4.67281
740	4.74564
750	4.78202
760	4.85383
770	4.89317
780	4.94192
790	4.99834
800	5.08403
810	5.12263
820	5.14812
830	5.20669
840	5.24019
850	5.32466
860	5.35341
870	5.45585
880	5.51482
890	5.54871
900	5.58221
910	5.68985
920	5.7552
930	5.80642
940	5.89162
950	5.92727
960	6.03714
970	6.07465
980	6.12174
990	6.15454
1000	6.26144
1010	6.32293
1020	6.3749
1030	6.48519
1040	6.5072
1050	6.53536
1060	6.57047
1070	6.61872
1080	6.66062
1090	6.69293
74
360	3.28648
370	3.36349
380	3.40535
390	3.51955
400	3.57415
410	3.63246
420	3.74688
430	3.76962
440	3.85228
450	3.88057
460	3.98299
470	4.04339
480	4.1002
490	4.17795
500	4.20197
510	4.20197
520	4.20197
530	4.20197
540	4.20197
550	4.20197
560	4.20197
570	4.20197
580	4.20395
590	4.24936
600	4.25532
610	4.26663
620	4.31875
630	4.34385
640	4.36541
650	4.42447
660	4.4476
670	4.48997
680	4.53856
690	4.56136
700	4.61041
710	4.64887
720	4.67401
730	4.77167
740	4.78746
750	4.87343
760	4.89762
770	4.96542
780	4.99706
790	5.10309
800	5.12732
810	5.16356
820	5.21963
830	5.24657
840	5.32955
850	5.36159
860	5.43933
870	5.53888
880	5.56848
890	5.58864
900	5.67162
910	5.77989
920	5.80689
930	5.90781
940	5.93295
950	6.01817
960	6.09487
970	6.13673
980	6.16122
990	6.24345
1000	6.34747
1010	6.37512
1020	6.47678
1030	6.51813
1040	6.55407
1050	6.59566
1060	6.62018
1070	6.68133
1080	6.71852
1090	6.74012
74
360	3.34346
370	3.38325
380	3.45515
390	3.5824
400	3.6007
410	3.68858
420	3.75981
430	3.8121
440	3.86672
450	3.92483
460	4.05204
470	4.06933
480	4.15575
490	4.19803
500	4.21315
510	4.21315
520	4.21315
530	4.21315
540	4.21315
550	4.21315
560	4.21315
570	4.21315
580	4.2205
590	4.2665
600	4.2665
610	4.28803
620	4.33968
630	4.36756
640	4.39179
650	4.44193
660	4.48623
670	4.51252
680	4.55484
690	4.60059
700	4.63173
710	4.66232
720	4.71679
730	4.78308
740	4.8252
750	4.89152
760	4.93655
770	4.98105
780	5.04278
790	5.12165
800	5.16595
810	5.18919
820	5.24389
830	5.28311
840	5.36187
850	5.39603
860	5.50279
870	5.55377
880	5.58597
890	5.62519
900	5.73703
910	5.79391
920	5.85056
930	5.929
940	5.97039
950	6.08442
960	6.11463
970	6.15898
980	6.19747
990	6.30859
1000	6.3617
1010	6.41908
1020	6.5224
1030	6.54925
1040	6.5757
1050	6.60893
1060	6.66267
1070	6.70047
1080	6.73101
1090	6.76527
74
360	3.40117
370	3.50011
380	3.58673
390	3.62404
400	3.73485
410	3.77152
420	3.84925
430	3.88022
440	3.96429
450	4.05638
460	4.09216
470	4.19328
480	4.21619
490	4.21749
500	4.21749
510	4.21749
520	4.21749
530	4.21749
540	4.21749
550	4.21749
560	4.21749
570	4.2274
580	4.27083
590	4.27083
600	4.2975
610	4.34785
620	4.37745
630	4.4179
640	4.45125
650	4.50464
660	4.53262
670	4.56459
680	4.62547
690	4.65085
700	4.6747
710	4.7548
720	4.79176
730	4.85838
740	4.90106
750	4.97085
760	4.99569
770	5.08373
780	5.13098
790	5.17674
800	5.21178
810	5.25173
820	5.31518
830	5.3683
840	5.4262
850	5.54608
860	5.56773
870	5.59382
880	5.65727
890	5.77959
900	5.80696
910	5.88945
920	5.93747
930	6.0033
940	6.11025
950	6.13256
960	6.16661
970	6.22927
980	6.35125
990	6.37498
1000	6.45826
1010	6.5273
1020	6.56905
1030	6.59507
1040	6.62108
1050	6.69678
1060	6.71791
1070	6.74206
1080	6.77104
1090	6.82576
74
360	3.47642
370	3.60547
380	3.62794
390	3.70806
400	3.79044
410	3.83551
420	3.89682
430	3.94761
440	4.06936
450	4.09671
460	4.1754
470	4.22675
480	4.24494
490	4.24494
500	4.24494
510	4.24494
520	4.24494
530	4.24494
540	4.24494
550	4.24494
560	4.24494
570	4.26357
580	4.29829
590	4.30602
600	4.35258
610	4.4049
620	4.42048
630	4.47329
640	4.51049
650	4.54103
660	4.58607
670	4.6247
680	4.66017
690	4.69285
700	4.74078
710	4.81463
720	4.84969
730	4.92282
740	4.96073
750	5.01081
760	5.06518
770	5.15302
780	5.19022
790	5.21664
800	5.27558
810	5.30855
820	5.39366
830	5.42135
840	5.52007
850	5.58374
860	5.6177
870	5.64998
880	5.75371
890	5.82414
900	5.8735
910	5.96061
920	5.99496
930	6.10084
940	6.14343
950	6.19073
960	6.22234
970	6.32535
980	6.39187
990	6.44195
1000	6.55419
1010	6.57539
1020	6.60407
1030	6.63943
1040	6.68593
1050	6.7294
1060	6.76188
1070	6.79706
1080	6.8223
1090	6.85957
74
360	3.53381
370	3.62323
380	3.66246
390	3.77173
400	3.81138
410	3.88913
420	3.91931
430	4.00056
440	4.09281
450	4.13063
460	4.22966
470	4.25386
480	4.25386
490	4.25386
500	4.25386
510	4.25386
520	4.25386
530	4.25386
540	4.25386
550	4.25386
560	4.25386
570	4.27252
580	4.30721
590	4.31495
600	4.37918
610	4.41417
620	4.4562
630	4.48958
640	4.54098
650	4.57193
660	4.603
670	4.66182
680	4.68958
690	4.71412
700	4.79257
710	4.83003
720	4.89517
730	4.93944
740	5.00738
750	5.03447
760	5.11852
770	5.1696
780	5.21314
790	5.25027
800	5.29005
810	5.35309
820	5.40616
830	5.4636
840	5.59077
850	5.60649
860	5.63192
870	5.69426
880	5.82654
890	5.84567
900	5.92483
910	5.97571
920	6.04015
930	6.14662
940	6.17134
950	6.20471
960	6.26635
970	6.39779
980	6.4137
990	6.49356
1000	6.56465
1010	6.60542
1020	6.63378
1030	6.65973
1040	6.73313
1050	6.7567
1060	6.7809
1070	6.80866
1080	6.8633
1090	6.8853
74
360	3.58957
370	3.61887
380	3.69829
390	3.78451
400	3.82943
410	3.89059
420	3.93952
430	4.06046
440	4.08774
450	4.16556
460	4.21928
470	4.23999
480	4.23999
490	4.23999
500	4.23999
510	4.23999
520	4.23999
530	4.23999
540	4.23999
550	4.23999
560	4.23999
570	4.26137
580	4.29334
590	4.31244
600	4.38767
610	4.41122
620	4.466
630	4.50171
640	4.53286
650	4.57733
660	4.62879
670	4.65701
680	4.68684
690	4.7444
700	4.80904
710	4.83935
720	4.91609
730	4.9586
740	5.00462
750	5.068
760	5.14706
770	5.18717
780	5.20917
790	5.27042
800	5.2994
810	5.38871
820	5.41127
830	5.51155
840	5.5773
850	5.61269
860	5.63966
870	5.74548
880	5.81805
890	5.86297
900	5.95566
910	5.98464
920	6.09265
930	6.13568
940	6.18578
950	6.2121
960	6.31715
970	6.38569
980	6.43141
990	6.54924
1000	6.56567
1010	6.59613
1020	6.63362
1030	6.67693
1040	6.72204
1050	6.75626
1060	6.79182
1070	6.81379
1080	6.85264
1090	6.88588
74
360	3.65026
370	3.73218
380	3.81112
390	3.85523
400	3.91753
410	3.96584
420	4.08416
430	4.11638
440	4.1913
450	4.2471
460	4.26618
470	4.26618
480	4.26618
490	4.26618
500	4.26618
510	4.26618
520	4.26618
530	4.26618
540	4.26618
550	4.26618
560	4.27836
570	4.31953
580	4.33012
590	4.38725
600	4.43462
610	4.46084
620	4.5018
630	4.54521
640	4.56714
650	4.64626
660	4.68002
670	4.71114
680	4.76505
690	4.83383
700	4.87864
710	4.94264
720	4.98675
730	5.03197
740	5.09218
750	5.17338
760	5.21398
770	5.23671
780	5.29661
790	5.32624
800	5.41489
810	5.43843
820	5.53085
830	5.6041
840	5.63885
850	5.66721
860	5.76522
870	5.84481
880	5.89032
890	5.98184
900	6.01147
910	6.11089
920	6.16299
930	6.21197
940	6.23908
950	6.33569
960	6.41241
970	6.45792
980	6.57344
990	6.59348
1000	6.62379
1010	6.66018
1020	6.70359
1030	6.74957
1040	6.78262
1050	6.8174
1060	6.84245
1070	6.88031
1080	6.9121
1090	6.94991
74
360	3.71161
370	3.82519
380	3.84675
390	3.9309
400	3.95595
410	4.05267
420	4.12128
430	4.17291
440	4.25643
450	4.28084
460	4.28084
470	4.28084
480	4.28084
490	4.28084
500	4.28084
510	4.28084
520	4.28084
530	4.28084
540	4.28084
550	4.28085
560	4.31626
570	4.33419
580	4.36911
590	4.42962
600	4.46808
610	4.51538
620	4.53694
630	4.57057
640	4.62656
650	4.6854
660	4.72325
670	4.75336
680	4.84781
690	4.86993
700	4.95671
710	4.97827
720	5.04203
730	5.07912
740	5.18781
750	5.20667
760	5.2416
770	5.29323
780	5.32268
790	5.39977
800	5.43725
810	5.50707
820	5.61775
830	5.64161
840	5.66445
850	5.74081
860	5.85863
870	5.88308
880	5.97908
890	6.00791
900	6.085
910	6.17361
920	6.20853
930	6.23646
940	6.31064
950	6.42629
960	6.44898
970	6.5428
980	6.59471
990	6.63238
1000	6.67311
1010	6.69583
1020	6.75982
1030	6.7968
1040	6.8168
1050	6.84255
1060	6.89034
1070	6.92671
1080	6.94352
1090	6.98067
74
360	3.78818
370	3.84998
380	3.9037
390	3.95694
400	4.01671
410	4.1428
420	4.15878
430	4.24579
440	4.29026
450	4.30397
460	4.30397
470	4.30397
480	4.30397
490	4.30397
500	4.30397
510	4.30397
520	4.30397
530	4.30397
540	4.30397
550	4.30398
560	4.34184
570	4.35883
580	4.40404
590	4.47831
600	4.50502
610	4.5398
620	4.59104
630	4.61011
640	4.70165
650	4.72223
660	4.75097
670	4.81527
680	4.87276
690	4.92723
700	4.9815
710	5.03521
720	5.07323
730	5.14661
740	5.21191
750	5.26184
760	5.2791
770	5.33439
780	5.37221
790	5.45268
800	5.48332
810	5.58924
820	5.64324
830	5.67576
840	5.71889
850	5.83748
860	5.88431
870	5.94181
880	6.01963
890	6.05746
900	6.17094
910	6.2034
920	6.2497
930	6.28603
940	6.398
950	6.45141
960	6.50664
970	6.61312
980	6.63733
990	6.66542
1000	6.69919
1010	6.75518
1020	6.79201
1030	6.82154
1040	6.85411
1050	6.89572
1060	6.92382
1070	6.95038
1080	6.99728
1090	7.01884
74
360	3.84578
370	3.91485
380	3.95545
390	4.02856
400	4.13387
410	4.16683
420	4.26977
430	4.29707
440	4.29719
450	4.29719
460	4.29719
470	4.29719
480	4.29719
490	4.29719
500	4.29719
510	4.29719
520	4.29719
530	4.29719
540	4.29719
550	4.32869
560	4.35065
570	4.39642
580	4.47618
590	4.50914
600	4.53721
610	4.58426
620	4.60893
630	4.69238
640	4.72025
650	4.74681
660	4.81685
670	4.86742
680	4.9307
690	4.97609
700	5.04016
710	5.07012
720	5.14476
730	5.20618
740	5.25635
750	5.27732
760	5.32776
770	5.37436
780	5.44591
790	5.48426
800	5.57497
810	5.63847
820	5.66955
830	5.72281
840	5.82042
850	5.87946
860	5.94553
870	6.01301
880	6.05961
890	6.15415
900	6.19954
910	6.24299
920	6.28793
930	6.3817
940	6.44627
950	6.51071
960	6.60626
970	6.63777
980	6.66401
990	6.69458
1000	6.76065
1010	6.78929
1020	6.8163
1030	6.84774
1040	6.8985
1050	6.92143
1060	6.94441
1070	6.99509
1080	7.01726
1090	7.04075
74
360	3.903
370	3.96448
380	4.01476
390	4.13199
400	4.16673
410	4.25336
420	4.29713
430	4.31582
440	4.31582
450	4.31582
460	4.31582
470	4.31582
480	4.31582
490	4.31582
500	4.31582
510	4.31582
520	4.31582
530	4.31582
540	4.32627
550	4.36917
560	4.38812
570	4.48094
580	4.50608
590	4.54654
600	4.59604
610	4.60971
620	4.68087
630	4.72392
640	4.75827
650	4.80236
660	4.88276
670	4.91621
680	4.99139
690	5.02854
700	5.07801
710	5.13138
720	5.22269
730	5.25264
740	5.27998
750	5.34623
760	5.36572
770	5.45931
780	5.47892
790	5.56478
800	5.65257
810	5.6873
820	5.71144
830	5.81119
840	5.89355
850	5.9307
860	6.03148
870	6.05098
880	6.14457
890	6.20923
900	6.25797
910	6.27995
920	6.372
930	6.46115
940	6.49605
950	6.6057
960	6.63662
970	6.6694
980	6.70862
990	6.74576
1000	6.7959
1010	6.83112
1020	6.86573
1030	6.88926
1040	6.92724
1050	6.96168
1060	6.98832
1070	7.0193
1080	7.05937
1090	7.05937
74
360	3.95485
370	3.9855
380	4.0719
390	4.15979
400	4.20535
410	4.296
420	4.3236
430	4.3236
440	4.3236
450	4.3236
460	4.3236
470	4.3236
480	4.3236
490	4.3236
500	4.3236
510	4.3236
520	4.3236
530	4.3236
540	4.35904
550	4.37761
560	4.42709
570	4.50258
580	4.53953
590	4.56629
600	4.61067
610	4.63904
620	4.72668
630	4.7512
640	4.77568
650	4.85422
660	4.89563
670	4.96318
680	5.00578
690	5.07725
700	5.09949
710	5.18746
720	5.23424
730	5.28275
740	5.30726
750	5.35478
760	5.40505
770	5.47237
780	5.51479
790	5.63555
800	5.66695
810	5.69698
820	5.75353
830	5.88448
840	5.90794
850	5.97941
860	6.04003
870	6.0903
880	6.21636
890	6.22868
900	6.26989
910	6.31858
920	6.4445
930	6.4746
940	6.54372
950	6.63227
960	6.67076
970	6.69359
980	6.7233
990	6.79556
1000	6.81921
1010	6.84512
1020	6.87547
1030	6.93208
1040	6.95244
1050	6.97212
1060	7.02149
1070	7.04726
1080	7.06715
1090	7.06715
74
360	4.0133
370	4.11195
380	4.1805
390	4.23445
400	4.31559
410	4.34318
420	4.34318
430	4.34318
440	4.34318
450	4.34318
460	4.34318
470	4.34318
480	4.34318
490	4.34318
500	4.34318
510	4.34318
520	4.3432
530	4.38328
540	4.39807
550	4.45203
560	4.52223
570	4.56385
580	4.58884
590	4.63025
600	4.66287
610	4.74627
620	4.77477
630	4.79839
640	4.88164
650	4.91725
660	4.98893
670	5.02763
680	5.10314
690	5.12233
700	5.21377
710	5.25562
720	5.30233
730	5.33084
740	5.37545
750	5.43094
760	5.49236
770	5.53938
780	5.64584
790	5.68881
800	5.71806
810	5.77973
820	5.88794
830	5.9298
840	6.00534
850	6.06055
860	6.11527
870	6.22266
880	6.25124
890	6.2903
900	6.34348
910	6.45068
920	6.49632
930	6.56954
940	6.65199
950	6.69376
960	6.71786
970	6.74614
980	6.82072
990	6.84477
1000	6.86847
1010	6.89695
1020	6.95148
1030	6.97739
1040	6.99324
1050	7.04108
1060	7.07092
1070	7.08674
1080	7.08674
1090	7.11329
74
360	4.08474
370	4.19864
380	4.22454
390	4.32135
400	4.34949
410	4.36286
420	4.36286
430	4.36286
440	4.36286
450	4.36286
460	4.36286
470	4.36286
480	4.36286
490	4.36286
500	4.36286
510	4.36286
520	4.37896
530	4.41621
540	4.44211
550	4.53889
560	4.55892
570	4.59572
580	4.64993
590	4.66158
600	4.73831
610	4.77527
620	4.80698
630	4.85933
640	4.93003
650	4.97162
660	5.03901
670	5.08419
680	5.1278
690	5.18804
700	5.26977
710	5.30777
720	5.33134
730	5.39324
740	5.42038
750	5.51157
760	5.53228
770	5.62263
780	5.70025
790	5.73425
800	5.76661
810	5.87059
820	5.9412
830	5.98638
840	6.07853
850	6.10504
860	6.20257
870	6.25844
880	6.30858
890	6.33388
900	6.42997
910	6.50856
920	6.55231
930	6.66764
940	6.69219
950	6.72142
960	6.75651
970	6.80599
980	6.84729
990	6.87879
1000	6.91238
1010	6.94752
1020	6.97962
1030	7.00872
1040	7.04316
1050	7.07083
1060	7.10642
1070	7.10642
1080	7.11468
1090	7.17155
74
360	4.14809
370	4.21038
380	4.26794
390	4.34412
400	4.37154
410	4.37154
420	4.37154
430	4.37154
440	4.37154
450	4.37154
460	4.37154
470	4.37154
480	4.37154
490	4.37154
500	4.37154
510	4.37198
520	4.41643
530	4.42796
540	4.48551
550	4.55114
560	4.59704
570	4.62119
580	4.65862
590	4.69578
600	4.77463
610	4.80751
620	4.83052
630	4.91649
640	4.94833
650	5.02265
660	5.05918
670	5.13234
680	5.1545
690	5.2473
700	5.28646
710	5.3307
720	5.36357
730	5.40537
740	5.46438
750	5.52171
760	5.57271
770	5.69654
780	5.72048
790	5.74839
800	5.81324
810	5.92238
820	5.96112
830	6.03907
840	6.09049
850	6.14877
860	6.2566
870	6.28319
880	6.32071
890	6.37972
900	6.48769
910	6.52783
920	6.60433
930	6.68114
940	6.72168
950	6.75319
960	6.77907
970	6.84876
980	6.87893
990	6.90174
1000	6.92933
1010	6.97905
1020	7.01476
1030	7.02383
1040	7.06944
1050	7.10371
1060	7.1151
1070	7.1151
1080	7.14593
1090	7.18023
74
360	4.20067
370	4.25306
380	4.33583
390	4.36409
400	4.36409
410	4.36409
420	4.36409
430	4.36409
440	4.36409
450	4.36409
460	4.36409
470	4.36409
480	4.36409
490	4.36409
500	4.36409
510	4.40181
520	4.41825
530	4.47063
540	4.54294
550	4.58551
560	4.60802
570	4.65117
580	4.68144
590	4.76709
600	4.79461
610	4.81769
620	4.902
630	4.93782
640	5.01231
650	5.04704
660	5.12313
670	5.14114
680	5.23363
690	5.27555
700	5.32325
710	5.34944
720	5.39545
730	5.44948
740	5.51276
750	5.56269
760	5.68328
770	5.70835
780	5.73804
790	5.80025
800	5.92285
810	5.95316
820	6.03993
830	6.08068
840	6.13389
850	6.25519
860	6.27191
870	6.3109
880	6.36575
890	6.48732
900	6.51812
910	6.59916
920	6.67202
930	6.7134
940	6.74438
950	6.7697
960	6.84022
970	6.8705
980	6.89181
990	6.91953
1000	6.97096
1010	7.00485
1020	7.01294
1030	7.06199
1040	7.08951
1050	7.10765
1060	7.10765
1070	7.13192
1080	7.17278
1090	7.17278
74
360	4.26642
370	4.36133
380	4.38959
390	4.38959
400	4.38959
410	4.38959
420	4.38959
430	4.38959
440	4.38959
450	4.38959
460	4.38959
470	4.38959
480	4.38959
490	4.38959
500	4.41719
510	4.44293
520	4.484
530	4.56842
540	4.60022
550	4.62758
560	4.67666
570	4.69794
580	4.79024
590	4.81156
600	4.83792
610	4.91101
620	4.95942
630	5.02266
640	5.06842
650	5.13329
660	5.16024
670	5.24102
680	5.29795
690	5.34874
700	5.36662
710	5.41988
720	5.46259
730	5.53776
740	5.57639
750	5.6778
760	5.72972
770	5.76131
780	5.81387
790	5.92172
800	5.97306
810	6.04861
820	6.10525
830	6.14714
840	6.24999
850	6.29125
860	6.33535
870	6.38216
880	6.48736
890	6.53882
900	6.60862
910	6.69659
920	6.73816
930	6.76182
940	6.79038
950	6.86544
960	6.88854
970	6.91224
980	6.94113
990	6.99633
1000	7.02131
1010	7.03614
1020	7.08748
1030	7.10647
1040	7.13314
1050	7.13314
1060	7.14944
1070	7.19827
1080	7.19827
1090	7.20044
74
360	4.33061
370	4.38708
380	4.4103
390	4.4103
400	4.4103
410	4.4103
420	4.4103
430	4.4103
440	4.4103
450	4.4103
460	4.4103
470	4.4103
480	4.4103
490	4.41271
500	4.46365
510	4.47079
520	4.54264
530	4.59285
540	4.63997
550	4.6699
560	4.69824
570	4.74848
580	4.81376
590	4.85238
600	4.87837
610	4.96892
620	4.99608
630	5.08542
640	5.10571
650	5.17109
660	5.20381
670	5.29791
680	5.33236
690	5.36976
700	5.41537
710	5.4484
720	5.5217
730	5.56465
740	5.63422
750	5.74428
760	5.76866
770	5.79482
780	5.87984
790	5.98653
800	6.01445
810	6.10607
820	6.13344
830	6.20603
840	6.30278
850	6.33549
860	6.36583
870	6.44312
880	6.55375
890	6.58129
900	6.68487
910	6.72784
920	6.76102
930	6.80099
940	6.83514
950	6.8874
960	6.92342
970	6.95613
980	6.97842
990	7.01885
1000	7.05616
1010	7.06828
1020	7.10866
1030	7.15385
1040	7.15385
1050	7.15399
1060	7.19728
1070	7.21899
1080	7.21899
1090	7.23582
74
360	4.39459
370	4.41416
380	4.41416
390	4.41416
400	4.41416
410	4.41416
420	4.41416
430	4.41416
440	4.41416
450	4.41416
460	4.41416
470	4.41416
480	4.41846
490	4.46751
500	4.47736
510	4.54955
520	4.59907
530	4.64384
540	4.6775
550	4.70343
560	4.75599
570	4.81867
580	4.85622
590	4.88588
600	4.9809
610	5.0039
620	5.08944
630	5.11359
640	5.17499
650	5.21214
660	5.31937
670	5.34226
680	5.37458
690	5.42294
700	5.45495
710	5.52855
720	5.57104
730	5.64113
740	5.75039
750	5.7807
760	5.80356
770	5.89048
780	5.9904
790	6.02203
800	6.12365
810	6.14005
820	6.21294
830	6.30618
840	6.34754
850	6.37308
860	6.45159
870	6.55687
880	6.59472
890	6.70266
900	6.73757
910	6.76878
920	6.80453
930	6.85151
940	6.89595
950	6.92711
960	6.95991
970	6.99916
980	7.03015
990	7.06003
1000	7.07529
1010	7.1136
1020	7.15772
1030	7.15772
1040	7.15862
1050	7.20488
1060	7.22285
1070	7.22285
1080	7.24309
1090	7.25591
74
360	4.44723
370	4.44723
380	4.44723
390	4.44723
400	4.44723
410	4.44723
420	4.44723
430	4.44723
440	4.44723
450	4.44723
460	4.47839
470	4.50082
480	4.54544
490	4.62511
500	4.66896
510	4.68771
520	4.7343
530	4.75892
540	4.85018
550	4.8724
560	4.8981
570	4.97349
580	5.01893
590	5.08509
600	5.12823
610	5.1967
620	5.22274
630	5.3089
640	5.35837
650	5.40638
660	5.42745
670	5.47775
680	5.52391
690	5.59539
700	5.63847
710	5.7581
720	5.79231
730	5.82058
740	5.88136
750	6.01214
760	6.03308
770	6.11001
780	6.16321
790	6.20859
800	6.30667
810	6.37997
820	6.40751
830	6.50213
840	6.57978
850	6.63671
860	6.73328
870	6.77022
880	6.79873
890	6.83202
900	6.8951
910	6.92384
920	6.95643
930	6.98699
940	7.03522
950	7.06238
960	7.09309
970	7.09479
980	7.14512
990	7.16734
1000	7.19079
1010	7.19079
1020	7.21018
1030	7.25592
1040	7.25592
1050	7.25961
1060	7.28898
1070	7.29859
1080	7.35949
1090	7.38794
74
360	4.50026
370	4.50026
380	4.50026
390	4.50026
400	4.50026
410	4.50026
420	4.50026
430	4.50026
440	4.52858
450	4.56562
460	4.62603
470	4.70948
480	4.73412
490	4.78702
500	4.81529
510	4.90219
520	4.9338
530	4.95672
540	5.04263
550	5.07295
560	5.14018
570	5.18228
580	5.25176
590	5.27716
600	5.36382
610	5.41266
620	5.45941
630	5.48214
640	5.53091
650	5.57947
660	5.649
670	5.69905
680	5.8238
690	5.85698
700	5.88238
710	5.97277
720	6.03157
730	6.08067
740	6.14343
750	6.21293
760	6.27679
770	6.4135
780	6.44576
790	6.55002
800	6.6139
810	6.69271
820	6.75491
830	6.81992
840	6.8467
850	6.87653
860	6.93379
870	6.96823
880	6.99732
890	7.03312
900	7.04612
910	7.08737
920	7.12252
930	7.14612
940	7.14846
950	7.19815
960	7.22205
970	7.24382
980	7.24382
990	7.26483
1000	7.30895
1010	7.30895
1020	7.31352
1030	7.34201
1040	7.3529
1050	7.41236
1060	7.44262
1070	7.51442
1080	7.54536
1090	7.58131
74
360	4.55329
370	4.55329
380	4.55329
390	4.55329
400	4.55329
410	4.55329
420	4.56709
430	4.65144
440	4.7787
450	4.79443
460	4.83891
470	4.88338
480	4.95378
490	4.99385
500	5.01004
510	5.09822
520	5.12554
530	5.19302
540	5.23485
550	5.30463
560	5.32961
570	5.41702
580	5.46076
590	5.50449
600	5.52356
610	5.58095
620	5.60883
630	5.69164
640	5.81901
650	5.8419
660	5.91053
670	5.94887
680	6.06388
690	6.1078
700	6.18601
710	6.2495
720	6.30701
730	6.43518
740	6.46866
750	6.55224
760	6.6476
770	6.69514
780	6.79242
790	6.82775
800	6.87219
810	6.91481
820	6.95468
830	6.99036
840	7.03184
850	7.06644
860	7.08615
870	7.0986
880	7.1404
890	7.175
900	7.19915
910	7.20118
920	7.25118
930	7.2745
940	7.29685
950	7.29685
960	7.31728
970	7.36198
980	7.36198
990	7.36615
1000	7.39504
1010	7.4054
1020	7.46534
1030	7.49503
1040	7.56745
1050	7.59782
1060	7.63395
1070	7.69682
1080	7.72458
1090	7.80279
74
360	4.60632
370	4.60632
380	4.60632
390	4.61909
400	4.69909
410	4.81953
420	4.84643
430	4.89174
440	4.93724
450	5.00513
460	5.04688
470	5.06191
480	5.1338
490	5.17386
500	5.22156
510	5.28652
520	5.33862
530	5.38907
540	5.45292
550	5.50879
560	5.55818
570	5.58992
580	5.64069
590	5.6928
600	5.81213
610	5.86803
620	5.92013
630	5.96391
640	6.0307
650	6.13917
660	6.1866
670	6.28594
680	6.32369
690	6.40546
700	6.48064
710	6.62686
720	6.67634
730	6.75354
740	6.82275
750	6.85279
760	6.90462
770	6.94719
780	6.97586
790	7.02354
800	7.07213
810	7.08487
820	7.11729
830	7.13918
840	7.15053
850	7.1925
860	7.19862
870	7.20766
880	7.25111
890	7.25795
900	7.30272
910	7.32573
920	7.34988
930	7.34988
940	7.36735
950	7.41501
960	7.41545
970	7.44807
980	7.45761
990	7.5183
1000	7.54608
1010	7.62048
1020	7.6489
1030	7.68658
1040	7.74603
1050	7.77679
1060	7.85091
1070	7.92154
1080	7.95717
1090	7.98306
74
360	4.65658
370	4.70993
380	4.80538
390	4.89047
400	4.93085
410	4.9523
420	5.02708
430	5.06364
440	5.09619
450	5.1593
460	5.21669
470	5.27025
480	5.33077
490	5.38021
500	5.43191
510	5.4871
520	5.55299
530	5.59995
540	5.62296
550	5.68694
560	5.71957
570	5.80496
580	5.94549
590	5.98102
600	6.05731
610	6.13468
620	6.18247
630	6.29834
640	6.32772
650	6.38039
660	6.46705
670	6.56633
680	6.66568
690	6.71599
700	6.79024
710	6.85457
720	6.9365
730	6.97153
740	7.00501
750	7.04045
760	7.08358
770	7.08358
780	7.12076
790	7.1342
800	7.15161
810	7.18851
820	7.18866
830	7.19538
840	7.2239
850	7.24798
860	7.2602
870	7.30152
880	7.31872
890	7.35785
900	7.39738
910	7.39925
920	7.44292
930	7.46434
940	7.47306
950	7.4976
960	7.54457
970	7.57519
980	7.64314
990	7.67779
1000	7.73239
1010	7.76357
1020	7.81678
1030	7.86374
1040	7.96311
1050	7.9894
1060	8.01303
1070	8.07984
1080	8.1449
1090	8.19517
74
360	4.7226
370	4.82844
380	4.92032
390	4.95195
400	4.97789
410	5.05148
420	5.09224
430	5.12484
440	5.17671
450	5.2468
460	5.28465
470	5.36135
480	5.39639
490	5.46202
500	5.50267
510	5.58318
520	5.61893
530	5.6482
540	5.71767
550	5.74016
560	5.83128
570	5.98006
580	6.01039
590	6.09099
600	6.16304
610	6.21871
620	6.30221
630	6.3426
640	6.39487
650	6.50332
660	6.57302
670	6.70028
680	6.74178
690	6.79132
700	6.87613
710	6.96262
720	7.00593
730	7.04237
740	7.07204
750	7.11478
760	7.11478
770	7.13777
780	7.1654
790	7.16785
800	7.19232
810	7.21971
820	7.22658
830	7.22658
840	7.2556
850	7.27918
860	7.30217
870	7.33272
880	7.36238
890	7.39058
900	7.43041
910	7.44662
920	7.49554
930	7.49597
940	7.5286
950	7.55891
960	7.60171
970	7.65709
980	7.70417
990	7.76025
1000	7.78226
1010	7.84743
1020	7.88041
1030	7.98344
1040	8.01176
1050	8.04
1060	8.09327
1070	8.17534
1080	8.21039
1090	8.25181
74
360	4.77371
370	4.89502
380	4.93239
390	4.9737
400	5.01169
410	5.08954
420	5.12526
430	5.14761
440	5.23959
450	5.26178
460	5.33698
470	5.37498
480	5.44708
490	5.47834
500	5.55664
510	5.59709
520	5.64404
530	5.68127
540	5.72634
550	5.78371
560	5.8982
570	5.9987
580	6.06799
590	6.16377
600	6.19447
610	6.25609
620	6.3415
630	6.37798
640	6.44918
650	6.53289
660	6.65416
670	6.72924
680	6.75892
690	6.84962
700	6.95437
710	6.99545
720	7.02505
730	7.06744
740	7.11889
750	7.12125
760	7.12133
770	7.15651
780	7.17187
790	7.17432
800	7.19931
810	7.23067
820	7.23306
830	7.23306
840	7.26305
850	7.28567
860	7.32173
870	7.3399
880	7.38131
890	7.40234
900	7.43735
910	7.48464
920	7.50201
930	7.51332
940	7.54004
950	7.60521
960	7.62531
970	7.70749
980	7.72815
990	7.77105
1000	7.82222
1010	7.86008
1020	7.92985
1030	8.00802
1040	8.04407
1050	8.06253
1060	8.15451
1070	8.18898
1080	8.25469
1090	8.2765
74
360	4.85417
370	4.96366
380	4.98724
390	5.01726
400	5.08321
410	5.13201
420	5.16656
430	5.21146
440	5.29007
450	5.31912
460	5.40468
470	5.43123
480	5.50512
490	5.53678
500	5.62645
510	5.65362
520	5.68709
530	5.75164
540	5.77719
550	5.85998
560	6.00877
570	6.05974
580	6.16303
590	6.20105
600	6.24385
610	6.35646
620	6.38421
630	6.43694
640	6.52043
650	6.65236
660	6.7075
670	6.77903
680	6.8286
690	6.94833
700	7.00417
710	7.04753
720	7.0943
730	7.12491
740	7.15811
750	7.15811
760	7.15819
770	7.19401
780	7.21118
790	7.21118
800	7.2362
810	7.26753
820	7.26992
830	7.26992
840	7.29996
850	7.32254
860	7.35973
870	7.3806
880	7.43234
890	7.45831
900	7.48435
910	7.53887
920	7.53887
930	7.57187
940	7.59432
950	7.64295
960	7.68926
970	7.74537
980	7.79237
990	7.81955
1000	7.89072
1010	7.91547
1020	8.00948
1030	8.05077
1040	8.08151
1050	8.12571
1060	8.21867
1070	8.24522
1080	8.29282
1090	8.32975
74
360	4.91762
370	4.9619
380	5.00022
390	5.05559
400	5.11612
410	5.15557
420	5.18136
430	5.27995
440	5.292
450	5.37795
460	5.40488
470	5.48753
480	5.50889
490	5.59815
500	5.62744
510	5.67088
520	5.71633
530	5.75539
540	5.82482
550	5.93405
560	6.05141
570	6.11437
580	6.18967
590	6.22038
600	6.31929
610	6.36753
620	6.401
630	6.51671
640	6.62874
650	6.67998
660	6.76308
670	6.81267
680	6.92995
690	6.98183
700	7.03277
710	7.08071
720	7.10554
730	7.14398
740	7.14799
750	7.14799
760	7.14807
770	7.18395
780	7.20106
790	7.20106
800	7.22988
810	7.25922
820	7.25979
830	7.25979
840	7.29152
850	7.31609
860	7.36005
870	7.40778
880	7.43329
890	7.46503
900	7.50971
910	7.52875
920	7.54412
930	7.56938
940	7.63191
950	7.65835
960	7.73423
970	7.76067
980	7.79898
990	7.85931
1000	7.88971
1010	7.96988
1020	8.03482
1030	8.07078
1040	8.09465
1050	8.19717
1060	8.21888
1070	8.28143
1080	8.30922
1090	8.33209
74
360	4.97532
370	5.00946
380	5.06233
390	5.12516
400	5.16374
410	5.19006
420	5.28536
430	5.30149
440	5.3794
450	5.41442
460	5.48955
470	5.51831
480	5.59901
490	5.63687
500	5.67967
510	5.72488
520	5.76671
530	5.83569
540	5.97391
550	6.09676
560	6.16318
570	6.1949
580	6.22968
590	6.33402
600	6.37597
610	6.45249
620	6.59712
630	6.64522
640	6.72824
650	6.7766
660	6.86345
670	6.97381
680	7.01507
690	7.04407
700	7.087
710	7.12927
720	7.15497
730	7.15616
740	7.15616
750	7.15616
760	7.15624
770	7.19364
780	7.20923
790	7.20945
800	7.2498
810	7.26796
820	7.26796
830	7.26897
840	7.31558
850	7.3302
860	7.39976
870	7.43847
880	7.47191
890	7.51087
900	7.53692
910	7.55348
920	7.57893
930	7.64003
940	7.66696
950	7.7424
960	7.76933
970	7.80831
980	7.86465
990	7.89926
1000	7.9723
1010	8.04342
1020	8.07892
1030	8.10347
1040	8.19668
1050	8.22842
1060	8.2896
1070	8.31777
1080	8.34186
1090	8.42116
74
360	5.03459
370	5.11709
380	5.14934
390	5.18076
400	5.23214
410	5.30436
420	5.33615
430	5.41884
440	5.44993
450	5.51882
460	5.56057
470	5.63922
480	5.6805
490	5.71329
500	5.77103
510	5.8065
520	5.90773
530	6.05496
540	6.144
550	6.20259
560	6.23181
570	6.3402
580	6.38485
590	6.47397
600	6.61625
610	6.64943
620	6.74629
630	6.77582
640	6.86635
650	6.97415
660	7.00584
670	7.03209
680	7.06179
690	7.10219
700	7.14979
710	7.17239
720	7.17239
730	7.17239
740	7.17239
750	7.17239
760	7.17252
770	7.21114
780	7.22546
790	7.23632
800	7.2842
810	7.2842
820	7.28651
830	7.33774
840	7.36154
850	7.43647
860	7.46176
870	7.49226
880	7.54156
890	7.55316
900	7.58605
910	7.6111
920	7.65715
930	7.70933
940	7.75954
950	7.81172
960	7.83517
970	7.90494
980	7.93194
990	8.02892
1000	8.06526
1010	8.09564
1020	8.14461
1030	8.23295
1040	8.26196
1050	8.30753
1060	8.34374
1070	8.37772
1080	8.47824
1090	8.58067
74
360	5.09598
370	5.15886
380	5.19846
390	5.22254
400	5.32037
410	5.33396
420	5.41549
430	5.44803
440	5.52877
450	5.55677
460	5.625
470	5.65817
480	5.69952
490	5.78526
500	5.81138
510	5.91429
520	6.06418
530	6.15628
540	6.21644
550	6.24014
560	6.34065
570	6.39235
580	6.46676
590	6.59196
600	6.65497
610	6.73176
620	6.78248
630	6.85531
640	6.97583
650	7.01079
660	7.03571
670	7.07018
680	7.12027
690	7.14032
700	7.18245
710	7.19088
720	7.19088
730	7.19088
740	7.19088
750	7.19088
760	7.2
770	7.24395
780	7.24496
790	7.29509
800	7.30268
810	7.30268
820	7.33164
830	7.36267
840	7.41153
850	7.46227
860	7.49577
870	7.51892
880	7.57164
890	7.58589
900	7.61185
910	7.67472
920	7.69942
930	7.77712
940	7.80182
950	7.84177
960	7.89956
970	7.9318
980	8.0078
990	8.07768
1000	8.11364
1010	8.1359
1020	8.23229
1030	8.26094
1040	8.32424
1050	8.35284
1060	8.37464
1070	8.45855
1080	8.58394
1090	8.61656
74
360	5.14928
370	5.17402
380	5.20323
390	5.2615
400	5.32581
410	5.36362
420	5.44029
430	5.47732
440	5.53997
450	5.57844
460	5.63205
470	5.66549
480	5.73524
490	5.79315
500	5.867
510	5.99323
520	6.14645
530	6.179
540	6.22217
550	6.28782
560	6.38635
570	6.42496
580	6.53536
590	6.64852
600	6.68633
610	6.77847
620	6.80811
630	6.91026
640	6.99505
650	7.0266
660	7.06682
670	7.08713
680	7.12442
690	7.14339
700	7.18541
710	7.19385
720	7.19385
730	7.19385
740	7.19385
750	7.19385
760	7.21237
770	7.24692
780	7.25237
790	7.30374
800	7.30565
810	7.30565
820	7.33815
830	7.36643
840	7.44193
850	7.47082
860	7.50948
870	7.54969
880	7.57464
890	7.60749
900	7.63784
910	7.67967
920	7.73875
930	7.78207
940	7.84116
950	7.86052
960	7.9264
970	7.9589
980	8.06255
990	8.08929
1000	8.11794
1010	8.17374
1020	8.25441
1030	8.28914
1040	8.33042
1050	8.36519
1060	8.40541
1070	8.51284
1080	8.60217
1090	8.65141
74
360	5.21228
370	5.23524
380	5.30752
390	5.35251
400	5.40094
410	5.46207
420	5.4968
430	5.57027
440	5.60676
450	5.67403
460	5.72922
470	5.8051
480	5.84791
490	5.9609
500	6.12511
510	6.18122
520	6.24085
530	6.26244
540	6.35227
550	6.41403
560	6.47369
570	6.60353
580	6.67604
590	6.735
600	6.80345
610	6.85468
620	6.97609
630	7.02684
640	7.05426
650	7.09551
660	7.12785
670	7.15662
680	7.16609
690	7.1675
700	7.21109
710	7.2178
720	7.2178
730	7.2178
740	7.2178
750	7.2178
760	7.24815
770	7.27093
780	7.30883
790	7.32961
800	7.32961
810	7.364
820	7.39264
830	7.46422
840	7.49751
850	7.53362
860	7.57784
870	7.60286
880	7.63246
890	7.68018
900	7.71246
910	7.78685
920	7.81427
930	7.8666
940	7.9003
950	7.95188
960	8.00171
970	8.10456
980	8.12591
990	8.14956
1000	8.22044
1010	8.28038
1020	8.33232
1030	8.36364
1040	8.39249
1050	8.44934
1060	8.57636
1070	8.63282
1080	8.70019
1090	8.73727
74
360	5.26415
370	5.356
380	5.38084
390	5.46557
400	5.49442
410	5.58466
420	5.6046
430	5.68627
440	5.71161
450	5.81455
460	5.83696
470	5.92011
480	6.06017
490	6.19893
500	6.21515
510	6.26345
520	6.31334
530	6.43175
540	6.44796
550	6.53824
560	6.68129
570	6.71095
580	6.8028
590	6.83745
600	6.92535
610	7.03973
620	7.06507
630	7.08825
640	7.12185
650	7.16796
660	7.1881
670	7.1881
680	7.1881
690	7.18993
700	7.23388
710	7.23981
720	7.23981
730	7.23981
740	7.23981
750	7.25313
760	7.29288
770	7.32639
780	7.35162
790	7.35181
800	7.39695
810	7.41941
820	7.50645
830	7.52811
840	7.55659
850	7.61202
860	7.64422
870	7.67014
880	7.72017
890	7.77322
900	7.82605
910	7.85333
920	7.89149
930	7.95246
940	7.98223
950	8.06142
960	8.12677
970	8.16238
980	8.18772
990	8.29066
1000	8.31149
1010	8.37292
1020	8.40428
1030	8.42537
1040	8.51247
1050	8.63662
1060	8.69215
1070	8.73446
1080	8.80525
1090	8.84801
74
360	5.33147
370	5.38325
380	5.44119
390	5.49485
400	5.55857
410	5.60503
420	5.66876
430	5.70754
440	5.78431
450	5.83995
460	5.89623
470	6.02333
480	6.1563
490	6.21828
500	6.27605
510	6.3032
520	6.39632
530	6.44839
540	6.51212
550	6.64537
560	6.71081
570	6.77619
580	6.83951
590	6.9049
600	7.00743
610	7.061
620	7.09029
630	7.12965
640	7.17969
650	7.20173
660	7.20173
670	7.20173
680	7.20173
690	7.20938
700	7.25344
710	7.25344
720	7.25344
730	7.25344
740	7.25344
750	7.29565
760	7.31902
770	7.36524
780	7.36524
790	7.38552
800	7.42097
810	7.48139
820	7.52587
830	7.56863
840	7.59378
850	7.64397
860	7.67141
870	7.73248
880	7.76308
890	7.83967
900	7.84843
910	7.90222
920	7.93574
930	7.98666
940	8.0388
950	8.13233
960	8.16048
970	8.18365
980	8.26042
990	8.31506
1000	8.36968
1010	8.39773
1020	8.42711
1030	8.48836
1040	8.58188
1050	8.70137
1060	8.73639
1070	8.81483
1080	8.85377
1090	8.8961
74
360	5.38716
370	5.43804
380	5.49795
390	5.5532
400	5.60857
410	5.66818
420	5.71043
430	5.78021
440	5.84328
450	5.90143
460	6.03228
470	6.19191
480	6.21996
490	6.27521
500	6.30069
510	6.39011
520	6.45334
530	6.51731
540	6.6537
550	6.7168
560	6.78513
570	6.84312
580	6.90492
590	7.03928
600	7.07045
610	7.0964
620	7.13384
630	7.1817
640	7.20696
650	7.20725
660	7.20725
670	7.20725
680	7.20725
690	7.23413
700	7.25895
710	7.25895
720	7.25895
730	7.25895
740	7.26599
750	7.31202
760	7.34693
770	7.37076
780	7.37521
790	7.4243
800	7.45245
810	7.52705
820	7.55331
830	7.577
840	7.6337
850	7.67156
860	7.73481
870	7.75729
880	7.84519
890	7.84915
900	7.90772
910	7.92927
920	7.99145
930	8.0278
940	8.13684
950	8.15789
960	8.18475
970	8.2429
980	8.31955
990	8.35881
1000	8.39776
1010	8.43064
1020	8.47498
1030	8.59202
1040	8.70576
1050	8.7352
1060	8.82008
1070	8.85018
1080	8.89935
1090	8.95242
74
360	5.45855
370	5.52543
380	5.57402
390	5.63566
400	5.68957
410	5.7368
420	5.80286
430	5.87083
440	5.92473
450	6.05455
460	6.19929
470	6.24738
480	6.2937
490	6.3243
500	6.40781
510	6.48027
520	6.54101
530	6.67726
540	6.74533
550	6.8167
560	6.87263
570	6.94097
580	7.07799
590	7.10494
600	7.12747
610	7.1628
620	7.20652
630	7.23666
640	7.23666
650	7.23666
660	7.23666
670	7.23666
680	7.24578
690	7.28837
700	7.28837
710	7.28837
720	7.28837
730	7.29156
740	7.34144
750	7.36759
760	7.40017
770	7.40169
780	7.45372
790	7.47395
800	7.55647
810	7.57507
820	7.60421
830	7.65204
840	7.69784
850	7.7525
860	7.78007
870	7.86206
880	7.87584
890	7.92747
900	7.95173
910	8.02086
920	8.04829
930	8.15078
940	8.18209
950	8.21175
960	8.2611
970	8.34891
980	8.37898
990	8.42371
1000	8.45961
1010	8.49459
1020	8.60544
1030	8.73517
1040	8.75653
1050	8.84921
1060	8.87352
1070	8.92759
1080	8.97846
1090	9.00591
74
360	5.51299
370	5.54999
380	5.63069
390	5.66249
400	5.74466
410	5.76879
420	5.86684
430	5.89765
440	5.98363
450	6.13288
460	6.23563
470	6.27221
480	6.32342
490	6.36717
500	6.48411
510	6.51928
520	6.62684
530	6.74878
540	6.7895
550	6.87785
560	6.91556
570	7.02868
580	7.09617
590	7.12313
600	7.17019
610	7.20073
620	7.22874
630	7.24972
640	7.24972
650	7.24972
660	7.24972
670	7.24972
680	7.28163
690	7.30143
700	7.30143
710	7.30143
720	7.30143
730	7.32097
740	7.35704
750	7.41323
760	7.41323
770	7.4282
780	7.46774
790	7.51751
800	7.57016
810	7.61662
820	7.62845
830	7.70839
840	7.72499
850	7.78036
860	7.81882
870	7.88766
880	7.90169
890	7.95028
900	7.99176
910	8.03687
920	8.0957
930	8.18813
940	8.21602
950	8.23663
960	8.31808
970	8.36583
980	8.42767
990	8.45183
1000	8.47867
1010	8.54654
1020	8.68784
1030	8.74945
1040	8.80073
1050	8.8644
1060	8.92021
1070	8.95388
1080	9.00271
1090	9.02864
74
360	5.58035
370	5.66059
380	5.69521
390	5.75875
400	5.80608
410	5.89557
420	5.93314
430	6.04583
440	6.2107
450	6.27026
460	6.33061
470	6.36037
480	6.4648
490	6.50185
500	6.58224
510	6.73309
520	6.7722
530	6.85333
540	6.89939
550	6.97452
560	7.10263
570	7.1249
580	7.14712
590	7.1854
600	7.23255
610	7.25722
620	7.26354
630	7.26354
640	7.26354
650	7.26354
660	7.2652
670	7.31525
680	7.31525
690	7.31525
700	7.31525
710	7.31525
720	7.35357
730	7.37968
740	7.42705
750	7.42705
760	7.45885
770	7.4882
780	7.55958
790	7.58998
800	7.63045
810	7.65759
820	7.72288
830	7.75607
840	7.79751
850	7.85761
860	7.90149
870	7.93192
880	7.96836
890	8.03147
900	8.05994
910	8.14032
920	8.2028
930	8.23777
940	8.2662
950	8.36913
960	8.38977
970	8.44816
980	8.4835
990	8.50429
1000	8.59369
1010	8.74902
1020	8.77491
1030	8.85944
1040	8.8869
1050	8.93647
1060	8.99154
1070	9.03176
1080	9.04256
1090	9.08388
74
360	5.63875
370	5.68953
380	5.75613
390	5.79354
400	5.87346
410	5.92631
420	5.99736
430	6.1408
440	6.28495
450	6.31627
460	6.35797
470	6.42013
480	6.51275
490	6.55049
500	6.66224
510	6.78268
520	6.82116
530	6.91297
540	6.94637
550	7.05367
560	7.12737
570	7.15675
580	7.19671
590	7.22212
600	7.25789
610	7.28665
620	7.28665
630	7.28665
640	7.28665
650	7.28665
660	7.30228
670	7.33835
680	7.33835
690	7.33835
700	7.33835
710	7.34585
720	7.39143
730	7.42769
740	7.45016
750	7.45495
760	7.5037
770	7.53301
780	7.60645
790	7.63382
800	7.65666
810	7.71513
820	7.75133
830	7.81645
840	7.83747
850	7.92459
860	7.92887
870	7.98712
880	8.00963
890	8.07084
900	8.10858
910	8.22033
920	8.23794
930	8.26443
940	8.32437
950	8.39899
960	8.43969
970	8.47744
980	8.51009
990	8.55671
1000	8.67734
1010	8.78329
1020	8.82547
1030	8.89002
1040	8.91024
1050	8.96343
1060	9.02548
1070	9.05834
1080	9.07386
1090	9.14565
74
360	5.71243
370	5.78974
380	5.821
390	5.92169
400	5.94752
410	6.03446
420	6.18691
430	6.29676
440	6.33463
450	6.37191
460	6.43642
470	6.52458
480	6.5752
490	6.69594
500	6.79537
510	6.84515
520	6.92479
530	6.96616
540	7.07764
550	7.14072
560	7.16934
570	7.21421
580	7.23843
590	7.27217
600	7.29869
610	7.29869
620	7.29869
630	7.29869
640	7.29869
650	7.31738
660	7.3504
670	7.3504
680	7.3504
690	7.3504
700	7.36025
710	7.40364
720	7.44361
730	7.46221
740	7.46899
750	7.51575
760	7.54874
770	7.6185
780	7.64948
790	7.6704
800	7.7314
810	7.76545
820	7.82925
830	7.85282
840	7.93664
850	7.94282
860	7.99917
870	8.0251
880	8.08317
890	8.12454
900	8.23585
910	8.25284
920	8.27825
930	8.34066
940	8.41153
950	8.45571
960	8.492
970	8.52334
980	8.57523
990	8.69723
1000	8.7852
1010	8.81781
1020	8.88257
1030	8.91728
1040	8.97
1050	9.03563
1060	9.07078
1070	9.10477
1080	9.20854
1090	9.36798
74
360	5.76962
370	5.81153
380	5.89127
390	5.94428
400	6.00526
410	6.14279
420	6.26471
430	6.31928
440	6.37837
450	6.41443
460	6.5285
470	6.55515
480	6.65366
490	6.80085
500	6.82528
510	6.91675
520	6.95244
530	7.04078
540	7.14557
550	7.17178
560	7.1956
570	7.23439
580	7.28006
590	7.31174
600	7.313
610	7.313
620	7.313
630	7.313
640	7.31388
650	7.36469
660	7.3647
670	7.3647
680	7.3647
690	7.3647
700	7.39998
710	7.42716
720	7.47651
730	7.47651
740	7.50542
750	7.536
760	7.60558
770	7.63787
780	7.6799
790	7.7043
800	7.77233
810	7.8026
820	7.8458
830	7.90365
840	7.95094
850	7.97852
860	8.01653
870	8.07751
880	8.10735
890	8.18631
900	8.25172
910	8.28722
920	8.31286
930	8.41478
940	8.43707
950	8.49702
960	8.53379
970	8.55442
980	8.64824
990	8.7478
1000	8.81366
1010	8.84723
1020	8.90761
1030	8.94285
1040	9.03453
1050	9.06423
1060	9.09332
1070	9.17462
1080	9.31131
1090	9.41042
74
360	5.82807
370	5.93297
380	5.95698
390	6.05001
400	6.18496
410	6.30628
420	6.34428
430	6.38053
440	6.44797
450	6.53189
460	6.57376
470	6.68617
480	6.80773
490	6.83913
500	6.93816
510	6.96296
520	7.06346
530	7.14982
540	7.18079
550	7.21878
560	7.24652
570	7.28093
580	7.31466
590	7.31466
600	7.31466
610	7.31466
620	7.31466
630	7.31653
640	7.36636
650	7.36636
660	7.36636
670	7.36636
680	7.36638
690	7.40669
700	7.43159
710	7.47817
720	7.47817
730	7.51169
740	7.53991
750	7.61434
760	7.64163
770	7.68156
780	7.71023
790	7.77399
800	7.80898
810	7.8489
820	7.9117
830	7.9526
840	7.9847
850	8.01987
860	8.08577
870	8.11188
880	8.1956
890	8.25406
900	8.28875
910	8.32015
920	8.42644
930	8.44544
940	8.49875
950	8.53677
960	8.56097
970	8.66078
980	8.78093
990	8.82191
1000	8.85763
1010	8.91937
1020	8.97286
1030	9.03943
1040	9.07909
1050	9.11481
1060	9.22799
1070	9.35913
1080	9.40977
1090	9.44258
74
360	5.90333
370	5.98016
380	6.02543
390	6.14034
400	6.30326
410	6.35417
420	6.41568
430	6.43951
440	6.53075
450	6.5813
460	6.64955
470	6.78718
480	6.85527
490	6.92073
500	6.98202
510	7.03634
520	7.16031
530	7.20992
540	7.23343
550	7.27297
560	7.31661
570	7.34501
580	7.3561
590	7.3561
600	7.3561
610	7.3561
620	7.3561
630	7.37127
640	7.40781
650	7.40781
660	7.40781
670	7.40781
680	7.41518
690	7.46088
700	7.4957
710	7.51961
720	7.52438
730	7.57316
740	7.60136
750	7.67591
760	7.70226
770	7.72614
780	7.78186
790	7.82073
800	7.88272
810	7.90619
820	7.99318
830	7.99831
840	8.05656
850	8.0783
860	8.14029
870	8.17651
880	8.28237
890	8.30705
900	8.33422
910	8.39272
920	8.46857
930	8.51314
940	8.54906
950	8.58024
960	8.63248
970	8.75435
980	8.83325
990	8.87222
1000	8.94467
1010	8.98047
1020	9.07771
1030	9.09945
1040	9.12809
1050	9.19704
1060	9.33521
1070	9.41189
1080	9.45873
1090	9.5311
74
360	5.9658
370	6.0264
380	6.15665
390	6.31315
400	6.34499
410	6.39765
420	6.43665
430	6.54531
440	6.57359
450	6.65996
460	6.81178
470	6.84564
480	6.92644
490	6.97726
500	7.07063
510	7.1615
520	7.19516
530	7.24191
540	7.26684
550	7.30254
560	7.33927
570	7.33927
580	7.33927
590	7.33927
600	7.33927
610	7.33927
620	7.35783
630	7.39098
640	7.39098
650	7.39098
660	7.39098
670	7.40076
680	7.44422
690	7.48392
700	7.50278
710	7.50952
720	7.55632
730	7.58909
740	7.65908
750	7.68985
760	7.71094
770	7.77154
780	7.80598
790	7.86977
800	7.89319
810	7.97722
820	7.98336
830	8.03973
840	8.06549
850	8.12375
860	8.16624
870	8.27669
880	8.29843
890	8.32178
900	8.39352
910	8.45414
920	8.51265
930	8.53955
940	8.56647
950	8.63264
960	8.7669
970	8.83043
980	8.87292
990	8.93027
1000	8.97206
1010	9.06011
1020	9.09088
1030	9.11653
1040	9.19594
1050	9.33741
1060	9.4188
1070	9.45225
1080	9.5444
1090	9.57016
74
360	6.02628
370	6.14282
380	6.29547
390	6.35189
400	6.41357
410	6.43951
420	6.52932
430	6.57914
440	6.65532
450	6.79269
460	6.85145
470	6.91518
480	6.97511
490	7.08629
500	7.1725
510	7.20452
520	7.25775
530	7.28352
540	7.31324
550	7.35684
560	7.35684
570	7.35684
580	7.35684
590	7.35684
600	7.35684
610	7.3621
620	7.40855
630	7.40855
640	7.40855
650	7.40855
660	7.40959
670	7.46162
680	7.48204
690	7.52036
700	7.52056
710	7.56675
720	7.58849
730	7.67082
740	7.68982
750	7.72375
760	7.76427
770	7.81651
780	7.86432
790	7.89554
800	7.97094
810	7.99489
820	8.03946
830	8.06782
840	8.14084
850	8.16363
860	8.25159
870	8.30141
880	8.331
890	8.38935
900	8.46731
910	8.50864
920	8.54484
930	8.57723
940	8.62504
950	8.72567
960	8.84747
970	8.87149
980	8.94749
990	8.96908
1000	9.05629
1010	9.09176
1020	9.12313
1030	9.18715
1040	9.29524
1050	9.43637
1060	9.45194
1070	9.53505
1080	9.57209
1090	9.65313
