138
1
1090	0.136257
2
1080	0.0941516
1090	0.260818
3
1070	0.131542
1080	0.298209
1090	0.464875
4
1060	0.16104
1070	0.327706
1080	0.494373
1090	0.66104
5
1050	0.0556054
1060	0.222272
1070	0.388939
1080	0.555605
1090	0.722272
6
1040	0.1385
1050	0.305166
1060	0.471833
1070	0.6385
1080	0.805166
1090	0.971833
7
1030	0.0949123
1040	0.261579
1050	0.428246
1060	0.594912
1070	0.761579
1080	0.928246
1090	1.09491
8
1020	0.102907
1030	0.269574
1040	0.436241
1050	0.602907
1060	0.769574
1070	0.936241
1080	1.10291
1090	1.26957
9
1010	0.160262
1020	0.326929
1030	0.493596
1040	0.660262
1050	0.826929
1060	0.993596
1070	1.16026
1080	1.32693
1090	1.4936
10
1000	0.0423082
1010	0.208975
1020	0.375642
1030	0.542308
1040	0.708975
1050	0.875642
1060	1.04231
1070	1.20897
1080	1.37564
1090	1.54231
11
990	0.0959635
1000	0.26263
1010	0.429297
1020	0.595964
1030	0.76263
1040	0.929297
1050	1.09596
1060	1.26263
1070	1.4293
1080	1.59596
1090	1.76263
12
980	0.0881383
990	0.254805
1000	0.421472
1010	0.588138
1020	0.754805
1030	0.921472
1040	1.08814
1050	1.25481
1060	1.42147
1070	1.58814
1080	1.75481
1090	1.92147
13
970	0.0937293
980	0.260396
990	0.427063
1000	0.593729
1010	0.760396
1020	0.927063
1030	1.09373
1040	1.2604
1050	1.42706
1060	1.59373
1070	1.7604
1080	1.92706
1090	2.09373
14
960	0.156017
970	0.322684
980	0.489351
990	0.656017
1000	0.822684
1010	0.989351
1020	1.15602
1030	1.32268
1040	1.48935
1050	1.65602
1060	1.82268
1070	1.98935
1080	2.15602
1090	2.32268
15
950	0.132447
960	0.299113
970	0.46578
980	0.632447
990	0.799113
1000	0.96578
1010	1.13245
1020	1.29911
1030	1.46578
1040	1.63245
1050	1.79911
1060	1.96578
1070	2.13245
1080	2.29911
1090	2.46578
16
940	0.0507752
950	0.217442
960	0.384108
970	0.550775
980	0.717442
990	0.884108
1000	1.05078
1010	1.21744
1020	1.38411
1030	1.55078
1040	1.71744
1050	1.88411
1060	2.05078
1070	2.21744
1080	2.38411
1090	2.55078
18
920	0.128917
930	0.295584
940	0.46225
950	0.628917
960	0.795584
970	0.96225
980	1.12892
990	1.29558
1000	1.46225
1010	1.62892
1020	1.79558
1030	1.96225
1040	2.12892
1050	2.29558
1060	2.46225
1070	2.62892
1080	2.79558
1090	2.96225
19
910	0.109427
920	0.276094
930	0.44276
940	0.609427
950	0.776094
960	0.94276
970	1.10943
980	1.27609
990	1.44276
1000	1.60943
1010	1.77609
1020	1.94276
1030	2.10943
1040	2.27609
1050	2.44276
1060	2.60943
1070	2.77609
1080	2.94276
1090	3.10943
20
900	0.0948252
910	0.261492
920	0.428159
930	0.594825
940	0.761492
950	0.928159
960	1.09483
970	1.26149
980	1.42816
990	1.59483
1000	1.76149
1010	1.92816
1020	2.09483
1030	2.26149
1040	2.42816
1050	2.59483
1060	2.76149
1070	2.92816
1080	3.09483
1090	3.26149
21
890	0.123858
900	0.290525
910	0.457192
920	0.623858
930	0.790525
940	0.957192
950	1.12386
960	1.29052
970	1.45719
980	1.62386
990	1.79052
1000	1.95719
1010	2.12386
1020	2.29052
1030	2.45719
1040	2.62386
1050	2.79052
1060	2.95719
1070	3.12386
1080	3.29052
1090	3.45719
22
880	0.127259
890	0.293926
900	0.460592
910	0.627259
920	0.793926
930	0.960592
940	1.12726
950	1.29393
960	1.46059
970	1.62726
980	1.79393
990	1.96059
1000	2.12726
1010	2.29393
1020	2.46059
1030	2.62726
1040	2.79393
1050	2.96059
1060	3.12726
1070	3.29393
1080	3.46059
1090	3.62726
23
870	0.106058
880	0.272725
890	0.439392
900	0.606058
910	0.772725
920	0.939392
930	1.10606
940	1.27273
950	1.43939
960	1.60606
970	1.77273
980	1.93939
990	2.10606
1000	2.27273
1010	2.43939
1020	2.60606
1030	2.77273
1040	2.93939
1050	3.10606
1060	3.27273
1070	3.43939
1080	3.60606
1090	3.77273
24
860	0.112934
870	0.279601
880	0.446267
890	0.612934
900	0.779601
910	0.946267
920	1.11293
930	1.2796
940	1.44627
950	1.61293
960	1.7796
970	1.94627
980	2.11293
990	2.2796
1000	2.44627
1010	2.61293
1020	2.7796
1030	2.94627
1040	3.11293
1050	3.2796
1060	3.44627
1070	3.61293
1080	3.7796
1090	3.94627
25
850	0.0891915
860	0.255858
870	0.422525
880	0.589191
890	0.755858
900	0.922525
910	1.08919
920	1.25586
930	1.42252
940	1.58919
950	1.75586
960	1.92252
970	2.08919
980	2.25586
990	2.42252
1000	2.58919
1010	2.75586
1020	2.92252
1030	3.08919
1040	3.25586
1050	3.42252
1060	3.58919
1070	3.75586
1080	3.92252
1090	4.08919
27
830	0.150263
840	0.316929
850	0.483596
860	0.650263
870	0.816929
880	0.983596
890	1.15026
900	1.31693
910	1.4836
920	1.65026
930	1.81693
940	1.9836
950	2.15026
960	2.31693
970	2.4836
980	2.65026
990	2.81693
1000	2.9836
1010	3.15026
1020	3.31693
1030	3.4836
1040	3.65026
1050	3.81693
1060	3.9836
1070	4.15026
1080	4.31693
1090	4.4836
28
820	0.151867
830	0.318533
840	0.4852
850	0.651867
860	0.818533
870	0.9852
880	1.15187
890	1.31853
900	1.4852
910	1.65187
920	1.81853
930	1.9852
940	2.15187
950	2.31853
960	2.4852
970	2.65187
980	2.81853
990	2.9852
1000	3.15187
1010	3.31853
1020	3.4852
1030	3.65187
1040	3.81853
1050	3.9852
1060	4.15187
1070	4.31853
1080	4.4852
1090	4.65187
29
810	0.0946753
820	0.261342
830	0.428009
840	0.594675
850	0.761342
860	0.928009
870	1.09468
880	1.26134
890	1.42801
900	1.59468
910	1.76134
920	1.92801
930	2.09468
940	2.26134
950	2.42801
960	2.59468
970	2.76134
980	2.92801
990	3.09468
1000	3.26134
1010	3.42801
1020	3.59468
1030	3.76134
1040	3.92801
1050	4.09468
1060	4.26134
1070	4.42801
1080	4.59468
1090	4.76134
30
800	0.0162733
810	0.18294
820	0.349607
830	0.516273
840	0.68294
850	0.849607
860	1.01627
870	1.18294
880	1.34961
890	1.51627
900	1.68294
910	1.84961
920	2.01627
930	2.18294
940	2.34961
950	2.51627
960	2.68294
970	2.84961
980	3.01627
990	3.18294
1000	3.34961
1010	3.51627
1020	3.68294
1030	3.84961
1040	4.01627
1050	4.18294
1060	4.34961
1070	4.51627
1080	4.68294
1090	4.84961
31
790	0.0227215
800	0.189388
810	0.356055
820	0.522722
830	0.689388
840	0.856055
850	1.02272
860	1.18939
870	1.35605
880	1.52272
890	1.68939
900	1.85605
910	2.02272
920	2.18939
930	2.35605
940	2.52272
950	2.68939
960	2.85605
970	3.02272
980	3.18939
990	3.35605
1000	3.52272
1010	3.68939
1020	3.85605
1030	4.02272
1040	4.18939
1050	4.35605
1060	4.52272
1070	4.68939
1080	4.85605
1090	5.02272
32
780	0.129043
790	0.295709
800	0.462376
810	0.629043
820	0.795709
830	0.962376
840	1.12904
850	1.29571
860	1.46238
870	1.62904
880	1.79571
890	1.96238
900	2.12904
910	2.29571
920	2.46238
930	2.62904
940	2.79571
950	2.96238
960	3.12904
970	3.29571
980	3.46238
990	3.62904
1000	3.79571
1010	3.96238
1020	4.12904
1030	4.29571
1040	4.46238
1050	4.62904
1060	4.79571
1070	4.96238
1080	5.12904
1090	5.29571
33
770	0.102444
780	0.26911
790	0.435777
800	0.602444
810	0.76911
820	0.935777
830	1.10244
840	1.26911
850	1.43578
860	1.60244
870	1.76911
880	1.93578
890	2.10244
900	2.26911
910	2.43578
920	2.60244
930	2.76911
940	2.93578
950	3.10244
960	3.26911
970	3.43578
980	3.60244
990	3.76911
1000	3.93578
1010	4.10244
1020	4.26911
1030	4.43578
1040	4.60244
1050	4.76911
1060	4.93578
1070	5.10244
1080	5.26911
1090	5.43578
34
760	0.10912
770	0.275786
780	0.442453
790	0.60912
800	0.775786
810	0.942453
820	1.10912
830	1.27579
840	1.44245
850	1.60912
860	1.77579
870	1.94245
880	2.10912
890	2.27579
900	2.44245
910	2.60912
920	2.77579
930	2.94245
940	3.10912
950	3.27579
960	3.44245
970	3.60912
980	3.77579
990	3.94245
1000	4.10912
1010	4.27579
1020	4.44245
1030	4.60912
1040	4.77579
1050	4.94245
1060	5.10912
1070	5.27579
1080	5.44245
1090	5.60912
35
750	0.14975
760	0.316417
770	0.483084
780	0.64975
790	0.816417
800	0.983084
810	1.14975
820	1.31642
830	1.48308
840	1.64975
850	1.81642
860	1.98308
870	2.14975
880	2.31642
890	2.48308
900	2.64975
910	2.81642
920	2.98308
930	3.14975
940	3.31642
950	3.48308
960	3.64975
970	3.81642
980	3.98308
990	4.14975
1000	4.31642
1010	4.48308
1020	4.64975
1030	4.81642
1040	4.98308
1050	5.14975
1060	5.31642
1070	5.48308
1080	5.64975
1090	5.81642
36
740	0.125425
750	0.292092
760	0.458759
770	0.625425
780	0.792092
790	0.958759
800	1.12543
810	1.29209
820	1.45876
830	1.62543
840	1.79209
850	1.95876
860	2.12543
870	2.29209
880	2.45876
890	2.62543
900	2.79209
910	2.95876
920	3.12543
930	3.29209
940	3.45876
950	3.62543
960	3.79209
970	3.95876
980	4.12543
990	4.29209
1000	4.45876
1010	4.62543
1020	4.79209
1030	4.95876
1040	5.12543
1050	5.29209
1060	5.45876
1070	5.62543
1080	5.79209
1090	5.95876
37
730	0.0706643
740	0.237331
750	0.403998
760	0.570664
770	0.737331
780	0.903998
790	1.07066
800	1.23733
810	1.404
820	1.57066
830	1.73733
840	1.904
850	2.07066
860	2.23733
870	2.404
880	2.57066
890	2.73733
900	2.904
910	3.07066
920	3.23733
930	3.404
940	3.57066
950	3.73733
960	3.904
970	4.07066
980	4.23733
990	4.404
1000	4.57066
1010	4.73733
1020	4.904
1030	5.07066
1040	5.23733
1050	5.404
1060	5.57066
1070	5.73733
1080	5.904
1090	6.07066
38
720	0.147071
730	0.313738
740	0.480404
750	0.647071
760	0.813738
770	0.980404
780	1.14707
790	1.31374
800	1.4804
810	1.64707
820	1.81374
830	1.9804
840	2.14707
850	2.31374
860	2.4804
870	2.64707
880	2.81374
890	2.9804
900	3.14707
910	3.31374
920	3.4804
930	3.64707
940	3.81374
950	3.9804
960	4.14707
970	4.31374
980	4.4804
990	4.64707
1000	4.81374
1010	4.9804
1020	5.14707
1030	5.31374
1040	5.4804
1050	5.64707
1060	5.81374
1070	5.9804
1080	6.14707
1090	6.31374
39
710	0.160625
720	0.327292
730	0.493958
740	0.660625
750	0.827292
760	0.993958
770	1.16063
780	1.32729
790	1.49396
800	1.66063
810	1.82729
820	1.99396
830	2.16063
840	2.32729
850	2.49396
860	2.66063
870	2.82729
880	2.99396
890	3.16063
900	3.32729
910	3.49396
920	3.66063
930	3.82729
940	3.99396
950	4.16063
960	4.32729
970	4.49396
980	4.66063
990	4.82729
1000	4.99396
1010	5.16063
1020	5.32729
1030	5.49396
1040	5.66063
1050	5.82729
1060	5.99396
1070	6.16063
1080	6.32729
1090	6.49396
40
700	0.0948714
710	0.261538
720	0.428205
730	0.594871
740	0.761538
750	0.928205
760	1.09487
770	1.26154
780	1.4282
790	1.59487
800	1.76154
810	1.9282
820	2.09487
830	2.26154
840	2.4282
850	2.59487
860	2.76154
870	2.9282
880	3.09487
890	3.26154
900	3.4282
910	3.59487
920	3.76154
930	3.9282
940	4.09487
950	4.26154
960	4.4282
970	4.59487
980	4.76154
990	4.9282
1000	5.09487
1010	5.26154
1020	5.4282
1030	5.59487
1040	5.76154
1050	5.9282
1060	6.09487
1070	6.26154
1080	6.4282
1090	6.59487
41
690	0.153864
700	0.32053
710	0.487197
720	0.653864
730	0.82053
740	0.987197
750	1.15386
760	1.32053
770	1.4872
780	1.65386
790	1.82053
800	1.9872
810	2.15386
820	2.32053
830	2.4872
840	2.65386
850	2.82053
860	2.9872
870	3.15386
880	3.32053
890	3.4872
900	3.65386
910	3.82053
920	3.9872
930	4.15386
940	4.32053
950	4.4872
960	4.65386
970	4.82053
980	4.9872
990	5.15386
1000	5.32053
1010	5.4872
1020	5.65386
1030	5.82053
1040	5.9872
1050	6.15386
1060	6.32053
1070	6.4872
1080	6.65386
1090	6.82053
42
680	0.103764
690	0.270431
700	0.437098
710	0.603764
720	0.770431
730	0.937098
740	1.10376
750	1.27043
760	1.4371
770	1.60376
780	1.77043
790	1.9371
800	2.10376
810	2.27043
820	2.4371
830	2.60376
840	2.77043
850	2.9371
860	3.10376
870	3.27043
880	3.4371
890	3.60376
900	3.77043
910	3.9371
920	4.10376
930	4.27043
940	4.4371
950	4.60376
960	4.77043
970	4.9371
980	5.10376
990	5.27043
1000	5.4371
1010	5.60376
1020	5.77043
1030	5.9371
1040	6.10376
1050	6.27043
1060	6.4371
1070	6.60376
1080	6.77043
1090	6.9371
44
660	0.143429
670	0.310095
680	0.476762
690	0.643429
700	0.810095
710	0.976762
720	1.14343
730	1.3101
740	1.47676
750	1.64343
760	1.8101
770	1.97676
780	2.14343
790	2.3101
800	2.47676
810	2.64343
820	2.8101
830	2.97676
840	3.14343
850	3.3101
860	3.47676
870	3.64343
880	3.8101
890	3.97676
900	4.14343
910	4.3101
920	4.47676
930	4.64343
940	4.8101
950	4.97676
960	5.14343
970	5.3101
980	5.47676
990	5.64343
1000	5.8101
1010	5.97676
1020	6.14343
1030	6.3101
1040	6.47676
1050	6.64343
1060	6.8101
1070	6.97676
1080	7.14343
1090	7.3101
45
650	0.129484
660	0.296151
670	0.462817
680	0.629484
690	0.796151
700	0.962817
710	1.12948
720	1.29615
730	1.46282
740	1.62948
750	1.79615
760	1.96282
770	2.12948
780	2.29615
790	2.46282
800	2.62948
810	2.79615
820	2.96282
830	3.12948
840	3.29615
850	3.46282
860	3.62948
870	3.79615
880	3.96282
890	4.12948
900	4.29615
910	4.46282
920	4.62948
930	4.79615
940	4.96282
950	5.12948
960	5.29615
970	5.46282
980	5.62948
990	5.79615
1000	5.96282
1010	6.12948
1020	6.29615
1030	6.46282
1040	6.62948
1050	6.79615
1060	6.96282
1070	7.12948
1080	7.29615
1090	7.46282
47
630	0.0830407
640	0.249707
650	0.416374
660	0.583041
670	0.749707
680	0.916374
690	1.08304
700	1.24971
710	1.41637
720	1.58304
730	1.74971
740	1.91637
750	2.08304
760	2.24971
770	2.41637
780	2.58304
790	2.74971
800	2.91637
810	3.08304
820	3.24971
830	3.41637
840	3.58304
850	3.74971
860	3.91637
870	4.08304
880	4.24971
890	4.41637
900	4.58304
910	4.74971
920	4.91637
930	5.08304
940	5.24971
950	5.41637
960	5.58304
970	5.74971
980	5.91637
990	6.08304
1000	6.24971
1010	6.41637
1020	6.58304
1030	6.74971
1040	6.91637
1050	7.08304
1060	7.24971
1070	7.41637
1080	7.58304
1090	7.74971
48
620	0.0914899
630	0.258157
640	0.424823
650	0.59149
660	0.758157
670	0.924823
680	1.09149
690	1.25816
700	1.42482
710	1.59149
720	1.75816
730	1.92482
740	2.09149
750	2.25816
760	2.42482
770	2.59149
780	2.75816
790	2.92482
800	3.09149
810	3.25816
820	3.42482
830	3.59149
840	3.75816
850	3.92482
860	4.09149
870	4.25816
880	4.42482
890	4.59149
900	4.75816
910	4.92482
920	5.09149
930	5.25816
940	5.42482
950	5.59149
960	5.75816
970	5.92482
980	6.09149
990	6.25816
1000	6.42482
1010	6.59149
1020	6.75816
1030	6.92482
1040	7.09149
1050	7.25816
1060	7.42482
1070	7.59149
1080	7.75816
1090	7.92482
49
610	0.0111577
620	0.177824
630	0.344491
640	0.511158
650	0.677824
660	0.844491
670	1.01116
680	1.17782
690	1.34449
700	1.51116
710	1.67782
720	1.84449
730	2.01116
740	2.17782
750	2.34449
760	2.51116
770	2.67782
780	2.84449
790	3.01116
800	3.17782
810	3.34449
820	3.51116
830	3.67782
840	3.84449
850	4.01116
860	4.17782
870	4.34449
880	4.51116
890	4.67782
900	4.84449
910	5.01116
920	5.17782
930	5.34449
940	5.51116
950	5.67782
960	5.84449
970	6.01116
980	6.17782
990	6.34449
1000	6.51116
1010	6.67782
1020	6.84449
1030	7.01116
1040	7.17782
1050	7.34449
1060	7.51116
1070	7.67782
1080	7.84449
1090	8.01116
50
600	0.0731977
610	0.187326
620	0.288089
630	0.448589
640	0.615256
650	0.781923
660	0.948589
670	1.11526
680	1.28192
690	1.44859
700	1.61526
710	1.78192
720	1.94859
730	2.11526
740	2.28192
750	2.44859
760	2.61526
770	2.78192
780	2.94859
790	3.11526
800	3.28192
810	3.44859
820	3.61526
830	3.78192
840	3.94859
850	4.11526
860	4.28192
870	4.44859
880	4.61526
890	4.78192
900	4.94859
910	5.11526
920	5.28192
930	5.44859
940	5.61526
950	5.78192
960	5.94859
970	6.11526
980	6.28192
990	6.44859
1000	6.61526
1010	6.78192
1020	6.94859
1030	7.11526
1040	7.28192
1050	7.44859
1060	7.61526
1070	7.78192
1080	7.94859
1090	8.11526
51
590	0.0513888
600	0.128572
610	0.281764
620	0.44843
630	0.615097
640	0.781764
650	0.94843
660	1.1151
670	1.28176
680	1.44843
690	1.6151
700	1.78176
710	1.94843
720	2.1151
730	2.28176
740	2.44843
750	2.6151
760	2.78176
770	2.94843
780	3.1151
790	3.28176
800	3.44843
810	3.6151
820	3.78176
830	3.94843
840	4.1151
850	4.28176
860	4.44843
870	4.6151
880	4.78176
890	4.94843
900	5.1151
910	5.28176
920	5.44843
930	5.6151
940	5.78176
950	5.94843
960	6.1151
970	6.28176
980	6.44843
990	6.6151
1000	6.78176
1010	6.94843
1020	7.1151
1030	7.28176
1040	7.44843
1050	7.6151
1060	7.78176
1070	7.94843
1080	8.1151
1090	8.28176
52
580	0.144905
590	0.311572
600	0.478239
610	0.644905
620	0.811572
630	0.978239
640	1.14491
650	1.31157
660	1.47824
670	1.64491
680	1.81157
690	1.97824
700	2.14491
710	2.31157
720	2.47824
730	2.64491
740	2.81157
750	2.97824
760	3.14491
770	3.31157
780	3.47824
790	3.64491
800	3.81157
810	3.97824
820	4.14491
830	4.31157
840	4.47824
850	4.64491
860	4.81157
870	4.97824
880	5.14491
890	5.31157
900	5.47824
910	5.64491
920	5.81157
930	5.97824
940	6.14491
950	6.31157
960	6.47824
970	6.64491
980	6.81157
990	6.97824
1000	7.14491
1010	7.31157
1020	7.47824
1030	7.64491
1040	7.81157
1050	7.97824
1060	8.14491
1070	8.31157
1080	8.47824
1090	8.64491
53
570	0.108438
580	0.275105
590	0.441772
600	0.608438
610	0.775105
620	0.941772
630	1.10844
640	1.2751
650	1.44177
660	1.60844
670	1.7751
680	1.94177
690	2.10844
700	2.2751
710	2.44177
720	2.60844
730	2.7751
740	2.94177
750	3.10844
760	3.2751
770	3.44177
780	3.60844
790	3.7751
800	3.94177
810	4.10844
820	4.2751
830	4.44177
840	4.60844
850	4.7751
860	4.94177
870	5.10844
880	5.2751
890	5.44177
900	5.60844
910	5.7751
920	5.94177
930	6.10844
940	6.2751
950	6.44177
960	6.60844
970	6.7751
980	6.94177
990	7.10844
1000	7.2751
1010	7.44177
1020	7.60844
1030	7.7751
1040	7.94177
1050	8.10844
1060	8.2751
1070	8.44177
1080	8.60844
1090	8.7751
54
560	0.104463
570	0.27113
580	0.437796
590	0.604463
600	0.77113
610	0.937796
620	1.10446
630	1.27113
640	1.4378
650	1.60446
660	1.77113
670	1.9378
680	2.10446
690	2.27113
700	2.4378
710	2.60446
720	2.77113
730	2.9378
740	3.10446
750	3.27113
760	3.4378
770	3.60446
780	3.77113
790	3.9378
800	4.10446
810	4.27113
820	4.4378
830	4.60446
840	4.77113
850	4.9378
860	5.10446
870	5.27113
880	5.4378
890	5.60446
900	5.77113
910	5.9378
920	6.10446
930	6.27113
940	6.4378
950	6.60446
960	6.77113
970	6.9378
980	7.10446
990	7.27113
1000	7.4378
1010	7.60446
1020	7.77113
1030	7.9378
1040	8.10446
1050	8.27113
1060	8.4378
1070	8.60446
1080	8.77113
1090	8.9378
55
550	0.122741
560	0.289408
570	0.456075
580	0.622741
590	0.789408
600	0.956075
610	1.12274
620	1.28941
630	1.45607
640	1.62274
650	1.78941
660	1.95607
670	2.12274
680	2.28941
690	2.45607
700	2.62274
710	2.78941
720	2.95607
730	3.12274
740	3.28941
750	3.45607
760	3.62274
770	3.78941
780	3.95607
790	4.12274
800	4.28941
810	4.45607
820	4.62274
830	4.78941
840	4.95607
850	5.12274
860	5.28941
870	5.45607
880	5.62274
890	5.78941
900	5.95607
910	6.12274
920	6.28941
930	6.45607
940	6.62274
950	6.78941
960	6.95607
970	7.12274
980	7.28941
990	7.45607
1000	7.62274
1010	7.78941
1020	7.95607
1030	8.12274
1040	8.28941
1050	8.45607
1060	8.62274
1070	8.78941
1080	8.95607
1090	9.12274
56
540	0.109758
550	0.276425
560	0.443092
570	0.609758
580	0.776425
590	0.943092
600	1.10976
610	1.27643
620	1.44309
630	1.60976
640	1.77643
650	1.94309
660	2.10976
670	2.27643
680	2.44309
690	2.60976
700	2.77643
710	2.94309
720	3.10976
730	3.27643
740	3.44309
750	3.60976
760	3.77643
770	3.94309
780	4.10976
790	4.27643
800	4.44309
810	4.60976
820	4.77643
830	4.94309
840	5.10976
850	5.27643
860	5.44309
870	5.60976
880	5.77643
890	5.94309
900	6.10976
910	6.27643
920	6.44309
930	6.60976
940	6.77643
950	6.94309
960	7.10976
970	7.27643
980	7.44309
990	7.60976
1000	7.77643
1010	7.94309
1020	8.10976
1030	8.27643
1040	8.44309
1050	8.60976
1060	8.77643
1070	8.94309
1080	9.10976
1090	9.27643
57
530	0.150092
540	0.316758
550	0.483425
560	0.650092
570	0.816758
580	0.983425
590	1.15009
600	1.31676
610	1.48342
620	1.65009
630	1.81676
640	1.98342
650	2.15009
660	2.31676
670	2.48342
680	2.65009
690	2.81676
700	2.98342
710	3.15009
720	3.31676
730	3.48342
740	3.65009
750	3.81676
760	3.98342
770	4.15009
780	4.31676
790	4.48342
800	4.65009
810	4.81676
820	4.98342
830	5.15009
840	5.31676
850	5.48342
860	5.65009
870	5.81676
880	5.98342
890	6.15009
900	6.31676
910	6.48342
920	6.65009
930	6.81676
940	6.98342
950	7.15009
960	7.31676
970	7.48342
980	7.65009
990	7.81676
1000	7.98342
1010	8.15009
1020	8.31676
1030	8.48342
1040	8.65009
1050	8.81676
1060	8.98342
1070	9.15009
1080	9.31676
1090	9.48342
58
520	0.115501
530	0.282168
540	0.448835
550	0.615501
560	0.782168
570	0.948835
580	1.1155
590	1.28217
600	1.44883
610	1.6155
620	1.78217
630	1.94883
640	2.1155
650	2.28217
660	2.44883
670	2.6155
680	2.78217
690	2.94883
700	3.1155
710	3.28217
720	3.44883
730	3.6155
740	3.78217
750	3.94883
760	4.1155
770	4.28217
780	4.44883
790	4.6155
800	4.78217
810	4.94883
820	5.1155
830	5.28217
840	5.44883
850	5.6155
860	5.78217
870	5.94883
880	6.1155
890	6.28217
900	6.44883
910	6.6155
920	6.78217
930	6.94883
940	7.1155
950	7.28217
960	7.44883
970	7.6155
980	7.78217
990	7.94883
1000	8.1155
1010	8.28217
1020	8.44883
1030	8.6155
1040	8.78217
1050	8.94883
1060	9.1155
1070	9.28217
1080	9.44883
1090	9.6155
59
510	0.145123
520	0.31179
530	0.478457
540	0.645123
550	0.81179
560	0.978457
570	1.14512
580	1.31179
590	1.47846
600	1.64512
610	1.81179
620	1.97846
630	2.14512
640	2.31179
650	2.47846
660	2.64512
670	2.81179
680	2.97846
690	3.14512
700	3.31179
710	3.47846
720	3.64512
730	3.81179
740	3.97846
750	4.14512
760	4.31179
770	4.47846
780	4.64512
790	4.81179
800	4.97846
810	5.14512
820	5.31179
830	5.47846
840	5.64512
850	5.81179
860	5.97846
870	6.14512
880	6.31179
890	6.47846
900	6.64512
910	6.81179
920	6.97846
930	7.14512
940	7.31179
950	7.47846
960	7.64512
970	7.81179
980	7.97846
990	8.14512
1000	8.31179
1010	8.47846
1020	8.64512
1030	8.81179
1040	8.97846
1050	9.14512
1060	9.31179
1070	9.47846
1080	9.64512
1090	9.81179
60
500	0.144195
510	0.310861
520	0.477528
530	0.644195
540	0.810861
550	0.977528
560	1.14419
570	1.31086
580	1.47753
590	1.64419
600	1.81086
610	1.97753
620	2.14419
630	2.31086
640	2.47753
650	2.64419
660	2.81086
670	2.97753
680	3.14419
690	3.31086
700	3.47753
710	3.64419
720	3.81086
730	3.97753
740	4.14419
750	4.31086
760	4.47753
770	4.64419
780	4.81086
790	4.97753
800	5.14419
810	5.31086
820	5.47753
830	5.64419
840	5.81086
850	5.97753
860	6.14419
870	6.31086
880	6.47753
890	6.64419
900	6.81086
910	6.97753
920	7.14419
930	7.31086
940	7.47753
950	7.64419
960	7.81086
970	7.97753
980	8.14419
990	8.31086
1000	8.47753
1010	8.64419
1020	8.81086
1030	8.97753
1040	9.14419
1050	9.31086
1060	9.47753
1070	9.64419
1080	9.81086
1090	9.97753
61
490	0.133112
500	0.299779
510	0.466445
520	0.633112
530	0.799779
540	0.966445
550	1.13311
560	1.29978
570	1.46645
580	1.63311
590	1.79978
600	1.96645
610	2.13311
620	2.29978
630	2.46645
640	2.63311
650	2.79978
660	2.96645
670	3.13311
680	3.29978
690	3.46645
700	3.63311
710	3.79978
720	3.96645
730	4.13311
740	4.29978
750	4.46645
760	4.63311
770	4.79978
780	4.96645
790	5.13311
800	5.29978
810	5.46645
820	5.63311
830	5.79978
840	5.96645
850	6.13311
860	6.29978
870	6.46645
880	6.63311
890	6.79978
900	6.96645
910	7.13311
920	7.29978
930	7.46645
940	7.63311
950	7.79978
960	7.96645
970	8.13311
980	8.29978
990	8.46645
1000	8.63311
1010	8.79978
1020	8.96645
1030	9.13311
1040	9.29978
1050	9.46645
1060	9.63311
1070	9.79978
1080	9.96645
1090	10.1331
62
480	0.112653
490	0.27932
500	0.445986
510	0.612653
520	0.77932
530	0.945986
540	1.11265
550	1.27932
560	1.44599
570	1.61265
580	1.77932
590	1.94599
600	2.11265
610	2.27932
620	2.44599
630	2.61265
640	2.77932
650	2.94599
660	3.11265
670	3.27932
680	3.44599
690	3.61265
700	3.77932
710	3.94599
720	4.11265
730	4.27932
740	4.44599
750	4.61265
760	4.77932
770	4.94599
780	5.11265
790	5.27932
800	5.44599
810	5.61265
820	5.77932
830	5.94599
840	6.11265
850	6.27932
860	6.44599
870	6.61265
880	6.77932
890	6.94599
900	7.11265
910	7.27932
920	7.44599
930	7.61265
940	7.77932
950	7.94599
960	8.11265
970	8.27932
980	8.44599
990	8.61265
1000	8.77932
1010	8.94599
1020	9.11265
1030	9.27932
1040	9.44599
1050	9.61265
1060	9.77932
1070	9.94599
1080	10.1127
1090	10.2793
63
470	0.119021
480	0.285687
490	0.452354
500	0.619021
510	0.785687
520	0.952354
530	1.11902
540	1.28569
550	1.45235
560	1.61902
570	1.78569
580	1.95235
590	2.11902
600	2.28569
610	2.45235
620	2.61902
630	2.78569
640	2.95235
650	3.11902
660	3.28569
670	3.45235
680	3.61902
690	3.78569
700	3.95235
710	4.11902
720	4.28569
730	4.45235
740	4.61902
750	4.78569
760	4.95235
770	5.11902
780	5.28569
790	5.45235
800	5.61902
810	5.78569
820	5.95235
830	6.11902
840	6.28569
850	6.45235
860	6.61902
870	6.78569
880	6.95235
890	7.11902
900	7.28569
910	7.45235
920	7.61902
930	7.78569
940	7.95235
950	8.11902
960	8.28569
970	8.45235
980	8.61902
990	8.78569
1000	8.95235
1010	9.11902
1020	9.28569
1030	9.45235
1040	9.61902
1050	9.78569
1060	9.95235
1070	10.119
1080	10.2857
1090	10.4524
64
460	0.149797
470	0.316464
480	0.48313
490	0.649797
500	0.816464
510	0.98313
520	1.1498
530	1.31646
540	1.48313
550	1.6498
560	1.81646
570	1.98313
580	2.1498
590	2.31646
600	2.48313
610	2.6498
620	2.81646
630	2.98313
640	3.1498
650	3.31646
660	3.48313
670	3.6498
680	3.81646
690	3.98313
700	4.1498
710	4.31646
720	4.48313
730	4.6498
740	4.81646
750	4.98313
760	5.1498
770	5.31646
780	5.48313
790	5.6498
800	5.81646
810	5.98313
820	6.1498
830	6.31646
840	6.48313
850	6.6498
860	6.81646
870	6.98313
880	7.1498
890	7.31646
900	7.48313
910	7.6498
920	7.81646
930	7.98313
940	8.1498
950	8.31646
960	8.48313
970	8.6498
980	8.81646
990	8.98313
1000	9.1498
1010	9.31646
1020	9.48313
1030	9.6498
1040	9.81646
1050	9.98313
1060	10.1498
1070	10.3165
1080	10.4831
1090	10.6498
65
450	0.092042
460	0.258709
470	0.425375
480	0.592042
490	0.758709
500	0.925375
510	1.09204
520	1.25871
530	1.42538
540	1.59204
550	1.75871
560	1.92538
570	2.09204
580	2.25871
590	2.42538
600	2.59204
610	2.75871
620	2.92538
630	3.09204
640	3.25871
650	3.42538
660	3.59204
670	3.75871
680	3.92538
690	4.09204
700	4.25871
710	4.42538
720	4.59204
730	4.75871
740	4.92538
750	5.09204
760	5.25871
770	5.42538
780	5.59204
790	5.75871
800	5.92538
810	6.09204
820	6.25871
830	6.42538
840	6.59204
850	6.75871
860	6.92538
870	7.09204
880	7.25871
890	7.42538
900	7.59204
910	7.75871
920	7.92538
930	8.09204
940	8.25871
950	8.42538
960	8.59204
970	8.75871
980	8.92538
990	9.09204
1000	9.25871
1010	9.42538
1020	9.59204
1030	9.75871
1040	9.92538
1050	10.092
1060	10.2587
1070	10.4254
1080	10.592
1090	10.7587
66
440	0.101086
450	0.267753
460	0.434419
470	0.601086
480	0.767753
490	0.934419
500	1.10109
510	1.26775
520	1.43442
530	1.60109
540	1.76775
550	1.93442
560	2.10109
570	2.26775
580	2.43442
590	2.60109
600	2.76775
610	2.93442
620	3.10109
630	3.26775
640	3.43442
650	3.60109
660	3.76775
670	3.93442
680	4.10109
690	4.26775
700	4.43442
710	4.60109
720	4.76775
730	4.93442
740	5.10109
750	5.26775
760	5.43442
770	5.60109
780	5.76775
790	5.93442
800	6.10109
810	6.26775
820	6.43442
830	6.60109
840	6.76775
850	6.93442
860	7.10109
870	7.26775
880	7.43442
890	7.60109
900	7.76775
910	7.93442
920	8.10109
930	8.26775
940	8.43442
950	8.60109
960	8.76775
970	8.93442
980	9.10109
990	9.26775
1000	9.43442
1010	9.60109
1020	9.76775
1030	9.93442
1040	10.1011
1050	10.2678
1060	10.4344
1070	10.6011
1080	10.7678
1090	10.9344
68
420	0.0882091
430	0.254876
440	0.421542
450	0.588209
460	0.754876
470	0.921542
480	1.08821
490	1.25488
500	1.42154
510	1.58821
520	1.75488
530	1.92154
540	2.08821
550	2.25488
560	2.42154
570	2.58821
580	2.75488
590	2.92154
600	3.08821
610	3.25488
620	3.42154
630	3.58821
640	3.75488
650	3.92154
660	4.08821
670	4.25488
680	4.42154
690	4.58821
700	4.75488
710	4.92154
720	5.08821
730	5.25488
740	5.42154
750	5.58821
760	5.75488
770	5.92154
780	6.08821
790	6.25488
800	6.42154
810	6.58821
820	6.75488
830	6.92154
840	7.08821
850	7.25488
860	7.42154
870	7.58821
880	7.75488
890	7.92154
900	8.08821
910	8.25488
920	8.42154
930	8.58821
940	8.75488
950	8.92154
960	9.08821
970	9.25488
980	9.42154
990	9.58821
1000	9.75488
1010	9.92154
1020	10.0882
1030	10.2549
1040	10.4215
1050	10.5882
1060	10.7549
1070	10.9215
1080	11.0882
1090	11.2549
69
410	0.125474
420	0.29214
430	0.458807
440	0.625474
450	0.79214
460	0.958807
470	1.12547
480	1.29214
490	1.45881
500	1.62547
510	1.79214
520	1.95881
530	2.12547
540	2.29214
550	2.45881
560	2.62547
570	2.79214
580	2.95881
590	3.12547
600	3.29214
610	3.45881
620	3.62547
630	3.79214
640	3.95881
650	4.12547
660	4.29214
670	4.45881
680	4.62547
690	4.79214
700	4.95881
710	5.12547
720	5.29214
730	5.45881
740	5.62547
750	5.79214
760	5.95881
770	6.12547
780	6.29214
790	6.45881
800	6.62547
810	6.79214
820	6.95881
830	7.12547
840	7.29214
850	7.45881
860	7.62547
870	7.79214
880	7.95881
890	8.12547
900	8.29214
910	8.45881
920	8.62547
930	8.79214
940	8.95881
950	9.12547
960	9.29214
970	9.45881
980	9.62547
990	9.79214
1000	9.95881
1010	10.1255
1020	10.2921
1030	10.4588
1040	10.6255
1050	10.7921
1060	10.9588
1070	11.1255
1080	11.2921
1090	11.4588
70
400	0.0859026
410	0.252569
420	0.419236
430	0.585903
440	0.752569
450	0.919236
460	1.0859
470	1.25257
480	1.41924
490	1.5859
500	1.75257
510	1.91924
520	2.0859
530	2.25257
540	2.41924
550	2.5859
560	2.75257
570	2.91924
580	3.0859
590	3.25257
600	3.41924
610	3.5859
620	3.75257
630	3.91924
640	4.0859
650	4.25257
660	4.41924
670	4.5859
680	4.75257
690	4.91924
700	5.0859
710	5.25257
720	5.41924
730	5.5859
740	5.75257
750	5.91924
760	6.0859
770	6.25257
780	6.41924
790	6.5859
800	6.75257
810	6.91924
820	7.0859
830	7.25257
840	7.41924
850	7.5859
860	7.75257
870	7.91924
880	8.0859
890	8.25257
900	8.41924
910	8.5859
920	8.75257
930	8.91924
940	9.0859
950	9.25257
960	9.41924
970	9.5859
980	9.75257
990	9.91924
1000	10.0859
1010	10.2526
1020	10.4192
1030	10.5859
1040	10.7526
1050	10.9192
1060	11.0859
1070	11.2526
1080	11.4192
1090	11.5859
71
390	0.117378
400	0.284044
410	0.445943
420	0.552854
430	0.701554
440	0.868221
450	1.03489
460	1.20155
470	1.36822
480	1.53489
490	1.70155
500	1.86822
510	2.03489
520	2.20155
530	2.36822
540	2.53489
550	2.70155
560	2.86822
570	3.03489
580	3.20155
590	3.36822
600	3.53489
610	3.70155
620	3.86822
630	4.03489
640	4.20155
650	4.36822
660	4.53489
670	4.70155
680	4.86822
690	5.03489
700	5.20155
710	5.36822
720	5.53489
730	5.70155
740	5.86822
750	6.03489
760	6.20155
770	6.36822
780	6.53489
790	6.70155
800	6.86822
810	7.03489
820	7.20155
830	7.36822
840	7.53489
850	7.70155
860	7.86822
870	8.03489
880	8.20155
890	8.36822
900	8.53489
910	8.70155
920	8.86822
930	9.03489
940	9.20155
950	9.36822
960	9.53489
970	9.70155
980	9.86822
990	10.0349
1000	10.2016
1010	10.3682
1020	10.5349
1030	10.7016
1040	10.8682
1050	11.0349
1060	11.2016
1070	11.3682
1080	11.5349
1090	11.7016
72
380	0.0347711
390	0.201438
400	0.357064
410	0.456244
420	0.606186
430	0.772852
440	0.939519
450	1.10619
460	1.27285
470	1.43952
480	1.60619
490	1.77285
500	1.93952
510	2.10619
520	2.27285
530	2.43952
540	2.60619
550	2.77285
560	2.93952
570	3.10619
580	3.27285
590	3.43952
600	3.60619
610	3.77285
620	3.93952
630	4.10619
640	4.27285
650	4.43952
660	4.60619
670	4.77285
680	4.93952
690	5.10619
700	5.27285
710	5.43952
720	5.60619
730	5.77285
740	5.93952
750	6.10619
760	6.27285
770	6.43952
780	6.60619
790	6.77285
800	6.93952
810	7.10619
820	7.27285
830	7.43952
840	7.60619
850	7.77285
860	7.93952
870	8.10619
880	8.27285
890	8.43952
900	8.60619
910	8.77285
920	8.93952
930	9.10619
940	9.27285
950	9.43952
960	9.60619
970	9.77285
980	9.93952
990	10.1062
1000	10.2729
1010	10.4395
1020	10.6062
1030	10.7729
1040	10.9395
1050	11.1062
1060	11.2729
1070	11.4395
1080	11.6062
1090	11.7729
73
370	0.120133
380	0.273771
390	0.294515
400	0.384812
410	0.533452
420	0.695214
430	0.86188
440	1.02855
450	1.19521
460	1.36188
470	1.52855
480	1.69521
490	1.86188
500	2.02855
510	2.19521
520	2.36188
530	2.52855
540	2.69521
550	2.86188
560	3.02855
570	3.19521
580	3.36188
590	3.52855
600	3.69521
610	3.86188
620	4.02855
630	4.19521
640	4.36188
650	4.52855
660	4.69521
670	4.86188
680	5.02855
690	5.19521
700	5.36188
710	5.52855
720	5.69521
730	5.86188
740	6.02855
750	6.19521
760	6.36188
770	6.52855
780	6.69521
790	6.86188
800	7.02855
810	7.19521
820	7.36188
830	7.52855
840	7.69521
850	7.86188
860	8.02855
870	8.19521
880	8.36188
890	8.52855
900	8.69521
910	8.86188
920	9.02855
930	9.19521
940	9.36188
950	9.52855
960	9.69521
970	9.86188
980	10.0285
990	10.1952
1000	10.3619
1010	10.5285
1020	10.6952
1030	10.8619
1040	11.0285
1050	11.1952
1060	11.3619
1070	11.5285
1080	11.6952
1090	11.8619
74
360	0
370	0.165401
380	0.277559
390	0.310963
400	0.414424
410	0.575442
420	0.742108
430	0.908775
440	1.07544
450	1.24211
460	1.40877
470	1.57544
480	1.74211
490	1.90877
500	2.07544
510	2.24211
520	2.40877
530	2.57544
540	2.74211
550	2.90877
560	3.07544
570	3.24211
580	3.40877
590	3.57544
600	3.74211
610	3.90877
620	4.07544
630	4.24211
640	4.40877
650	4.57544
660	4.74211
670	4.90877
680	5.07544
690	5.24211
700	5.40877
710	5.57544
720	5.74211
730	5.90877
740	6.07544
750	6.24211
760	6.40877
770	6.57544
780	6.74211
790	6.90877
800	7.07544
810	7.24211
820	7.40877
830	7.57544
840	7.74211
850	7.90877
860	8.07544
870	8.24211
880	8.40877
890	8.57544
900	8.74211
910	8.90877
920	9.07544
930	9.24211
940	9.40877
950	9.57544
960	9.74211
970	9.90877
980	10.0754
990	10.2421
1000	10.4088
1010	10.5754
1020	10.7421
1030	10.9088
1040	11.0754
1050	11.2421
1060	11.4088
1070	11.5754
1080	11.7421
1090	11.9088
74
360	0.0564233
370	0.0564233
380	0.0564233
390	0.0564233
400	0.0564233
410	0.0564233
420	0.0564233
430	0.0564233
440	0.0564233
450	0.0564233
460	0.0564233
470	0.0564233
480	0.0564233
490	0.0564233
500	0.0564233
510	0.0564233
520	0.0564233
530	0.0564233
540	0.0564233
550	0.0564233
560	0.0564233
570	0.0564233
580	0.0564233
590	0.0564233
600	0.0564233
610	0.0564233
620	0.0564233
630	0.0564233
640	0.0564233
650	0.0564233
660	0.0564233
670	0.0564233
680	0.0564233
690	0.0564233
700	0.0564233
710	0.0564233
720	0.0564233
730	0.0564233
740	0.0564233
750	0.0564233
760	0.0564233
770	0.0564233
780	0.0564233
790	0.0564233
800	0.0564233
810	0.0564233
820	0.0564233
830	0.0564233
840	0.0564233
850	0.0564233
860	0.0564233
870	0.0564233
880	0.0564233
890	0.0564233
900	0.0564233
910	0.0564233
920	0.0564233
930	0.0564233
940	0.0564233
950	0.0564233
960	0.0564233
970	0.0564233
980	0.0564233
990	0.0564233
1000	0.0564233
1010	0.0564233
1020	0.0564233
1030	0.0564233
1040	0.0564233
1050	0.0564233
1060	0.0564233
1070	0.0564233
1080	0.0564233
1090	0.0564233
74
360	0.10917
370	0.258121
380	0.317363
390	0.429868
400	0.589511
410	0.756177
420	0.922844
430	1.08951
440	1.25618
450	1.42284
460	1.58951
470	1.75618
480	1.92284
490	2.08951
500	2.25618
510	2.42284
520	2.58951
530	2.75618
540	2.92284
550	3.08951
560	3.25618
570	3.42284
580	3.58951
590	3.75618
600	3.92284
610	4.08951
620	4.25618
630	4.42284
640	4.58951
650	4.75618
660	4.92284
670	5.08951
680	5.25618
690	5.42284
700	5.58951
710	5.75618
720	5.92284
730	6.08951
740	6.25618
750	6.42284
760	6.58951
770	6.75618
780	6.92284
790	7.08951
800	7.25618
810	7.42284
820	7.58951
830	7.75618
840	7.92284
850	8.08951
860	8.25618
870	8.42284
880	8.58951
890	8.75618
900	8.92284
910	9.08951
920	9.25618
930	9.42284
940	9.58951
950	9.75618
960	9.92284
970	10.0895
980	10.2562
990	10.4228
1000	10.5895
1010	10.7562
1020	10.9228
1030	11.0895
1040	11.2562
1050	11.4228
1060	11.5895
1070	11.7562
1080	11.9228
1090	12.0895
74
360	0.160651
370	0.309634
380	0.347413
390	0.443502
400	0.603145
410	0.769811
420	0.936478
430	1.10314
440	1.26981
450	1.43648
460	1.60314
470	1.76981
480	1.93648
490	2.10314
500	2.26981
510	2.43648
520	2.60314
530	2.76981
540	2.93648
550	3.10314
560	3.26981
570	3.43648
580	3.60314
590	3.76981
600	3.93648
610	4.10314
620	4.26981
630	4.43648
640	4.60314
650	4.76981
660	4.93648
670	5.10314
680	5.26981
690	5.43648
700	5.60314
710	5.76981
720	5.93648
730	6.10314
740	6.26981
750	6.43648
760	6.60314
770	6.76981
780	6.93648
790	7.10314
800	7.26981
810	7.43648
820	7.60314
830	7.76981
840	7.93648
850	8.10314
860	8.26981
870	8.43648
880	8.60314
890	8.76981
900	8.93648
910	9.10314
920	9.26981
930	9.43648
940	9.60314
950	9.76981
960	9.93648
970	10.1031
980	10.2698
990	10.4365
1000	10.6031
1010	10.7698
1020	10.9365
1030	11.1031
1040	11.2698
1050	11.4365
1060	11.6031
1070	11.7698
1080	11.9365
1090	12.1031
74
360	0.228774
370	0.36066
380	0.401021
390	0.520524
400	0.686825
410	0.853492
420	1.02016
430	1.18682
440	1.35349
450	1.52016
460	1.68682
470	1.85349
480	2.02016
490	2.18682
500	2.35349
510	2.52016
520	2.68682
530	2.85349
540	3.02016
550	3.18682
560	3.35349
570	3.52016
580	3.68682
590	3.85349
600	4.02016
610	4.18682
620	4.35349
630	4.52016
640	4.68682
650	4.85349
660	5.02016
670	5.18682
680	5.35349
690	5.52016
700	5.68682
710	5.85349
720	6.02016
730	6.18682
740	6.35349
750	6.52016
760	6.68682
770	6.85349
780	7.02016
790	7.18682
800	7.35349
810	7.52016
820	7.68682
830	7.85349
840	8.02016
850	8.18682
860	8.35349
870	8.52016
880	8.68682
890	8.85349
900	9.02016
910	9.18682
920	9.35349
930	9.52016
940	9.68682
950	9.85349
960	10.0202
970	10.1868
980	10.3535
990	10.5202
1000	10.6868
1010	10.8535
1020	11.0202
1030	11.1868
1040	11.3535
1050	11.5202
1060	11.6868
1070	11.8535
1080	12.0202
1090	12.1868
74
360	0.285592
370	0.373524
380	0.497446
390	0.663025
400	0.829691
410	0.996358
420	1.16302
430	1.32969
440	1.49636
450	1.66302
460	1.82969
470	1.99636
480	2.16302
490	2.32969
500	2.49636
510	2.66302
520	2.82969
530	2.99636
540	3.16302
550	3.32969
560	3.49636
570	3.66302
580	3.82969
590	3.99636
600	4.16302
610	4.32969
620	4.49636
630	4.66302
640	4.82969
650	4.99636
660	5.16302
670	5.32969
680	5.49636
690	5.66302
700	5.82969
710	5.99636
720	6.16302
730	6.32969
740	6.49636
750	6.66302
760	6.82969
770	6.99636
780	7.16302
790	7.32969
800	7.49636
810	7.66302
820	7.82969
830	7.99636
840	8.16302
850	8.32969
860	8.49636
870	8.66302
880	8.82969
890	8.99636
900	9.16302
910	9.32969
920	9.49636
930	9.66302
940	9.82969
950	9.99636
960	10.163
970	10.3297
980	10.4964
990	10.663
1000	10.8297
1010	10.9964
1020	11.163
1030	11.3297
1040	11.4964
1050	11.663
1060	11.8297
1070	11.9964
1080	12.163
1090	12.3297
74
360	0.34241
370	0.428211
380	0.554265
390	0.719843
400	0.886509
410	1.05318
420	1.21984
430	1.38651
440	1.55318
450	1.71984
460	1.88651
470	2.05318
480	2.21984
490	2.38651
500	2.55318
510	2.71984
520	2.88651
530	3.05318
540	3.21984
550	3.38651
560	3.55318
570	3.71984
580	3.88651
590	4.05318
600	4.21984
610	4.38651
620	4.55318
630	4.71984
640	4.88651
650	5.05318
660	5.21984
670	5.38651
680	5.55318
690	5.71984
700	5.88651
710	6.05318
720	6.21984
730	6.38651
740	6.55318
750	6.71984
760	6.88651
770	7.05318
780	7.21984
790	7.38651
800	7.55318
810	7.71984
820	7.88651
830	8.05318
840	8.21984
850	8.38651
860	8.55318
870	8.71984
880	8.88651
890	9.05318
900	9.21984
910	9.38651
920	9.55318
930	9.71984
940	9.88651
950	10.0532
960	10.2198
970	10.3865
980	10.5532
990	10.7198
1000	10.8865
1010	11.0532
1020	11.2198
1030	11.3865
1040	11.5532
1050	11.7198
1060	11.8865
1070	12.0532
1080	12.2198
1090	12.3865
74
360	0.410361
370	0.514109
380	0.683814
390	0.850481
400	1.01715
410	1.18381
420	1.35048
430	1.51715
440	1.68381
450	1.85048
460	2.01715
470	2.18381
480	2.35048
490	2.51715
500	2.68381
510	2.85048
520	3.01715
530	3.18381
540	3.35048
550	3.51715
560	3.68381
570	3.85048
580	4.01715
590	4.18381
600	4.35048
610	4.51715
620	4.68381
630	4.85048
640	5.01715
650	5.18381
660	5.35048
670	5.51715
680	5.68381
690	5.85048
700	6.01715
710	6.18381
720	6.35048
730	6.51715
740	6.68381
750	6.85048
760	7.01715
770	7.18381
780	7.35048
790	7.51715
800	7.68381
810	7.85048
820	8.01715
830	8.18381
840	8.35048
850	8.51715
860	8.68381
870	8.85048
880	9.01715
890	9.18381
900	9.35048
910	9.51715
920	9.68381
930	9.85048
940	10.0171
950	10.1838
960	10.3505
970	10.5171
980	10.6838
990	10.8505
1000	11.0171
1010	11.1838
1020	11.3505
1030	11.5171
1040	11.6838
1050	11.8505
1060	12.0171
1070	12.1838
1080	12.3505
1090	12.5171
74
360	0.474484
370	0.579304
380	0.740772
390	0.907438
400	1.0741
410	1.24077
420	1.40744
430	1.5741
440	1.74077
450	1.90744
460	2.0741
470	2.24077
480	2.40744
490	2.5741
500	2.74077
510	2.90744
520	3.0741
530	3.24077
540	3.40744
550	3.5741
560	3.74077
570	3.90744
580	4.0741
590	4.24077
600	4.40744
610	4.5741
620	4.74077
630	4.90744
640	5.0741
650	5.24077
660	5.40744
670	5.5741
680	5.74077
690	5.90744
700	6.0741
710	6.24077
720	6.40744
730	6.5741
740	6.74077
750	6.90744
760	7.0741
770	7.24077
780	7.40744
790	7.5741
800	7.74077
810	7.90744
820	8.0741
830	8.24077
840	8.40744
850	8.5741
860	8.74077
870	8.90744
880	9.0741
890	9.24077
900	9.40744
910	9.5741
920	9.74077
930	9.90744
940	10.0741
950	10.2408
960	10.4074
970	10.5741
980	10.7408
990	10.9074
1000	11.0741
1010	11.2408
1020	11.4074
1030	11.5741
1040	11.7408
1050	11.9074
1060	12.0741
1070	12.2408
1080	12.4074
1090	12.5741
74
360	0.569401
370	0.731289
380	0.897956
390	1.06462
400	1.23129
410	1.39796
420	1.56462
430	1.73129
440	1.89796
450	2.06462
460	2.23129
470	2.39796
480	2.56462
490	2.73129
500	2.89796
510	3.06462
520	3.23129
530	3.39796
540	3.56462
550	3.73129
560	3.89796
570	4.06462
580	4.23129
590	4.39796
600	4.56462
610	4.73129
620	4.89796
630	5.06462
640	5.23129
650	5.39796
660	5.56462
670	5.73129
680	5.89796
690	6.06462
700	6.23129
710	6.39796
720	6.56462
730	6.73129
740	6.89796
750	7.06462
760	7.23129
770	7.39796
780	7.56462
790	7.73129
800	7.89796
810	8.06462
820	8.23129
830	8.39796
840	8.56462
850	8.73129
860	8.89796
870	9.06462
880	9.23129
890	9.39796
900	9.56462
910	9.73129
920	9.89796
930	10.0646
940	10.2313
950	10.398
960	10.5646
970	10.7313
980	10.898
990	11.0646
1000	11.2313
1010	11.398
1020	11.5646
1030	11.7313
1040	11.898
1050	12.0646
1060	12.2313
1070	12.398
1080	12.5646
1090	12.7313
74
360	0.629242
370	0.795909
380	0.962575
390	1.12924
400	1.29591
410	1.46258
420	1.62924
430	1.79591
440	1.96258
450	2.12924
460	2.29591
470	2.46258
480	2.62924
490	2.79591
500	2.96258
510	3.12924
520	3.29591
530	3.46258
540	3.62924
550	3.79591
560	3.96258
570	4.12924
580	4.29591
590	4.46258
600	4.62924
610	4.79591
620	4.96258
630	5.12924
640	5.29591
650	5.46258
660	5.62924
670	5.79591
680	5.96258
690	6.12924
700	6.29591
710	6.46258
720	6.62924
730	6.79591
740	6.96258
750	7.12924
760	7.29591
770	7.46258
780	7.62924
790	7.79591
800	7.96258
810	8.12924
820	8.29591
830	8.46258
840	8.62924
850	8.79591
860	8.96258
870	9.12924
880	9.29591
890	9.46258
900	9.62924
910	9.79591
920	9.96258
930	10.1292
940	10.2959
950	10.4626
960	10.6292
970	10.7959
980	10.9626
990	11.1292
1000	11.2959
1010	11.4626
1020	11.6292
1030	11.7959
1040	11.9626
1050	12.1292
1060	12.2959
1070	12.4626
1080	12.6292
1090	12.7959
74
360	0.707057
370	0.873724
380	1.04039
390	1.20706
400	1.37372
410	1.54039
420	1.70706
430	1.87372
440	2.04039
450	2.20706
460	2.37372
470	2.54039
480	2.70706
490	2.87372
500	3.04039
510	3.20706
520	3.37372
530	3.54039
540	3.70706
550	3.87372
560	4.04039
570	4.20706
580	4.37372
590	4.54039
600	4.70706
610	4.87372
620	5.04039
630	5.20706
640	5.37372
650	5.54039
660	5.70706
670	5.87372
680	6.04039
690	6.20706
700	6.37372
710	6.54039
720	6.70706
730	6.87372
740	7.04039
750	7.20706
760	7.37372
770	7.54039
780	7.70706
790	7.87372
800	8.04039
810	8.20706
820	8.37372
830	8.54039
840	8.70706
850	8.87372
860	9.04039
870	9.20706
880	9.37372
890	9.54039
900	9.70706
910	9.87372
920	10.0404
930	10.2071
940	10.3737
950	10.5404
960	10.7071
970	10.8737
980	11.0404
990	11.2071
1000	11.3737
1010	11.5404
1020	11.7071
1030	11.8737
1040	12.0404
1050	12.2071
1060	12.3737
1070	12.5404
1080	12.7071
1090	12.8737
74
360	0.843879
370	1.01055
380	1.17721
390	1.34388
400	1.51055
410	1.67721
420	1.84388
430	2.01055
440	2.17721
450	2.34388
460	2.51055
470	2.67721
480	2.84388
490	3.01055
500	3.17721
510	3.34388
520	3.51055
530	3.67721
540	3.84388
550	4.01055
560	4.17721
570	4.34388
580	4.51055
590	4.67721
600	4.84388
610	5.01055
620	5.17721
630	5.34388
640	5.51055
650	5.67721
660	5.84388
670	6.01055
680	6.17721
690	6.34388
700	6.51055
710	6.67721
720	6.84388
730	7.01055
740	7.17721
750	7.34388
760	7.51055
770	7.67721
780	7.84388
790	8.01055
800	8.17721
810	8.34388
820	8.51055
830	8.67721
840	8.84388
850	9.01055
860	9.17721
870	9.34388
880	9.51055
890	9.67721
900	9.84388
910	10.0105
920	10.1772
930	10.3439
940	10.5105
950	10.6772
960	10.8439
970	11.0105
980	11.1772
990	11.3439
1000	11.5105
1010	11.6772
1020	11.8439
1030	12.0105
1040	12.1772
1050	12.3439
1060	12.5105
1070	12.6772
1080	12.8439
1090	13.0105
74
360	0.932817
370	1.09948
380	1.26615
390	1.43282
400	1.59948
410	1.76615
420	1.93282
430	2.09948
440	2.26615
450	2.43282
460	2.59948
470	2.76615
480	2.93282
490	3.09948
500	3.26615
510	3.43282
520	3.59948
530	3.76615
540	3.93282
550	4.09948
560	4.26615
570	4.43282
580	4.59948
590	4.76615
600	4.93282
610	5.09948
620	5.26615
630	5.43282
640	5.59948
650	5.76615
660	5.93282
670	6.09948
680	6.26615
690	6.43282
700	6.59948
710	6.76615
720	6.93282
730	7.09948
740	7.26615
750	7.43282
760	7.59948
770	7.76615
780	7.93282
790	8.09948
800	8.26615
810	8.43282
820	8.59948
830	8.76615
840	8.93282
850	9.09948
860	9.26615
870	9.43282
880	9.59948
890	9.76615
900	9.93282
910	10.0995
920	10.2662
930	10.4328
940	10.5995
950	10.7662
960	10.9328
970	11.0995
980	11.2662
990	11.4328
1000	11.5995
1010	11.7662
1020	11.9328
1030	12.0995
1040	12.2662
1050	12.4328
1060	12.5995
1070	12.7662
1080	12.9328
1090	13.0995
74
360	1.05284
370	1.21951
380	1.38618
390	1.55284
400	1.71951
410	1.88618
420	2.05284
430	2.21951
440	2.38618
450	2.55284
460	2.71951
470	2.88618
480	3.05284
490	3.21951
500	3.38618
510	3.55284
520	3.71951
530	3.88618
540	4.05284
550	4.21951
560	4.38618
570	4.55284
580	4.71951
590	4.88618
600	5.05284
610	5.21951
620	5.38618
630	5.55284
640	5.71951
650	5.88618
660	6.05284
670	6.21951
680	6.38618
690	6.55284
700	6.71951
710	6.88618
720	7.05284
730	7.21951
740	7.38618
750	7.55284
760	7.71951
770	7.88618
780	8.05284
790	8.21951
800	8.38618
810	8.55284
820	8.71951
830	8.88618
840	9.05284
850	9.21951
860	9.38618
870	9.55284
880	9.71951
890	9.88618
900	10.0528
910	10.2195
920	10.3862
930	10.5528
940	10.7195
950	10.8862
960	11.0528
970	11.2195
980	11.3862
990	11.5528
1000	11.7195
1010	11.8862
1020	12.0528
1030	12.2195
1040	12.3862
1050	12.5528
1060	12.7195
1070	12.8862
1080	13.0528
1090	13.2195
74
360	1.16255
370	1.32921
380	1.49588
390	1.66255
400	1.82921
410	1.99588
420	2.16255
430	2.32921
440	2.49588
450	2.66255
460	2.82921
470	2.99588
480	3.16255
490	3.32921
500	3.49588
510	3.66255
520	3.82921
530	3.99588
540	4.16255
550	4.32921
560	4.49588
570	4.66255
580	4.82921
590	4.99588
600	5.16255
610	5.32921
620	5.49588
630	5.66255
640	5.82921
650	5.99588
660	6.16255
670	6.32921
680	6.49588
690	6.66255
700	6.82921
710	6.99588
720	7.16255
730	7.32921
740	7.49588
750	7.66255
760	7.82921
770	7.99588
780	8.16255
790	8.32921
800	8.49588
810	8.66255
820	8.82921
830	8.99588
840	9.16255
850	9.32921
860	9.49588
870	9.66255
880	9.82921
890	9.99588
900	10.1625
910	10.3292
920	10.4959
930	10.6625
940	10.8292
950	10.9959
960	11.1625
970	11.3292
980	11.4959
990	11.6625
1000	11.8292
1010	11.9959
1020	12.1625
1030	12.3292
1040	12.4959
1050	12.6625
1060	12.8292
1070	12.9959
1080	13.1625
1090	13.3292
74
360	1.26324
370	1.42991
380	1.59657
390	1.76324
400	1.92991
410	2.09657
420	2.26324
430	2.42991
440	2.59657
450	2.76324
460	2.92991
470	3.09657
480	3.26324
490	3.42991
500	3.59657
510	3.76324
520	3.92991
530	4.09657
540	4.26324
550	4.42991
560	4.59657
570	4.76324
580	4.92991
590	5.09657
600	5.26324
610	5.42991
620	5.59657
630	5.76324
640	5.92991
650	6.09657
660	6.26324
670	6.42991
680	6.59657
690	6.76324
700	6.92991
710	7.09657
720	7.26324
730	7.42991
740	7.59657
750	7.76324
760	7.92991
770	8.09657
780	8.26324
790	8.42991
800	8.59657
810	8.76324
820	8.92991
830	9.09657
840	9.26324
850	9.42991
860	9.59657
870	9.76324
880	9.92991
890	10.0966
900	10.2632
910	10.4299
920	10.5966
930	10.7632
940	10.9299
950	11.0966
960	11.2632
970	11.4299
980	11.5966
990	11.7632
1000	11.9299
1010	12.0966
1020	12.2632
1030	12.4299
1040	12.5966
1050	12.7632
1060	12.9299
1070	13.0966
1080	13.2632
1090	13.4299
74
360	1.34351
370	1.51017
380	1.67684
390	1.84351
400	2.01017
410	2.17684
420	2.34351
430	2.51017
440	2.67684
450	2.84351
460	3.01017
470	3.17684
480	3.34351
490	3.51017
500	3.67684
510	3.84351
520	4.01017
530	4.17684
540	4.34351
550	4.51017
560	4.67684
570	4.84351
580	5.01017
590	5.17684
600	5.34351
610	5.51017
620	5.67684
630	5.84351
640	6.01017
650	6.17684
660	6.34351
670	6.51017
680	6.67684
690	6.84351
700	7.01017
710	7.17684
720	7.34351
730	7.51017
740	7.67684
750	7.84351
760	8.01017
770	8.17684
780	8.34351
790	8.51017
800	8.67684
810	8.84351
820	9.01017
830	9.17684
840	9.34351
850	9.51017
860	9.67684
870	9.84351
880	10.0102
890	10.1768
900	10.3435
910	10.5102
920	10.6768
930	10.8435
940	11.0102
950	11.1768
960	11.3435
970	11.5102
980	11.6768
990	11.8435
1000	12.0102
1010	12.1768
1020	12.3435
1030	12.5102
1040	12.6768
1050	12.8435
1060	13.0102
1070	13.1768
1080	13.3435
1090	13.5102
74
360	1.40987
370	1.57654
380	1.74321
390	1.90987
400	2.07654
410	2.24321
420	2.40987
430	2.57654
440	2.74321
450	2.90987
460	3.07654
470	3.24321
480	3.40987
490	3.57654
500	3.74321
510	3.90987
520	4.07654
530	4.24321
540	4.40987
550	4.57654
560	4.74321
570	4.90987
580	5.07654
590	5.24321
600	5.40987
610	5.57654
620	5.74321
630	5.90987
640	6.07654
650	6.24321
660	6.40987
670	6.57654
680	6.74321
690	6.90987
700	7.07654
710	7.24321
720	7.40987
730	7.57654
740	7.74321
750	7.90987
760	8.07654
770	8.24321
780	8.40987
790	8.57654
800	8.74321
810	8.90987
820	9.07654
830	9.24321
840	9.40987
850	9.57654
860	9.74321
870	9.90987
880	10.0765
890	10.2432
900	10.4099
910	10.5765
920	10.7432
930	10.9099
940	11.0765
950	11.2432
960	11.4099
970	11.5765
980	11.7432
990	11.9099
1000	12.0765
1010	12.2432
1020	12.4099
1030	12.5765
1040	12.7432
1050	12.9099
1060	13.0765
1070	13.2432
1080	13.4099
1090	13.5765
74
360	1.52972
370	1.69639
380	1.86305
390	2.02972
400	2.19639
410	2.36305
420	2.52972
430	2.69639
440	2.86305
450	3.02972
460	3.19639
470	3.36305
480	3.52972
490	3.69639
500	3.86305
510	4.02972
520	4.19639
530	4.36305
540	4.52972
550	4.69639
560	4.86305
570	5.02972
580	5.19639
590	5.36305
600	5.52972
610	5.69639
620	5.86305
630	6.02972
640	6.19639
650	6.36305
660	6.52972
670	6.69639
680	6.86305
690	7.02972
700	7.19639
710	7.36305
720	7.52972
730	7.69639
740	7.86305
750	8.02972
760	8.19639
770	8.36305
780	8.52972
790	8.69639
800	8.86305
810	9.02972
820	9.19639
830	9.36305
840	9.52972
850	9.69639
860	9.86305
870	10.0297
880	10.1964
890	10.3631
900	10.5297
910	10.6964
920	10.8631
930	11.0297
940	11.1964
950	11.3631
960	11.5297
970	11.6964
980	11.8631
990	12.0297
1000	12.1964
1010	12.3631
1020	12.5297
1030	12.6964
1040	12.8631
1050	13.0297
1060	13.1964
1070	13.3631
1080	13.5297
1090	13.6964
74
360	1.60463
370	1.7713
380	1.93797
390	2.10463
400	2.2713
410	2.43797
420	2.60463
430	2.7713
440	2.93797
450	3.10463
460	3.2713
470	3.43797
480	3.60463
490	3.7713
500	3.93797
510	4.10463
520	4.2713
530	4.43797
540	4.60463
550	4.7713
560	4.93797
570	5.10463
580	5.2713
590	5.43797
600	5.60463
610	5.7713
620	5.93797
630	6.10463
640	6.2713
650	6.43797
660	6.60463
670	6.7713
680	6.93797
690	7.10463
700	7.2713
710	7.43797
720	7.60463
730	7.7713
740	7.93797
750	8.10463
760	8.2713
770	8.43797
780	8.60463
790	8.7713
800	8.93797
810	9.10463
820	9.2713
830	9.43797
840	9.60463
850	9.7713
860	9.93797
870	10.1046
880	10.2713
890	10.438
900	10.6046
910	10.7713
920	10.938
930	11.1046
940	11.2713
950	11.438
960	11.6046
970	11.7713
980	11.938
990	12.1046
1000	12.2713
1010	12.438
1020	12.6046
1030	12.7713
1040	12.938
1050	13.1046
1060	13.2713
1070	13.438
1080	13.6046
1090	13.7713
74
360	1.70424
370	1.87091
380	2.03758
390	2.20424
400	2.37091
410	2.53758
420	2.70424
430	2.87091
440	3.03758
450	3.20424
460	3.37091
470	3.53758
480	3.70424
490	3.87091
500	4.03758
510	4.20424
520	4.37091
530	4.53758
540	4.70424
550	4.87091
560	5.03758
570	5.20424
580	5.37091
590	5.53758
600	5.70424
610	5.87091
620	6.03758
630	6.20424
640	6.37091
650	6.53758
660	6.70424
670	6.87091
680	7.03758
690	7.20424
700	7.37091
710	7.53758
720	7.70424
730	7.87091
740	8.03758
750	8.20424
760	8.37091
770	8.53758
780	8.70424
790	8.87091
800	9.03758
810	9.20424
820	9.37091
830	9.53758
840	9.70424
850	9.87091
860	10.0376
870	10.2042
880	10.3709
890	10.5376
900	10.7042
910	10.8709
920	11.0376
930	11.2042
940	11.3709
950	11.5376
960	11.7042
970	11.8709
980	12.0376
990	12.2042
1000	12.3709
1010	12.5376
1020	12.7042
1030	12.8709
1040	13.0376
1050	13.2042
1060	13.3709
1070	13.5376
1080	13.7042
1090	13.8709
74
360	1.75978
370	1.92645
380	2.09312
390	2.25978
400	2.42645
410	2.59312
420	2.75978
430	2.92645
440	3.09312
450	3.25978
460	3.42645
470	3.59312
480	3.75978
490	3.92645
500	4.09312
510	4.25978
520	4.42645
530	4.59312
540	4.75978
550	4.92645
560	5.09312
570	5.25978
580	5.42645
590	5.59312
600	5.75978
610	5.92645
620	6.09312
630	6.25978
640	6.42645
650	6.59312
660	6.75978
670	6.92645
680	7.09312
690	7.25978
700	7.42645
710	7.59312
720	7.75978
730	7.92645
740	8.09312
750	8.25978
760	8.42645
770	8.59312
780	8.75978
790	8.92645
800	9.09312
810	9.25978
820	9.42645
830	9.59312
840	9.75978
850	9.92645
860	10.0931
870	10.2598
880	10.4264
890	10.5931
900	10.7598
910	10.9264
920	11.0931
930	11.2598
940	11.4264
950	11.5931
960	11.7598
970	11.9264
980	12.0931
990	12.2598
1000	12.4264
1010	12.5931
1020	12.7598
1030	12.9264
1040	13.0931
1050	13.2598
1060	13.4264
1070	13.5931
1080	13.7598
1090	13.9264
74
360	1.82656
370	1.99322
380	2.15989
390	2.32656
400	2.49322
410	2.65989
420	2.82656
430	2.99322
440	3.15989
450	3.32656
460	3.49322
470	3.65989
480	3.82656
490	3.99322
500	4.15989
510	4.32656
520	4.49322
530	4.65989
540	4.82656
550	4.99322
560	5.15989
570	5.32656
580	5.49322
590	5.65989
600	5.82656
610	5.99322
620	6.15989
630	6.32656
640	6.49322
650	6.65989
660	6.82656
670	6.99322
680	7.15989
690	7.32656
700	7.49322
710	7.65989
720	7.82656
730	7.99322
740	8.15989
750	8.32656
760	8.49322
770	8.65989
780	8.82656
790	8.99322
800	9.15989
810	9.32656
820	9.49322
830	9.65989
840	9.82656
850	9.99322
860	10.1599
870	10.3266
880	10.4932
890	10.6599
900	10.8266
910	10.9932
920	11.1599
930	11.3266
940	11.4932
950	11.6599
960	11.8266
970	11.9932
980	12.1599
990	12.3266
1000	12.4932
1010	12.6599
1020	12.8266
1030	12.9932
1040	13.1599
1050	13.3266
1060	13.4932
1070	13.6599
1080	13.8266
1090	13.9932
74
360	1.91175
370	2.07842
380	2.24508
390	2.41175
400	2.57842
410	2.74508
420	2.91175
430	3.07842
440	3.24508
450	3.41175
460	3.57842
470	3.74508
480	3.91175
490	4.07842
500	4.24508
510	4.41175
520	4.57842
530	4.74508
540	4.91175
550	5.07842
560	5.24508
570	5.41175
580	5.57842
590	5.74508
600	5.91175
610	6.07842
620	6.24508
630	6.41175
640	6.57842
650	6.74508
660	6.91175
670	7.07842
680	7.24508
690	7.41175
700	7.57842
710	7.74508
720	7.91175
730	8.07842
740	8.24508
750	8.41175
760	8.57842
770	8.74508
780	8.91175
790	9.07842
800	9.24508
810	9.41175
820	9.57842
830	9.74508
840	9.91175
850	10.0784
860	10.2451
870	10.4118
880	10.5784
890	10.7451
900	10.9118
910	11.0784
920	11.2451
930	11.4118
940	11.5784
950	11.7451
960	11.9118
970	12.0784
980	12.2451
990	12.4118
1000	12.5784
1010	12.7451
1020	12.9118
1030	13.0784
1040	13.2451
1050	13.4118
1060	13.5784
1070	13.7451
1080	13.9118
1090	14.0784
74
360	1.96746
370	2.13413
380	2.30079
390	2.46746
400	2.63413
410	2.80079
420	2.96746
430	3.13413
440	3.30079
450	3.46746
460	3.63413
470	3.80079
480	3.96746
490	4.13413
500	4.30079
510	4.46746
520	4.63413
530	4.80079
540	4.96746
550	5.13413
560	5.30079
570	5.46746
580	5.63413
590	5.80079
600	5.96746
610	6.13413
620	6.30079
630	6.46746
640	6.63413
650	6.80079
660	6.96746
670	7.13413
680	7.30079
690	7.46746
700	7.63413
710	7.80079
720	7.96746
730	8.13413
740	8.30079
750	8.46746
760	8.63413
770	8.80079
780	8.96746
790	9.13413
800	9.30079
810	9.46746
820	9.63413
830	9.80079
840	9.96746
850	10.1341
860	10.3008
870	10.4675
880	10.6341
890	10.8008
900	10.9675
910	11.1341
920	11.3008
930	11.4675
940	11.6341
950	11.8008
960	11.9675
970	12.1341
980	12.3008
990	12.4675
1000	12.6341
1010	12.8008
1020	12.9675
1030	13.1341
1040	13.3008
1050	13.4675
1060	13.6341
1070	13.8008
1080	13.9675
1090	14.1341
74
360	2.14692
370	2.31358
380	2.48025
390	2.64692
400	2.81358
410	2.98025
420	3.14692
430	3.31358
440	3.48025
450	3.64692
460	3.81358
470	3.98025
480	4.14692
490	4.31358
500	4.48025
510	4.64692
520	4.81358
530	4.98025
540	5.14692
550	5.31358
560	5.48025
570	5.64692
580	5.81358
590	5.98025
600	6.14692
610	6.31358
620	6.48025
630	6.64692
640	6.81358
650	6.98025
660	7.14692
670	7.31358
680	7.48025
690	7.64692
700	7.81358
710	7.98025
720	8.14692
730	8.31358
740	8.48025
750	8.64692
760	8.81358
770	8.98025
780	9.14692
790	9.31358
800	9.48025
810	9.64692
820	9.81358
830	9.98025
840	10.1469
850	10.3136
860	10.4802
870	10.6469
880	10.8136
890	10.9802
900	11.1469
910	11.3136
920	11.4802
930	11.6469
940	11.8136
950	11.9802
960	12.1469
970	12.3136
980	12.4802
990	12.6469
1000	12.8136
1010	12.9802
1020	13.1469
1030	13.3136
1040	13.4802
1050	13.6469
1060	13.8136
1070	13.9802
1080	14.1469
1090	14.3136
74
360	2.22544
370	2.39211
380	2.55878
390	2.72544
400	2.89211
410	3.05878
420	3.22544
430	3.39211
440	3.55878
450	3.72544
460	3.89211
470	4.05878
480	4.22544
490	4.39211
500	4.55878
510	4.72544
520	4.89211
530	5.05878
540	5.22544
550	5.39211
560	5.55878
570	5.72544
580	5.89211
590	6.05878
600	6.22544
610	6.39211
620	6.55878
630	6.72544
640	6.89211
650	7.05878
660	7.22544
670	7.39211
680	7.55878
690	7.72544
700	7.89211
710	8.05878
720	8.22544
730	8.39211
740	8.55878
750	8.72544
760	8.89211
770	9.05878
780	9.22544
790	9.39211
800	9.55878
810	9.72544
820	9.89211
830	10.0588
840	10.2254
850	10.3921
860	10.5588
870	10.7254
880	10.8921
890	11.0588
900	11.2254
910	11.3921
920	11.5588
930	11.7254
940	11.8921
950	12.0588
960	12.2254
970	12.3921
980	12.5588
990	12.7254
1000	12.8921
1010	13.0588
1020	13.2254
1030	13.3921
1040	13.5588
1050	13.7254
1060	13.8921
1070	14.0588
1080	14.2254
1090	14.3921
74
360	2.285
370	2.45166
380	2.61833
390	2.785
400	2.95166
410	3.11833
420	3.285
430	3.45166
440	3.61833
450	3.785
460	3.95166
470	4.11833
480	4.285
490	4.45166
500	4.61833
510	4.785
520	4.95166
530	5.11833
540	5.285
550	5.45166
560	5.61833
570	5.785
580	5.95166
590	6.11833
600	6.285
610	6.45166
620	6.61833
630	6.785
640	6.95166
650	7.11833
660	7.285
670	7.45166
680	7.61833
690	7.785
700	7.95166
710	8.11833
720	8.285
730	8.45166
740	8.61833
750	8.785
760	8.95166
770	9.11833
780	9.285
790	9.45166
800	9.61833
810	9.785
820	9.95166
830	10.1183
840	10.285
850	10.4517
860	10.6183
870	10.785
880	10.9517
890	11.1183
900	11.285
910	11.4517
920	11.6183
930	11.785
940	11.9517
950	12.1183
960	12.285
970	12.4517
980	12.6183
990	12.785
1000	12.9517
1010	13.1183
1020	13.285
1030	13.4517
1040	13.6183
1050	13.785
1060	13.9517
1070	14.1183
1080	14.285
1090	14.4517
74
360	2.34585
370	2.51251
380	2.67918
390	2.84585
400	3.01251
410	3.17918
420	3.34585
430	3.51251
440	3.67918
450	3.84585
460	4.01251
470	4.17918
480	4.34585
490	4.51251
500	4.67918
510	4.84585
520	5.01251
530	5.17918
540	5.34585
550	5.51251
560	5.67918
570	5.84585
580	6.01251
590	6.17918
600	6.34585
610	6.51251
620	6.67918
630	6.84585
640	7.01251
650	7.17918
660	7.34585
670	7.51251
680	7.67918
690	7.84585
700	8.01251
710	8.17918
720	8.34585
730	8.51251
740	8.67918
750	8.84585
760	9.01251
770	9.17918
780	9.34585
790	9.51251
800	9.67918
810	9.84585
820	10.0125
830	10.1792
840	10.3458
850	10.5125
860	10.6792
870	10.8458
880	11.0125
890	11.1792
900	11.3458
910	11.5125
920	11.6792
930	11.8458
940	12.0125
950	12.1792
960	12.3458
970	12.5125
980	12.6792
990	12.8458
1000	13.0125
1010	13.1792
1020	13.3458
1030	13.5125
1040	13.6792
1050	13.8458
1060	14.0125
1070	14.1792
1080	14.3458
1090	14.5125
74
360	2.46638
370	2.63305
380	2.79972
390	2.96638
400	3.13305
410	3.29972
420	3.46638
430	3.63305
440	3.79972
450	3.96638
460	4.13305
470	4.29972
480	4.46638
490	4.63305
500	4.79972
510	4.96638
520	5.13305
530	5.29972
540	5.46638
550	5.63305
560	5.79972
570	5.96638
580	6.13305
590	6.29972
600	6.46638
610	6.63305
620	6.79972
630	6.96638
640	7.13305
650	7.29972
660	7.46638
670	7.63305
680	7.79972
690	7.96638
700	8.13305
710	8.29972
720	8.46638
730	8.63305
740	8.79972
750	8.96638
760	9.13305
770	9.29972
780	9.46638
790	9.63305
800	9.79972
810	9.96638
820	10.1331
830	10.2997
840	10.4664
850	10.6331
860	10.7997
870	10.9664
880	11.1331
890	11.2997
900	11.4664
910	11.6331
920	11.7997
930	11.9664
940	12.1331
950	12.2997
960	12.4664
970	12.6331
980	12.7997
990	12.9664
1000	13.1331
1010	13.2997
1020	13.4664
1030	13.6331
1040	13.7997
1050	13.9664
1060	14.1331
1070	14.2997
1080	14.4664
1090	14.6331
74
360	2.58244
370	2.74911
380	2.91578
390	3.08244
400	3.24911
410	3.41578
420	3.58244
430	3.74911
440	3.91578
450	4.08244
460	4.24911
470	4.41578
480	4.58244
490	4.74911
500	4.91578
510	5.08244
520	5.24911
530	5.41578
540	5.58244
550	5.74911
560	5.91578
570	6.08244
580	6.24911
590	6.41578
600	6.58244
610	6.74911
620	6.91578
630	7.08244
640	7.24911
650	7.41578
660	7.58244
670	7.74911
680	7.91578
690	8.08244
700	8.24911
710	8.41578
720	8.58244
730	8.74911
740	8.91578
750	9.08244
760	9.24911
770	9.41578
780	9.58244
790	9.74911
800	9.91578
810	10.0824
820	10.2491
830	10.4158
840	10.5824
850	10.7491
860	10.9158
870	11.0824
880	11.2491
890	11.4158
900	11.5824
910	11.7491
920	11.9158
930	12.0824
940	12.2491
950	12.4158
960	12.5824
970	12.7491
980	12.9158
990	13.0824
1000	13.2491
1010	13.4158
1020	13.5824
1030	13.7491
1040	13.9158
1050	14.0824
1060	14.2491
1070	14.4158
1080	14.5824
1090	14.7491
74
360	2.67509
370	2.84176
380	3.00842
390	3.17509
400	3.34176
410	3.50842
420	3.67509
430	3.84176
440	4.00842
450	4.17509
460	4.34176
470	4.50842
480	4.67509
490	4.84176
500	5.00842
510	5.17509
520	5.34176
530	5.50842
540	5.67509
550	5.84176
560	6.00842
570	6.17509
580	6.34176
590	6.50842
600	6.67509
610	6.84176
620	7.00842
630	7.17509
640	7.34176
650	7.50842
660	7.67509
670	7.84176
680	8.00842
690	8.17509
700	8.34176
710	8.50842
720	8.67509
730	8.84176
740	9.00842
750	9.17509
760	9.34176
770	9.50842
780	9.67509
790	9.84176
800	10.0084
810	10.1751
820	10.3418
830	10.5084
840	10.6751
850	10.8418
860	11.0084
870	11.1751
880	11.3418
890	11.5084
900	11.6751
910	11.8418
920	12.0084
930	12.1751
940	12.3418
950	12.5084
960	12.6751
970	12.8418
980	13.0084
990	13.1751
1000	13.3418
1010	13.5084
1020	13.6751
1030	13.8418
1040	14.0084
1050	14.1751
1060	14.3418
1070	14.5084
1080	14.6751
1090	14.8418
74
360	2.86827
370	3.03494
380	3.20161
390	3.36827
400	3.53494
410	3.70161
420	3.86827
430	4.03494
440	4.20161
450	4.36827
460	4.53494
470	4.70161
480	4.86827
490	5.03494
500	5.20161
510	5.36827
520	5.53494
530	5.70161
540	5.86827
550	6.03494
560	6.20161
570	6.36827
580	6.53494
590	6.70161
600	6.86827
610	7.03494
620	7.20161
630	7.36827
640	7.53494
650	7.70161
660	7.86827
670	8.03494
680	8.20161
690	8.36827
700	8.53494
710	8.70161
720	8.86827
730	9.03494
740	9.20161
750	9.36827
760	9.53494
770	9.70161
780	9.86827
790	10.0349
800	10.2016
810	10.3683
820	10.5349
830	10.7016
840	10.8683
850	11.0349
860	11.2016
870	11.3683
880	11.5349
890	11.7016
900	11.8683
910	12.0349
920	12.2016
930	12.3683
940	12.5349
950	12.7016
960	12.8683
970	13.0349
980	13.2016
990	13.3683
1000	13.5349
1010	13.7016
1020	13.8683
1030	14.0349
1040	14.2016
1050	14.3683
1060	14.5349
1070	14.7016
1080	14.8683
1090	15.0349
74
360	2.94417
370	3.11084
380	3.27751
390	3.44417
400	3.61084
410	3.77751
420	3.94417
430	4.11084
440	4.27751
450	4.44417
460	4.61084
470	4.77751
480	4.94417
490	5.11084
500	5.27751
510	5.44417
520	5.61084
530	5.77751
540	5.94417
550	6.11084
560	6.27751
570	6.44417
580	6.61084
590	6.77751
600	6.94417
610	7.11084
620	7.27751
630	7.44417
640	7.61084
650	7.77751
660	7.94417
670	8.11084
680	8.27751
690	8.44417
700	8.61084
710	8.77751
720	8.94417
730	9.11084
740	9.27751
750	9.44417
760	9.61084
770	9.77751
780	9.94417
790	10.1108
800	10.2775
810	10.4442
820	10.6108
830	10.7775
840	10.9442
850	11.1108
860	11.2775
870	11.4442
880	11.6108
890	11.7775
900	11.9442
910	12.1108
920	12.2775
930	12.4442
940	12.6108
950	12.7775
960	12.9442
970	13.1108
980	13.2775
990	13.4442
1000	13.6108
1010	13.7775
1020	13.9442
1030	14.1108
1040	14.2775
1050	14.4442
1060	14.6108
1070	14.7775
1080	14.9442
1090	15.1108
74
360	3.02972
370	3.19638
380	3.36305
390	3.52972
400	3.69638
410	3.86305
420	4.02972
430	4.19638
440	4.36305
450	4.52972
460	4.69638
470	4.86305
480	5.02972
490	5.19638
500	5.36305
510	5.52972
520	5.69638
530	5.86305
540	6.02972
550	6.19638
560	6.36305
570	6.52972
580	6.69638
590	6.86305
600	7.02972
610	7.19638
620	7.36305
630	7.52972
640	7.69638
650	7.86305
660	8.02972
670	8.19638
680	8.36305
690	8.52972
700	8.69638
710	8.86305
720	9.02972
730	9.19638
740	9.36305
750	9.52972
760	9.69638
770	9.86305
780	10.0297
790	10.1964
800	10.3631
810	10.5297
820	10.6964
830	10.8631
840	11.0297
850	11.1964
860	11.3631
870	11.5297
880	11.6964
890	11.8631
900	12.0297
910	12.1964
920	12.3631
930	12.5297
940	12.6964
950	12.8631
960	13.0297
970	13.1964
980	13.3631
990	13.5297
1000	13.6964
1010	13.8631
1020	14.0297
1030	14.1964
1040	14.3631
1050	14.5297
1060	14.6964
1070	14.8631
1080	15.0297
1090	15.1964
74
360	3.10776
370	3.27443
380	3.4411
390	3.60776
400	3.77443
410	3.9411
420	4.10776
430	4.27443
440	4.4411
450	4.60776
460	4.77443
470	4.9411
480	5.10776
490	5.27443
500	5.4411
510	5.60776
520	5.77443
530	5.9411
540	6.10776
550	6.27443
560	6.4411
570	6.60776
580	6.77443
590	6.9411
600	7.10776
610	7.27443
620	7.4411
630	7.60776
640	7.77443
650	7.9411
660	8.10776
670	8.27443
680	8.4411
690	8.60776
700	8.77443
710	8.9411
720	9.10776
730	9.27443
740	9.4411
750	9.60776
760	9.77443
770	9.9411
780	10.1078
790	10.2744
800	10.4411
810	10.6078
820	10.7744
830	10.9411
840	11.1078
850	11.2744
860	11.4411
870	11.6078
880	11.7744
890	11.9411
900	12.1078
910	12.2744
920	12.4411
930	12.6078
940	12.7744
950	12.9411
960	13.1078
970	13.2744
980	13.4411
990	13.6078
1000	13.7744
1010	13.9411
1020	14.1078
1030	14.2744
1040	14.4411
1050	14.6078
1060	14.7744
1070	14.9411
1080	15.1078
1090	15.2744
74
360	3.22151
370	3.38818
380	3.55484
390	3.72151
400	3.88818
410	4.05484
420	4.22151
430	4.38818
440	4.55484
450	4.72151
460	4.88818
470	5.05484
480	5.22151
490	5.38818
500	5.55484
510	5.72151
520	5.88818
530	6.05484
540	6.22151
550	6.38818
560	6.55484
570	6.72151
580	6.88818
590	7.05484
600	7.22151
610	7.38818
620	7.55484
630	7.72151
640	7.88818
650	8.05484
660	8.22151
670	8.38818
680	8.55484
690	8.72151
700	8.88818
710	9.05484
720	9.22151
730	9.38818
740	9.55484
750	9.72151
760	9.88818
770	10.0548
780	10.2215
790	10.3882
800	10.5548
810	10.7215
820	10.8882
830	11.0548
840	11.2215
850	11.3882
860	11.5548
870	11.7215
880	11.8882
890	12.0548
900	12.2215
910	12.3882
920	12.5548
930	12.7215
940	12.8882
950	13.0548
960	13.2215
970	13.3882
980	13.5548
990	13.7215
1000	13.8882
1010	14.0548
1020	14.2215
1030	14.3882
1040	14.5548
1050	14.7215
1060	14.8882
1070	15.0548
1080	15.2215
1090	15.3882
74
360	3.30196
370	3.46862
380	3.63529
390	3.80196
400	3.96862
410	4.13529
420	4.30196
430	4.46862
440	4.63529
450	4.80196
460	4.96862
470	5.13529
480	5.30196
490	5.46862
500	5.63529
510	5.80196
520	5.96862
530	6.13529
540	6.30196
550	6.46862
560	6.63529
570	6.80196
580	6.96862
590	7.13529
600	7.30196
610	7.46862
620	7.63529
630	7.80196
640	7.96862
650	8.13529
660	8.30196
670	8.46862
680	8.63529
690	8.80196
700	8.96862
710	9.13529
720	9.30196
730	9.46862
740	9.63529
750	9.80196
760	9.96862
770	10.1353
780	10.302
790	10.4686
800	10.6353
810	10.802
820	10.9686
830	11.1353
840	11.302
850	11.4686
860	11.6353
870	11.802
880	11.9686
890	12.1353
900	12.302
910	12.4686
920	12.6353
930	12.802
940	12.9686
950	13.1353
960	13.302
970	13.4686
980	13.6353
990	13.802
1000	13.9686
1010	14.1353
1020	14.302
1030	14.4686
1040	14.6353
1050	14.802
1060	14.9686
1070	15.1353
1080	15.302
1090	15.4686
74
360	3.37336
370	3.54003
380	3.70669
390	3.87336
400	4.04003
410	4.20669
420	4.37336
430	4.54003
440	4.70669
450	4.87336
460	5.04003
470	5.20669
480	5.37336
490	5.54003
500	5.70669
510	5.87336
520	6.04003
530	6.20669
540	6.37336
550	6.54003
560	6.70669
570	6.87336
580	7.04003
590	7.20669
600	7.37336
610	7.54003
620	7.70669
630	7.87336
640	8.04003
650	8.20669
660	8.37336
670	8.54003
680	8.70669
690	8.87336
700	9.04003
710	9.20669
720	9.37336
730	9.54003
740	9.70669
750	9.87336
760	10.04
770	10.2067
780	10.3734
790	10.54
800	10.7067
810	10.8734
820	11.04
830	11.2067
840	11.3734
850	11.54
860	11.7067
870	11.8734
880	12.04
890	12.2067
900	12.3734
910	12.54
920	12.7067
930	12.8734
940	13.04
950	13.2067
960	13.3734
970	13.54
980	13.7067
990	13.8734
1000	14.04
1010	14.2067
1020	14.3734
1030	14.54
1040	14.7067
1050	14.8734
1060	15.04
1070	15.2067
1080	15.3734
1090	15.54
74
360	3.48873
370	3.6554
380	3.82207
390	3.98873
400	4.1554
410	4.32207
420	4.48873
430	4.6554
440	4.82207
450	4.98873
460	5.1554
470	5.32207
480	5.48873
490	5.6554
500	5.82207
510	5.98873
520	6.1554
530	6.32207
540	6.48873
550	6.6554
560	6.82207
570	6.98873
580	7.1554
590	7.32207
600	7.48873
610	7.6554
620	7.82207
630	7.98873
640	8.1554
650	8.32207
660	8.48873
670	8.6554
680	8.82207
690	8.98873
700	9.1554
710	9.32207
720	9.48873
730	9.6554
740	9.82207
750	9.98873
760	10.1554
770	10.3221
780	10.4887
790	10.6554
800	10.8221
810	10.9887
820	11.1554
830	11.3221
840	11.4887
850	11.6554
860	11.8221
870	11.9887
880	12.1554
890	12.3221
900	12.4887
910	12.6554
920	12.8221
930	12.9887
940	13.1554
950	13.3221
960	13.4887
970	13.6554
980	13.8221
990	13.9887
1000	14.1554
1010	14.3221
1020	14.4887
1030	14.6554
1040	14.8221
1050	14.9887
1060	15.1554
1070	15.3221
1080	15.4887
1090	15.6554
74
360	3.54513
370	3.71179
380	3.87846
390	4.04513
400	4.21179
410	4.37846
420	4.54513
430	4.71179
440	4.87846
450	5.04513
460	5.21179
470	5.37846
480	5.54513
490	5.71179
500	5.87846
510	6.04513
520	6.21179
530	6.37846
540	6.54513
550	6.71179
560	6.87846
570	7.04513
580	7.21179
590	7.37846
600	7.54513
610	7.71179
620	7.87846
630	8.04513
640	8.21179
650	8.37846
660	8.54513
670	8.71179
680	8.87846
690	9.04513
700	9.21179
710	9.37846
720	9.54513
730	9.71179
740	9.87846
750	10.0451
760	10.2118
770	10.3785
780	10.5451
790	10.7118
800	10.8785
810	11.0451
820	11.2118
830	11.3785
840	11.5451
850	11.7118
860	11.8785
870	12.0451
880	12.2118
890	12.3785
900	12.5451
910	12.7118
920	12.8785
930	13.0451
940	13.2118
950	13.3785
960	13.5451
970	13.7118
980	13.8785
990	14.0451
1000	14.2118
1010	14.3785
1020	14.5451
1030	14.7118
1040	14.8785
1050	15.0451
1060	15.2118
1070	15.3785
1080	15.5451
1090	15.7118
74
360	3.61669
370	3.78336
380	3.95003
390	4.11669
400	4.28336
410	4.45003
420	4.61669
430	4.78336
440	4.95003
450	5.11669
460	5.28336
470	5.45003
480	5.61669
490	5.78336
500	5.95003
510	6.11669
520	6.28336
530	6.45003
540	6.61669
550	6.78336
560	6.95003
570	7.11669
580	7.28336
590	7.45003
600	7.61669
610	7.78336
620	7.95003
630	8.11669
640	8.28336
650	8.45003
660	8.61669
670	8.78336
680	8.95003
690	9.11669
700	9.28336
710	9.45003
720	9.61669
730	9.78336
740	9.95003
750	10.1167
760	10.2834
770	10.45
780	10.6167
790	10.7834
800	10.95
810	11.1167
820	11.2834
830	11.45
840	11.6167
850	11.7834
860	11.95
870	12.1167
880	12.2834
890	12.45
900	12.6167
910	12.7834
920	12.95
930	13.1167
940	13.2834
950	13.45
960	13.6167
970	13.7834
980	13.95
990	14.1167
1000	14.2834
1010	14.45
1020	14.6167
1030	14.7834
1040	14.95
1050	15.1167
1060	15.2834
1070	15.45
1080	15.6167
1090	15.7834
74
360	3.72664
370	3.8933
380	4.05997
390	4.22664
400	4.3933
410	4.55997
420	4.72664
430	4.8933
440	5.05997
450	5.22664
460	5.3933
470	5.55997
480	5.72664
490	5.8933
500	6.05997
510	6.22664
520	6.3933
530	6.55997
540	6.72664
550	6.8933
560	7.05997
570	7.22664
580	7.3933
590	7.55997
600	7.72664
610	7.8933
620	8.05997
630	8.22664
640	8.3933
650	8.55997
660	8.72664
670	8.8933
680	9.05997
690	9.22664
700	9.3933
710	9.55997
720	9.72664
730	9.8933
740	10.06
750	10.2266
760	10.3933
770	10.56
780	10.7266
790	10.8933
800	11.06
810	11.2266
820	11.3933
830	11.56
840	11.7266
850	11.8933
860	12.06
870	12.2266
880	12.3933
890	12.56
900	12.7266
910	12.8933
920	13.06
930	13.2266
940	13.3933
950	13.56
960	13.7266
970	13.8933
980	14.06
990	14.2266
1000	14.3933
1010	14.56
1020	14.7266
1030	14.8933
1040	15.06
1050	15.2266
1060	15.3933
1070	15.56
1080	15.7266
1090	15.8933
74
360	3.82083
370	3.9875
380	4.15416
390	4.32083
400	4.4875
410	4.65416
420	4.82083
430	4.9875
440	5.15416
450	5.32083
460	5.4875
470	5.65416
480	5.82083
490	5.9875
500	6.15416
510	6.32083
520	6.4875
530	6.65416
540	6.82083
550	6.9875
560	7.15416
570	7.32083
580	7.4875
590	7.65416
600	7.82083
610	7.9875
620	8.15416
630	8.32083
640	8.4875
650	8.65416
660	8.82083
670	8.9875
680	9.15416
690	9.32083
700	9.4875
710	9.65416
720	9.82083
730	9.9875
740	10.1542
750	10.3208
760	10.4875
770	10.6542
780	10.8208
790	10.9875
800	11.1542
810	11.3208
820	11.4875
830	11.6542
840	11.8208
850	11.9875
860	12.1542
870	12.3208
880	12.4875
890	12.6542
900	12.8208
910	12.9875
920	13.1542
930	13.3208
940	13.4875
950	13.6542
960	13.8208
970	13.9875
980	14.1542
990	14.3208
1000	14.4875
1010	14.6542
1020	14.8208
1030	14.9875
1040	15.1542
1050	15.3208
1060	15.4875
1070	15.6542
1080	15.8208
1090	15.9875
74
360	3.92779
370	4.09446
380	4.26112
390	4.42779
400	4.59446
410	4.76112
420	4.92779
430	5.09446
440	5.26112
450	5.42779
460	5.59446
470	5.76112
480	5.92779
490	6.09446
500	6.26112
510	6.42779
520	6.59446
530	6.76112
540	6.92779
550	7.09446
560	7.26112
570	7.42779
580	7.59446
590	7.76112
600	7.92779
610	8.09446
620	8.26112
630	8.42779
640	8.59446
650	8.76112
660	8.92779
670	9.09446
680	9.26112
690	9.42779
700	9.59446
710	9.76112
720	9.92779
730	10.0945
740	10.2611
750	10.4278
760	10.5945
770	10.7611
780	10.9278
790	11.0945
800	11.2611
810	11.4278
820	11.5945
830	11.7611
840	11.9278
850	12.0945
860	12.2611
870	12.4278
880	12.5945
890	12.7611
900	12.9278
910	13.0945
920	13.2611
930	13.4278
940	13.5945
950	13.7611
960	13.9278
970	14.0945
980	14.2611
990	14.4278
1000	14.5945
1010	14.7611
1020	14.9278
1030	15.0945
1040	15.2611
1050	15.4278
1060	15.5945
1070	15.7611
1080	15.9278
1090	16.0945
74
360	4.03232
370	4.19899
380	4.36565
390	4.53232
400	4.69899
410	4.86565
420	5.03232
430	5.19899
440	5.36565
450	5.53232
460	5.69899
470	5.86565
480	6.03232
490	6.19899
500	6.36565
510	6.53232
520	6.69899
530	6.86565
540	7.03232
550	7.19899
560	7.36565
570	7.53232
580	7.69899
590	7.86565
600	8.03232
610	8.19899
620	8.36565
630	8.53232
640	8.69899
650	8.86565
660	9.03232
670	9.19899
680	9.36565
690	9.53232
700	9.69899
710	9.86565
720	10.0323
730	10.199
740	10.3657
750	10.5323
760	10.699
770	10.8657
780	11.0323
790	11.199
800	11.3657
810	11.5323
820	11.699
830	11.8657
840	12.0323
850	12.199
860	12.3657
870	12.5323
880	12.699
890	12.8657
900	13.0323
910	13.199
920	13.3657
930	13.5323
940	13.699
950	13.8657
960	14.0323
970	14.199
980	14.3657
990	14.5323
1000	14.699
1010	14.8657
1020	15.0323
1030	15.199
1040	15.3657
1050	15.5323
1060	15.699
1070	15.8657
1080	16.0323
1090	16.199
74
360	4.15735
370	4.32402
380	4.49068
390	4.65735
400	4.82402
410	4.99068
420	5.15735
430	5.32402
440	5.49068
450	5.65735
460	5.82402
470	5.99068
480	6.15735
490	6.32402
500	6.49068
510	6.65735
520	6.82402
530	6.99068
540	7.15735
550	7.32402
560	7.49068
570	7.65735
580	7.82402
590	7.99068
600	8.15735
610	8.32402
620	8.49068
630	8.65735
640	8.82402
650	8.99068
660	9.15735
670	9.32402
680	9.49068
690	9.65735
700	9.82402
710	9.99068
720	10.1573
730	10.324
740	10.4907
750	10.6573
760	10.824
770	10.9907
780	11.1573
790	11.324
800	11.4907
810	11.6573
820	11.824
830	11.9907
840	12.1573
850	12.324
860	12.4907
870	12.6573
880	12.824
890	12.9907
900	13.1573
910	13.324
920	13.4907
930	13.6573
940	13.824
950	13.9907
960	14.1573
970	14.324
980	14.4907
990	14.6573
1000	14.824
1010	14.9907
1020	15.1573
1030	15.324
1040	15.4907
1050	15.6573
1060	15.824
1070	15.9907
1080	16.1573
1090	16.324
74
360	4.25904
370	4.42571
380	4.59237
390	4.75904
400	4.92571
410	5.09237
420	5.25904
430	5.42571
440	5.59237
450	5.75904
460	5.92571
470	6.09237
480	6.25904
490	6.42571
500	6.59237
510	6.75904
520	6.92571
530	7.09237
540	7.25904
550	7.42571
560	7.59237
570	7.75904
580	7.92571
590	8.09237
600	8.25904
610	8.42571
620	8.59237
630	8.75904
640	8.92571
650	9.09237
660	9.25904
670	9.42571
680	9.59237
690	9.75904
700	9.92571
710	10.0924
720	10.259
730	10.4257
740	10.5924
750	10.759
760	10.9257
770	11.0924
780	11.259
790	11.4257
800	11.5924
810	11.759
820	11.9257
830	12.0924
840	12.259
850	12.4257
860	12.5924
870	12.759
880	12.9257
890	13.0924
900	13.259
910	13.4257
920	13.5924
930	13.759
940	13.9257
950	14.0924
960	14.259
970	14.4257
980	14.5924
990	14.759
1000	14.9257
1010	15.0924
1020	15.259
1030	15.4257
1040	15.5924
1050	15.759
1060	15.9257
1070	16.0924
1080	16.259
1090	16.4257
74
360	4.32799
370	4.49466
380	4.66132
390	4.82799
400	4.99466
410	5.16132
420	5.32799
430	5.49466
440	5.66132
450	5.82799
460	5.99466
470	6.16132
480	6.32799
490	6.49466
500	6.66132
510	6.82799
520	6.99466
530	7.16132
540	7.32799
550	7.49466
560	7.66132
570	7.82799
580	7.99466
590	8.16132
600	8.32799
610	8.49466
620	8.66132
630	8.82799
640	8.99466
650	9.16132
660	9.32799
670	9.49466
680	9.66132
690	9.82799
700	9.99466
710	10.1613
720	10.328
730	10.4947
740	10.6613
750	10.828
760	10.9947
770	11.1613
780	11.328
790	11.4947
800	11.6613
810	11.828
820	11.9947
830	12.1613
840	12.328
850	12.4947
860	12.6613
870	12.828
880	12.9947
890	13.1613
900	13.328
910	13.4947
920	13.6613
930	13.828
940	13.9947
950	14.1613
960	14.328
970	14.4947
980	14.6613
990	14.828
1000	14.9947
1010	15.1613
1020	15.328
1030	15.4947
1040	15.6613
1050	15.828
1060	15.9947
1070	16.1613
1080	16.328
1090	16.4947
74
360	4.38842
370	4.55508
380	4.72175
390	4.88842
400	5.05508
410	5.22175
420	5.38842
430	5.55508
440	5.72175
450	5.88842
460	6.05508
470	6.22175
480	6.38842
490	6.55508
500	6.72175
510	6.88842
520	7.05508
530	7.22175
540	7.38842
550	7.55508
560	7.72175
570	7.88842
580	8.05508
590	8.22175
600	8.38842
610	8.55508
620	8.72175
630	8.88842
640	9.05508
650	9.22175
660	9.38842
670	9.55508
680	9.72175
690	9.88842
700	10.0551
710	10.2218
720	10.3884
730	10.5551
740	10.7218
750	10.8884
760	11.0551
770	11.2218
780	11.3884
790	11.5551
800	11.7218
810	11.8884
820	12.0551
830	12.2218
840	12.3884
850	12.5551
860	12.7218
870	12.8884
880	13.0551
890	13.2218
900	13.3884
910	13.5551
920	13.7218
930	13.8884
940	14.0551
950	14.2218
960	14.3884
970	14.5551
980	14.7218
990	14.8884
1000	15.0551
1010	15.2218
1020	15.3884
1030	15.5551
1040	15.7218
1050	15.8884
1060	16.0551
1070	16.2218
1080	16.3884
1090	16.5551
74
360	4.45221
370	4.61888
380	4.78554
390	4.95221
400	5.11888
410	5.28554
420	5.45221
430	5.61888
440	5.78554
450	5.95221
460	6.11888
470	6.28554
480	6.45221
490	6.61888
500	6.78554
510	6.95221
520	7.11888
530	7.28554
540	7.45221
550	7.61888
560	7.78554
570	7.95221
580	8.11888
590	8.28554
600	8.45221
610	8.61888
620	8.78554
630	8.95221
640	9.11888
650	9.28554
660	9.45221
670	9.61888
680	9.78554
690	9.95221
700	10.1189
710	10.2855
720	10.4522
730	10.6189
740	10.7855
750	10.9522
760	11.1189
770	11.2855
780	11.4522
790	11.6189
800	11.7855
810	11.9522
820	12.1189
830	12.2855
840	12.4522
850	12.6189
860	12.7855
870	12.9522
880	13.1189
890	13.2855
900	13.4522
910	13.6189
920	13.7855
930	13.9522
940	14.1189
950	14.2855
960	14.4522
970	14.6189
980	14.7855
990	14.9522
1000	15.1189
1010	15.2855
1020	15.4522
1030	15.6189
1040	15.7855
1050	15.9522
1060	16.1189
1070	16.2855
1080	16.4522
1090	16.6189
74
360	4.52037
370	4.68703
380	4.8537
390	5.02037
400	5.18703
410	5.3537
420	5.52037
430	5.68703
440	5.8537
450	6.02037
460	6.18703
470	6.3537
480	6.52037
490	6.68703
500	6.8537
510	7.02037
520	7.18703
530	7.3537
540	7.52037
550	7.68703
560	7.8537
570	8.02037
580	8.18703
590	8.3537
600	8.52037
610	8.68703
620	8.8537
630	9.02037
640	9.18703
650	9.3537
660	9.52037
670	9.68703
680	9.8537
690	10.0204
700	10.187
710	10.3537
720	10.5204
730	10.687
740	10.8537
750	11.0204
760	11.187
770	11.3537
780	11.5204
790	11.687
800	11.8537
810	12.0204
820	12.187
830	12.3537
840	12.5204
850	12.687
860	12.8537
870	13.0204
880	13.187
890	13.3537
900	13.5204
910	13.687
920	13.8537
930	14.0204
940	14.187
950	14.3537
960	14.5204
970	14.687
980	14.8537
990	15.0204
1000	15.187
1010	15.3537
1020	15.5204
1030	15.687
1040	15.8537
1050	16.0204
1060	16.187
1070	16.3537
1080	16.5204
1090	16.687
74
360	4.61788
370	4.78455
380	4.95122
390	5.11788
400	5.28455
410	5.45122
420	5.61788
430	5.78455
440	5.95122
450	6.11788
460	6.28455
470	6.45122
480	6.61788
490	6.78455
500	6.95122
510	7.11788
520	7.28455
530	7.45122
540	7.61788
550	7.78455
560	7.95122
570	8.11788
580	8.28455
590	8.45122
600	8.61788
610	8.78455
620	8.95122
630	9.11788
640	9.28455
650	9.45122
660	9.61788
670	9.78455
680	9.95122
690	10.1179
700	10.2845
710	10.4512
720	10.6179
730	10.7845
740	10.9512
750	11.1179
760	11.2845
770	11.4512
780	11.6179
790	11.7845
800	11.9512
810	12.1179
820	12.2845
830	12.4512
840	12.6179
850	12.7845
860	12.9512
870	13.1179
880	13.2845
890	13.4512
900	13.6179
910	13.7845
920	13.9512
930	14.1179
940	14.2845
950	14.4512
960	14.6179
970	14.7845
980	14.9512
990	15.1179
1000	15.2845
1010	15.4512
1020	15.6179
1030	15.7845
1040	15.9512
1050	16.1179
1060	16.2845
1070	16.4512
1080	16.6179
1090	16.7845
74
360	4.69462
370	4.86129
380	5.02796
390	5.19462
400	5.36129
410	5.52796
420	5.69462
430	5.86129
440	6.02796
450	6.19462
460	6.36129
470	6.52796
480	6.69462
490	6.86129
500	7.02796
510	7.19462
520	7.36129
530	7.52796
540	7.69462
550	7.86129
560	8.02796
570	8.19462
580	8.36129
590	8.52796
600	8.69462
610	8.86129
620	9.02796
630	9.19462
640	9.36129
650	9.52796
660	9.69462
670	9.86129
680	10.028
690	10.1946
700	10.3613
710	10.528
720	10.6946
730	10.8613
740	11.028
750	11.1946
760	11.3613
770	11.528
780	11.6946
790	11.8613
800	12.028
810	12.1946
820	12.3613
830	12.528
840	12.6946
850	12.8613
860	13.028
870	13.1946
880	13.3613
890	13.528
900	13.6946
910	13.8613
920	14.028
930	14.1946
940	14.3613
950	14.528
960	14.6946
970	14.8613
980	15.028
990	15.1946
1000	15.3613
1010	15.528
1020	15.6946
1030	15.8613
1040	16.028
1050	16.1946
1060	16.3613
1070	16.528
1080	16.6946
1090	16.8613
74
360	4.76144
370	4.92811
380	5.09477
390	5.26144
400	5.42811
410	5.59477
420	5.76144
430	5.92811
440	6.09477
450	6.26144
460	6.42811
470	6.59477
480	6.76144
490	6.92811
500	7.09477
510	7.26144
520	7.42811
530	7.59477
540	7.76144
550	7.92811
560	8.09477
570	8.26144
580	8.42811
590	8.59477
600	8.76144
610	8.92811
620	9.09477
630	9.26144
640	9.42811
650	9.59477
660	9.76144
670	9.92811
680	10.0948
690	10.2614
700	10.4281
710	10.5948
720	10.7614
730	10.9281
740	11.0948
750	11.2614
760	11.4281
770	11.5948
780	11.7614
790	11.9281
800	12.0948
810	12.2614
820	12.4281
830	12.5948
840	12.7614
850	12.9281
860	13.0948
870	13.2614
880	13.4281
890	13.5948
900	13.7614
910	13.9281
920	14.0948
930	14.2614
940	14.4281
950	14.5948
960	14.7614
970	14.9281
980	15.0948
990	15.2614
1000	15.4281
1010	15.5948
1020	15.7614
1030	15.9281
1040	16.0948
1050	16.2614
1060	16.4281
1070	16.5948
1080	16.7614
1090	16.9281
74
360	4.84017
370	5.00684
380	5.17351
390	5.34017
400	5.50684
410	5.67351
420	5.84017
430	6.00684
440	6.17351
450	6.34017
460	6.50684
470	6.67351
480	6.84017
490	7.00684
500	7.17351
510	7.34017
520	7.50684
530	7.67351
540	7.84017
550	8.00684
560	8.17351
570	8.34017
580	8.50684
590	8.67351
600	8.84017
610	9.00684
620	9.17351
630	9.34017
640	9.50684
650	9.67351
660	9.84017
670	10.0068
680	10.1735
690	10.3402
700	10.5068
710	10.6735
720	10.8402
730	11.0068
740	11.1735
750	11.3402
760	11.5068
770	11.6735
780	11.8402
790	12.0068
800	12.1735
810	12.3402
820	12.5068
830	12.6735
840	12.8402
850	13.0068
860	13.1735
870	13.3402
880	13.5068
890	13.6735
900	13.8402
910	14.0068
920	14.1735
930	14.3402
940	14.5068
950	14.6735
960	14.8402
970	15.0068
980	15.1735
990	15.3402
1000	15.5068
1010	15.6735
1020	15.8402
1030	16.0068
1040	16.1735
1050	16.3402
1060	16.5068
1070	16.6735
1080	16.8402
1090	17.0068
74
360	4.9206
370	5.08727
380	5.25393
390	5.4206
400	5.58727
410	5.75393
420	5.9206
430	6.08727
440	6.25393
450	6.4206
460	6.58727
470	6.75393
480	6.9206
490	7.08727
500	7.25393
510	7.4206
520	7.58727
530	7.75393
540	7.9206
550	8.08727
560	8.25393
570	8.4206
580	8.58727
590	8.75393
600	8.9206
610	9.08727
620	9.25393
630	9.4206
640	9.58727
650	9.75393
660	9.9206
670	10.0873
680	10.2539
690	10.4206
700	10.5873
710	10.7539
720	10.9206
730	11.0873
740	11.2539
750	11.4206
760	11.5873
770	11.7539
780	11.9206
790	12.0873
800	12.2539
810	12.4206
820	12.5873
830	12.7539
840	12.9206
850	13.0873
860	13.2539
870	13.4206
880	13.5873
890	13.7539
900	13.9206
910	14.0873
920	14.2539
930	14.4206
940	14.5873
950	14.7539
960	14.9206
970	15.0873
980	15.2539
990	15.4206
1000	15.5873
1010	15.7539
1020	15.9206
1030	16.0873
1040	16.2539
1050	16.4206
1060	16.5873
1070	16.7539
1080	16.9206
1090	17.0873
74
360	5.02901
370	5.19567
380	5.36234
390	5.52901
400	5.69567
410	5.86234
420	6.02901
430	6.19567
440	6.36234
450	6.52901
460	6.69567
470	6.86234
480	7.02901
490	7.19567
500	7.36234
510	7.52901
520	7.69567
530	7.86234
540	8.02901
550	8.19567
560	8.36234
570	8.52901
580	8.69567
590	8.86234
600	9.02901
610	9.19567
620	9.36234
630	9.52901
640	9.69567
650	9.86234
660	10.029
670	10.1957
680	10.3623
690	10.529
700	10.6957
710	10.8623
720	11.029
730	11.1957
740	11.3623
750	11.529
760	11.6957
770	11.8623
780	12.029
790	12.1957
800	12.3623
810	12.529
820	12.6957
830	12.8623
840	13.029
850	13.1957
860	13.3623
870	13.529
880	13.6957
890	13.8623
900	14.029
910	14.1957
920	14.3623
930	14.529
940	14.6957
950	14.8623
960	15.029
970	15.1957
980	15.3623
990	15.529
1000	15.6957
1010	15.8623
1020	16.029
1030	16.1957
1040	16.3623
1050	16.529
1060	16.6957
1070	16.8623
1080	17.029
1090	17.1957
74
360	5.14287
370	5.30954
380	5.47621
390	5.64287
400	5.80954
410	5.97621
420	6.14287
430	6.30954
440	6.47621
450	6.64287
460	6.80954
470	6.97621
480	7.14287
490	7.30954
500	7.47621
510	7.64287
520	7.80954
530	7.97621
540	8.14287
550	8.30954
560	8.47621
570	8.64287
580	8.80954
590	8.97621
600	9.14287
610	9.30954
620	9.47621
630	9.64287
640	9.80954
650	9.97621
660	10.1429
670	10.3095
680	10.4762
690	10.6429
700	10.8095
710	10.9762
720	11.1429
730	11.3095
740	11.4762
750	11.6429
760	11.8095
770	11.9762
780	12.1429
790	12.3095
800	12.4762
810	12.6429
820	12.8095
830	12.9762
840	13.1429
850	13.3095
860	13.4762
870	13.6429
880	13.8095
890	13.9762
900	14.1429
910	14.3095
920	14.4762
930	14.6429
940	14.8095
950	14.9762
960	15.1429
970	15.3095
980	15.4762
990	15.6429
1000	15.8095
1010	15.9762
1020	16.1429
1030	16.3095
1040	16.4762
1050	16.6429
1060	16.8095
1070	16.9762
1080	17.1429
1090	17.3095
74
360	5.22876
370	5.39543
380	5.56209
390	5.72876
400	5.89543
410	6.06209
420	6.22876
430	6.39543
440	6.56209
450	6.72876
460	6.89543
470	7.06209
480	7.22876
490	7.39543
500	7.56209
510	7.72876
520	7.89543
530	8.06209
540	8.22876
550	8.39543
560	8.56209
570	8.72876
580	8.89543
590	9.06209
600	9.22876
610	9.39543
620	9.56209
630	9.72876
640	9.89543
650	10.0621
660	10.2288
670	10.3954
680	10.5621
690	10.7288
700	10.8954
710	11.0621
720	11.2288
730	11.3954
740	11.5621
750	11.7288
760	11.8954
770	12.0621
780	12.2288
790	12.3954
800	12.5621
810	12.7288
820	12.8954
830	13.0621
840	13.2288
850	13.3954
860	13.5621
870	13.7288
880	13.8954
890	14.0621
900	14.2288
910	14.3954
920	14.5621
930	14.7288
940	14.8954
950	15.0621
960	15.2288
970	15.3954
980	15.5621
990	15.7288
1000	15.8954
1010	16.0621
1020	16.2288
1030	16.3954
1040	16.5621
1050	16.7288
1060	16.8954
1070	17.0621
1080	17.2288
1090	17.3954
74
360	5.31004
370	5.47671
380	5.64337
390	5.81004
400	5.97671
410	6.14337
420	6.31004
430	6.47671
440	6.64337
450	6.81004
460	6.97671
470	7.14337
480	7.31004
490	7.47671
500	7.64337
510	7.81004
520	7.97671
530	8.14337
540	8.31004
550	8.47671
560	8.64337
570	8.81004
580	8.97671
590	9.14337
600	9.31004
610	9.47671
620	9.64337
630	9.81004
640	9.97671
650	10.1434
660	10.31
670	10.4767
680	10.6434
690	10.81
700	10.9767
710	11.1434
720	11.31
730	11.4767
740	11.6434
750	11.81
760	11.9767
770	12.1434
780	12.31
790	12.4767
800	12.6434
810	12.81
820	12.9767
830	13.1434
840	13.31
850	13.4767
860	13.6434
870	13.81
880	13.9767
890	14.1434
900	14.31
910	14.4767
920	14.6434
930	14.81
940	14.9767
950	15.1434
960	15.31
970	15.4767
980	15.6434
990	15.81
1000	15.9767
1010	16.1434
1020	16.31
1030	16.4767
1040	16.6434
1050	16.81
1060	16.9767
1070	17.1434
1080	17.31
1090	17.4767
74
360	5.40587
370	5.57254
380	5.73921
390	5.90587
400	6.07254
410	6.23921
420	6.40587
430	6.57254
440	6.73921
450	6.90587
460	7.07254
470	7.23921
480	7.40587
490	7.57254
500	7.73921
510	7.90587
520	8.07254
530	8.23921
540	8.40587
550	8.57254
560	8.73921
570	8.90587
580	9.07254
590	9.23921
600	9.40587
610	9.57254
620	9.73921
630	9.90587
640	10.0725
650	10.2392
660	10.4059
670	10.5725
680	10.7392
690	10.9059
700	11.0725
710	11.2392
720	11.4059
730	11.5725
740	11.7392
750	11.9059
760	12.0725
770	12.2392
780	12.4059
790	12.5725
800	12.7392
810	12.9059
820	13.0725
830	13.2392
840	13.4059
850	13.5725
860	13.7392
870	13.9059
880	14.0725
890	14.2392
900	14.4059
910	14.5725
920	14.7392
930	14.9059
940	15.0725
950	15.2392
960	15.4059
970	15.5725
980	15.7392
990	15.9059
1000	16.0725
1010	16.2392
1020	16.4059
1030	16.5725
1040	16.7392
1050	16.9059
1060	17.0725
1070	17.2392
1080	17.4059
1090	17.5725
74
360	5.46728
370	5.63395
380	5.80062
390	5.96728
400	6.13395
410	6.30062
420	6.46728
430	6.63395
440	6.80062
450	6.96728
460	7.13395
470	7.30062
480	7.46728
490	7.63395
500	7.80062
510	7.96728
520	8.13395
530	8.30062
540	8.46728
550	8.63395
560	8.80062
570	8.96728
580	9.13395
590	9.30062
600	9.46728
610	9.63395
620	9.80062
630	9.96728
640	10.134
650	10.3006
660	10.4673
670	10.634
680	10.8006
690	10.9673
700	11.134
710	11.3006
720	11.4673
730	11.634
740	11.8006
750	11.9673
760	12.134
770	12.3006
780	12.4673
790	12.634
800	12.8006
810	12.9673
820	13.134
830	13.3006
840	13.4673
850	13.634
860	13.8006
870	13.9673
880	14.134
890	14.3006
900	14.4673
910	14.634
920	14.8006
930	14.9673
940	15.134
950	15.3006
960	15.4673
970	15.634
980	15.8006
990	15.9673
1000	16.134
1010	16.3006
1020	16.4673
1030	16.634
1040	16.8006
1050	16.9673
1060	17.134
1070	17.3006
1080	17.4673
1090	17.634
74
360	5.54552
370	5.71219
380	5.87886
390	6.04552
400	6.21219
410	6.37886
420	6.54552
430	6.71219
440	6.87886
450	7.04552
460	7.21219
470	7.37886
480	7.54552
490	7.71219
500	7.87886
510	8.04552
520	8.21219
530	8.37886
540	8.54552
550	8.71219
560	8.87886
570	9.04552
580	9.21219
590	9.37886
600	9.54552
610	9.71219
620	9.87886
630	10.0455
640	10.2122
650	10.3789
660	10.5455
670	10.7122
680	10.8789
690	11.0455
700	11.2122
710	11.3789
720	11.5455
730	11.7122
740	11.8789
750	12.0455
760	12.2122
770	12.3789
780	12.5455
790	12.7122
800	12.8789
810	13.0455
820	13.2122
830	13.3789
840	13.5455
850	13.7122
860	13.8789
870	14.0455
880	14.2122
890	14.3789
900	14.5455
910	14.7122
920	14.8789
930	15.0455
940	15.2122
950	15.3789
960	15.5455
970	15.7122
980	15.8789
990	16.0455
1000	16.2122
1010	16.3789
1020	16.5455
1030	16.7122
1040	16.8789
1050	17.0455
1060	17.2122
1070	17.3789
1080	17.5455
1090	17.7122
74
360	5.61978
370	5.78644
380	5.95311
390	6.11978
400	6.28644
410	6.45311
420	6.61978
430	6.78644
440	6.95311
450	7.11978
460	7.28644
470	7.45311
480	7.61978
490	7.78644
500	7.95311
510	8.11978
520	8.28644
530	8.45311
540	8.61978
550	8.78644
560	8.95311
570	9.11978
580	9.28644
590	9.45311
600	9.61978
610	9.78644
620	9.95311
630	10.1198
640	10.2864
650	10.4531
660	10.6198
670	10.7864
680	10.9531
690	11.1198
700	11.2864
710	11.4531
720	11.6198
730	11.7864
740	11.9531
750	12.1198
760	12.2864
770	12.4531
780	12.6198
790	12.7864
800	12.9531
810	13.1198
820	13.2864
830	13.4531
840	13.6198
850	13.7864
860	13.9531
870	14.1198
880	14.2864
890	14.4531
900	14.6198
910	14.7864
920	14.9531
930	15.1198
940	15.2864
950	15.4531
960	15.6198
970	15.7864
980	15.9531
990	16.1198
1000	16.2864
1010	16.4531
1020	16.6198
1030	16.7864
1040	16.9531
1050	17.1198
1060	17.2864
1070	17.4531
1080	17.6198
1090	17.7864
74
360	5.68529
370	5.85196
380	6.01863
390	6.18529
400	6.35196
410	6.51863
420	6.68529
430	6.85196
440	7.01863
450	7.18529
460	7.35196
470	7.51863
480	7.68529
490	7.85196
500	8.01863
510	8.18529
520	8.35196
530	8.51863
540	8.68529
550	8.85196
560	9.01863
570	9.18529
580	9.35196
590	9.51863
600	9.68529
610	9.85196
620	10.0186
630	10.1853
640	10.352
650	10.5186
660	10.6853
670	10.852
680	11.0186
690	11.1853
700	11.352
710	11.5186
720	11.6853
730	11.852
740	12.0186
750	12.1853
760	12.352
770	12.5186
780	12.6853
790	12.852
800	13.0186
810	13.1853
820	13.352
830	13.5186
840	13.6853
850	13.852
860	14.0186
870	14.1853
880	14.352
890	14.5186
900	14.6853
910	14.852
920	15.0186
930	15.1853
940	15.352
950	15.5186
960	15.6853
970	15.852
980	16.0186
990	16.1853
1000	16.352
1010	16.5186
1020	16.6853
1030	16.852
1040	17.0186
1050	17.1853
1060	17.352
1070	17.5186
1080	17.6853
1090	17.852
74
360	5.73828
370	5.90494
380	6.07161
390	6.23828
400	6.40494
410	6.57161
420	6.73828
430	6.90494
440	7.07161
450	7.23828
460	7.40494
470	7.57161
480	7.73828
490	7.90494
500	8.07161
510	8.23828
520	8.40494
530	8.57161
540	8.73828
550	8.90494
560	9.07161
570	9.23828
580	9.40494
590	9.57161
600	9.73828
610	9.90494
620	10.0716
630	10.2383
640	10.4049
650	10.5716
660	10.7383
670	10.9049
680	11.0716
690	11.2383
700	11.4049
710	11.5716
720	11.7383
730	11.9049
740	12.0716
750	12.2383
760	12.4049
770	12.5716
780	12.7383
790	12.9049
800	13.0716
810	13.2383
820	13.4049
830	13.5716
840	13.7383
850	13.9049
860	14.0716
870	14.2383
880	14.4049
890	14.5716
900	14.7383
910	14.9049
920	15.0716
930	15.2383
940	15.4049
950	15.5716
960	15.7383
970	15.9049
980	16.0716
990	16.2383
1000	16.4049
1010	16.5716
1020	16.7383
1030	16.9049
1040	17.0716
1050	17.2383
1060	17.4049
1070	17.5716
1080	17.7383
1090	17.9049
74
360	5.99603
370	6.1627
380	6.32936
390	6.49603
400	6.6627
410	6.82936
420	6.99603
430	7.1627
440	7.32936
450	7.49603
460	7.6627
470	7.82936
480	7.99603
490	8.1627
500	8.32936
510	8.49603
520	8.6627
530	8.82936
540	8.99603
550	9.1627
560	9.32936
570	9.49603
580	9.6627
590	9.82936
600	9.99603
610	10.1627
620	10.3294
630	10.496
640	10.6627
650	10.8294
660	10.996
670	11.1627
680	11.3294
690	11.496
700	11.6627
710	11.8294
720	11.996
730	12.1627
740	12.3294
750	12.496
760	12.6627
770	12.8294
780	12.996
790	13.1627
800	13.3294
810	13.496
820	13.6627
830	13.8294
840	13.996
850	14.1627
860	14.3294
870	14.496
880	14.6627
890	14.8294
900	14.996
910	15.1627
920	15.3294
930	15.496
940	15.6627
950	15.8294
960	15.996
970	16.1627
980	16.3294
990	16.496
1000	16.6627
1010	16.8294
1020	16.996
1030	17.1627
1040	17.3294
1050	17.496
1060	17.6627
1070	17.8294
1080	17.996
1090	18.1627
74
360	6.07567
370	6.24234
380	6.409
390	6.57567
400	6.74234
410	6.909
420	7.07567
430	7.24234
440	7.409
450	7.57567
460	7.74234
470	7.909
480	8.07567
490	8.24234
500	8.409
510	8.57567
520	8.74234
530	8.909
540	9.07567
550	9.24234
560	9.409
570	9.57567
580	9.74234
590	9.909
600	10.0757
610	10.2423
620	10.409
630	10.5757
640	10.7423
650	10.909
660	11.0757
670	11.2423
680	11.409
690	11.5757
700	11.7423
710	11.909
720	12.0757
730	12.2423
740	12.409
750	12.5757
760	12.7423
770	12.909
780	13.0757
790	13.2423
800	13.409
810	13.5757
820	13.7423
830	13.909
840	14.0757
850	14.2423
860	14.409
870	14.5757
880	14.7423
890	14.909
900	15.0757
910	15.2423
920	15.409
930	15.5757
940	15.7423
950	15.909
960	16.0757
970	16.2423
980	16.409
990	16.5757
1000	16.7423
1010	16.909
1020	17.0757
1030	17.2423
1040	17.409
1050	17.5757
1060	17.7423
1070	17.909
1080	18.0757
1090	18.2423
