144
1
1090	0.144306
2
1080	0.144688
1090	0.311354
3
1070	0.145069
1080	0.311736
1090	0.478403
4
1060	0.145451
1070	0.312118
1080	0.478785
1090	0.645451
5
1050	0.145833
1060	0.3125
1070	0.479166
1080	0.645833
1090	0.8125
6
1040	0.146215
1050	0.312882
1060	0.479548
1070	0.646215
1080	0.812882
1090	0.979548
7
1030	0.146597
1040	0.313263
1050	0.47993
1060	0.646597
1070	0.813263
1080	0.97993
1090	1.1466
8
1020	0.146979
1030	0.313645
1040	0.480312
1050	0.646979
1060	0.813645
1070	0.980312
1080	1.14698
1090	1.31365
9
1010	0.14736
1020	0.314027
1030	0.480694
1040	0.64736
1050	0.814027
1060	0.980694
1070	1.14736
1080	1.31403
1090	1.48069
10
1000	0.147742
1010	0.314409
1020	0.481076
1030	0.647742
1040	0.814409
1050	0.981076
1060	1.14774
1070	1.31441
1080	1.48108
1090	1.64774
11
990	0.148124
1000	0.314791
1010	0.481457
1020	0.648124
1030	0.814791
1040	0.981457
1050	1.14812
1060	1.31479
1070	1.48146
1080	1.64812
1090	1.81479
12
980	0.148506
990	0.315173
1000	0.481839
1010	0.648506
1020	0.815173
1030	0.981839
1040	1.14851
1050	1.31517
1060	1.48184
1070	1.64851
1080	1.81517
1090	1.98184
13
970	0.148888
980	0.315554
990	0.482221
1000	0.648888
1010	0.815554
1020	0.982221
1030	1.14889
1040	1.31555
1050	1.48222
1060	1.64889
1070	1.81555
1080	1.98222
1090	2.14889
14
960	0.14927
970	0.315936
980	0.482603
990	0.64927
1000	0.815936
1010	0.982603
1020	1.14927
1030	1.31594
1040	1.4826
1050	1.64927
1060	1.81594
1070	1.9826
1080	2.14927
1090	2.31594
15
950	0.149651
960	0.316318
970	0.482985
980	0.649651
990	0.816318
1000	0.982985
1010	1.14965
1020	1.31632
1030	1.48298
1040	1.64965
1050	1.81632
1060	1.98298
1070	2.14965
1080	2.31632
1090	2.48298
16
940	0.150033
950	0.3167
960	0.483367
970	0.650033
980	0.8167
990	0.983367
1000	1.15003
1010	1.3167
1020	1.48337
1030	1.65003
1040	1.8167
1050	1.98337
1060	2.15003
1070	2.3167
1080	2.48337
1090	2.65003
17
930	0.150415
940	0.317082
950	0.483748
960	0.650415
970	0.817082
980	0.983748
990	1.15041
1000	1.31708
1010	1.48375
1020	1.65041
1030	1.81708
1040	1.98375
1050	2.15041
1060	2.31708
1070	2.48375
1080	2.65041
1090	2.81708
18
920	0.150797
930	0.317463
940	0.48413
950	0.650797
960	0.817463
970	0.98413
980	1.1508
990	1.31746
1000	1.48413
1010	1.6508
1020	1.81746
1030	1.98413
1040	2.1508
1050	2.31746
1060	2.48413
1070	2.6508
1080	2.81746
1090	2.98413
19
910	0.151179
920	0.317845
930	0.484512
940	0.651179
950	0.817845
960	0.984512
970	1.15118
980	1.31785
990	1.48451
1000	1.65118
1010	1.81785
1020	1.98451
1030	2.15118
1040	2.31785
1050	2.48451
1060	2.65118
1070	2.81785
1080	2.98451
1090	3.15118
20
900	0.15156
910	0.318227
920	0.484894
930	0.65156
940	0.818227
950	0.984894
960	1.15156
970	1.31823
980	1.48489
990	1.65156
1000	1.81823
1010	1.98489
1020	2.15156
1030	2.31823
1040	2.48489
1050	2.65156
1060	2.81823
1070	2.98489
1080	3.15156
1090	3.31823
21
890	0.151942
900	0.318609
910	0.485276
920	0.651942
930	0.818609
940	0.985276
950	1.15194
960	1.31861
970	1.48528
980	1.65194
990	1.81861
1000	1.98528
1010	2.15194
1020	2.31861
1030	2.48528
1040	2.65194
1050	2.81861
1060	2.98528
1070	3.15194
1080	3.31861
1090	3.48528
22
880	0.152324
890	0.318991
900	0.485657
910	0.652324
920	0.818991
930	0.985657
940	1.15232
950	1.31899
960	1.48566
970	1.65232
980	1.81899
990	1.98566
1000	2.15232
1010	2.31899
1020	2.48566
1030	2.65232
1040	2.81899
1050	2.98566
1060	3.15232
1070	3.31899
1080	3.48566
1090	3.65232
23
870	0.152706
880	0.319373
890	0.486039
900	0.652706
910	0.819373
920	0.986039
930	1.15271
940	1.31937
950	1.48604
960	1.65271
970	1.81937
980	1.98604
990	2.15271
1000	2.31937
1010	2.48604
1020	2.65271
1030	2.81937
1040	2.98604
1050	3.15271
1060	3.31937
1070	3.48604
1080	3.65271
1090	3.81937
24
860	0.153088
870	0.319754
880	0.486421
890	0.653088
900	0.819754
910	0.986421
920	1.15309
930	1.31975
940	1.48642
950	1.65309
960	1.81975
970	1.98642
980	2.15309
990	2.31975
1000	2.48642
1010	2.65309
1020	2.81975
1030	2.98642
1040	3.15309
1050	3.31975
1060	3.48642
1070	3.65309
1080	3.81975
1090	3.98642
25
850	0.15347
860	0.320136
870	0.486803
880	0.65347
890	0.820136
900	0.986803
910	1.15347
920	1.32014
930	1.4868
940	1.65347
950	1.82014
960	1.9868
970	2.15347
980	2.32014
990	2.4868
1000	2.65347
1010	2.82014
1020	2.9868
1030	3.15347
1040	3.32014
1050	3.4868
1060	3.65347
1070	3.82014
1080	3.9868
1090	4.15347
26
840	0.153851
850	0.320518
860	0.487185
870	0.653851
880	0.820518
890	0.987185
900	1.15385
910	1.32052
920	1.48718
930	1.65385
940	1.82052
950	1.98718
960	2.15385
970	2.32052
980	2.48718
990	2.65385
1000	2.82052
1010	2.98718
1020	3.15385
1030	3.32052
1040	3.48718
1050	3.65385
1060	3.82052
1070	3.98718
1080	4.15385
1090	4.32052
27
830	0.154233
840	0.3209
850	0.487567
860	0.654233
870	0.8209
880	0.987567
890	1.15423
900	1.3209
910	1.48757
920	1.65423
930	1.8209
940	1.98757
950	2.15423
960	2.3209
970	2.48757
980	2.65423
990	2.8209
1000	2.98757
1010	3.15423
1020	3.3209
1030	3.48757
1040	3.65423
1050	3.8209
1060	3.98757
1070	4.15423
1080	4.3209
1090	4.48757
28
820	0.154615
830	0.321282
840	0.487948
850	0.654615
860	0.821282
870	0.987948
880	1.15462
890	1.32128
900	1.48795
910	1.65462
920	1.82128
930	1.98795
940	2.15462
950	2.32128
960	2.48795
970	2.65462
980	2.82128
990	2.98795
1000	3.15462
1010	3.32128
1020	3.48795
1030	3.65462
1040	3.82128
1050	3.98795
1060	4.15462
1070	4.32128
1080	4.69335
1090	4.86002
29
810	0.154997
820	0.321664
830	0.48833
840	0.654997
850	0.821664
860	0.98833
870	1.155
880	1.32166
890	1.48833
900	1.655
910	1.82166
920	1.98833
930	2.155
940	2.32166
950	2.48833
960	2.655
970	2.82166
980	2.98833
990	3.155
1000	3.32166
1010	3.48833
1020	3.655
1030	3.82166
1040	3.98833
1050	4.155
1060	4.32166
1070	4.60244
1080	4.76911
1090	4.93578
30
800	0.155379
810	0.322045
820	0.488712
830	0.655379
840	0.822045
850	0.988712
860	1.15538
870	1.32205
880	1.48871
890	1.65538
900	1.82205
910	1.98871
920	2.15538
930	2.32205
940	2.48871
950	2.65538
960	2.82205
970	2.98871
980	3.15538
990	3.32205
1000	3.48871
1010	3.65538
1020	3.82205
1030	3.98871
1040	4.15538
1050	4.32205
1060	4.48871
1070	4.6782
1080	4.84487
1090	5.01153
31
790	0.155761
800	0.322427
810	0.489094
820	0.655761
830	0.822427
840	0.989094
850	1.15576
860	1.32243
870	1.48909
880	1.65576
890	1.82243
900	1.98909
910	2.15576
920	2.32243
930	2.48909
940	2.65576
950	2.82243
960	2.98909
970	3.15576
980	3.32243
990	3.48909
1000	3.65576
1010	3.82243
1020	3.98909
1030	4.15576
1040	4.32243
1050	4.48909
1060	4.65576
1070	4.82243
1080	4.98909
1090	5.15576
32
780	0.156142
790	0.322809
800	0.489476
810	0.656142
820	0.822809
830	0.989476
840	1.15614
850	1.32281
860	1.48948
870	1.65614
880	1.82281
890	1.98948
900	2.15614
910	2.32281
920	2.48948
930	2.65614
940	2.82281
950	2.98948
960	3.15614
970	3.32281
980	3.48948
990	3.65614
1000	3.82281
1010	3.98948
1020	4.15614
1030	4.32281
1040	4.55794
1050	4.72461
1060	4.89128
1070	5.05794
1080	5.22461
1090	5.39128
33
770	0.156524
780	0.323191
790	0.489858
800	0.656524
810	0.823191
820	0.989858
830	1.15652
840	1.32319
850	1.48986
860	1.65652
870	1.82319
880	1.98986
890	2.15652
900	2.32319
910	2.48986
920	2.65652
930	2.82319
940	2.98986
950	3.15652
960	3.32319
970	3.48986
980	3.65652
990	3.82319
1000	3.98986
1010	4.15652
1020	4.32319
1030	4.58115
1040	4.74782
1050	4.91448
1060	5.08115
1070	5.24782
1080	5.41448
1090	5.58115
34
760	0.156906
770	0.323573
780	0.490239
790	0.656906
800	0.823573
810	0.990239
820	1.15691
830	1.32357
840	1.49024
850	1.65691
860	1.82357
870	1.99024
880	2.15691
890	2.32357
900	2.49024
910	2.65691
920	2.82357
930	2.99024
940	3.15691
950	3.32357
960	3.49024
970	3.65691
980	3.82357
990	3.99024
1000	4.15691
1010	4.32357
1020	4.49024
1030	4.65691
1040	4.82357
1050	4.99024
1060	5.15691
1070	5.32357
1080	5.49024
1090	5.65691
35
750	0.157288
760	0.323954
770	0.490621
780	0.657288
790	0.823954
800	0.990621
810	1.15729
820	1.32395
830	1.49062
840	1.65729
850	1.82395
860	1.99062
870	2.15729
880	2.32395
890	2.49062
900	2.65729
910	2.82395
920	2.99062
930	3.15729
940	3.32395
950	3.49062
960	3.65729
970	3.82395
980	3.99062
990	4.15729
1000	4.32395
1010	4.49062
1020	4.68011
1030	4.84678
1040	5.01344
1050	5.18011
1060	5.34678
1070	5.51344
1080	5.68011
1090	5.84678
36
740	0.15767
750	0.324336
760	0.491003
770	0.65767
780	0.824336
790	0.991003
800	1.15767
810	1.32434
820	1.491
830	1.65767
840	1.82434
850	1.991
860	2.15767
870	2.32434
880	2.491
890	2.65767
900	2.82434
910	2.991
920	3.15767
930	3.32434
940	3.491
950	3.65767
960	3.82434
970	3.991
980	4.15767
990	4.32434
1000	4.491
1010	4.70332
1020	4.86998
1030	5.03665
1040	5.20332
1050	5.36998
1060	5.53665
1070	5.70332
1080	5.86998
1090	6.03665
37
730	0.158051
740	0.324718
750	0.491385
760	0.658051
770	0.824718
780	0.991385
790	1.15805
800	1.32472
810	1.49138
820	1.65805
830	1.82472
840	1.99138
850	2.15805
860	2.32472
870	2.49138
880	2.65805
890	2.82472
900	2.99138
910	3.15805
920	3.32472
930	3.49138
940	3.65805
950	3.82472
960	3.99138
970	4.15805
980	4.32472
990	4.67397
1000	4.84063
1010	5.0073
1020	5.17397
1030	5.34063
1040	5.5073
1050	5.67397
1060	5.84063
1070	6.0073
1080	6.17397
1090	6.34063
38
720	0.158433
730	0.3251
740	0.491767
750	0.658433
760	0.8251
770	0.991767
780	1.15843
790	1.3251
800	1.49177
810	1.65843
820	1.8251
830	1.99177
840	2.15843
850	2.3251
860	2.49177
870	2.65843
880	2.8251
890	2.99177
900	3.15843
910	3.3251
920	3.49177
930	3.65843
940	3.8251
950	3.99177
960	4.15843
970	4.3251
980	4.58306
990	4.74972
1000	4.91639
1010	5.08306
1020	5.24972
1030	5.41639
1040	5.58306
1050	5.74972
1060	5.91639
1070	6.08306
1080	6.24972
1090	6.41639
39
710	0.158815
720	0.325482
730	0.492148
740	0.658815
750	0.825482
760	0.992148
770	1.15882
780	1.32548
790	1.49215
800	1.65882
810	1.82548
820	1.99215
830	2.15882
840	2.32548
850	2.49215
860	2.65882
870	2.82548
880	2.99215
890	3.15882
900	3.32548
910	3.49215
920	3.65882
930	3.82548
940	3.99215
950	4.15882
960	4.32548
970	4.49215
980	4.65882
990	4.82548
1000	4.99215
1010	5.15882
1020	5.32548
1030	5.49215
1040	5.65882
1050	5.82548
1060	5.99215
1070	6.15882
1080	6.32548
1090	6.49215
40
700	0.159197
710	0.325864
720	0.49253
730	0.659197
740	0.825864
750	0.99253
760	1.1592
770	1.32586
780	1.49253
790	1.6592
800	1.82586
810	1.99253
820	2.1592
830	2.32586
840	2.49253
850	2.6592
860	2.82586
870	2.99253
880	3.1592
890	3.32586
900	3.49253
910	3.6592
920	3.82586
930	3.99253
940	4.1592
950	4.32586
960	4.49253
970	4.70484
980	4.87151
990	5.03818
1000	5.20484
1010	5.37151
1020	5.53818
1030	5.70484
1040	5.87151
1050	6.03818
1060	6.20484
1070	6.37151
1080	6.53818
1090	6.70484
41
690	0.159579
700	0.326245
710	0.492912
720	0.659579
730	0.826245
740	0.992912
750	1.15958
760	1.32625
770	1.49291
780	1.65958
790	1.82625
800	1.99291
810	2.15958
820	2.32625
830	2.49291
840	2.65958
850	2.82625
860	2.99291
870	3.15958
880	3.32625
890	3.49291
900	3.65958
910	3.82625
920	3.99291
930	4.15958
940	4.32625
950	4.49291
960	4.6824
970	4.84907
980	5.01573
990	5.1824
1000	5.34907
1010	5.51573
1020	5.6824
1030	5.84907
1040	6.01573
1050	6.1824
1060	6.34907
1070	6.51573
1080	6.6824
1090	6.84907
42
680	0.159961
690	0.326627
700	0.493294
710	0.659961
720	0.826627
730	0.993294
740	1.15996
750	1.32663
760	1.49329
770	1.65996
780	1.82663
790	1.99329
800	2.15996
810	2.32663
820	2.49329
830	2.65996
840	2.82663
850	2.99329
860	3.15996
870	3.32663
880	3.49329
890	3.65996
900	3.82663
910	3.99329
920	4.15996
930	4.32663
940	4.56176
950	4.72843
960	4.8951
970	5.06176
980	5.22843
990	5.3951
1000	5.56176
1010	5.72843
1020	5.8951
1030	6.06176
1040	6.22843
1050	6.3951
1060	6.56176
1070	6.72843
1080	6.8951
1090	7.06176
43
670	0.160342
680	0.327009
690	0.493676
700	0.660342
710	0.827009
720	0.993676
730	1.16034
740	1.32701
750	1.49368
760	1.66034
770	1.82701
780	1.99368
790	2.16034
800	2.32701
810	2.49368
820	2.66034
830	2.82701
840	2.99368
850	3.16034
860	3.32701
870	3.49368
880	3.66034
890	3.82701
900	3.99368
910	4.16034
920	4.32701
930	4.49368
940	4.66034
950	4.82701
960	4.99368
970	5.16034
980	5.32701
990	5.49368
1000	5.66034
1010	5.82701
1020	5.99368
1030	6.16034
1040	6.32701
1050	6.49368
1060	6.66034
1070	6.82701
1080	6.99368
1090	7.16034
44
660	0.160724
670	0.327391
680	0.494058
690	0.660724
700	0.827391
710	0.994058
720	1.16072
730	1.32739
740	1.49406
750	1.66072
760	1.82739
770	1.99406
780	2.16072
790	2.32739
800	2.49406
810	2.66072
820	2.82739
830	2.99406
840	3.16072
850	3.32739
860	3.49406
870	3.66072
880	3.82739
890	3.99406
900	4.16072
910	4.64691
920	4.81358
930	4.98024
940	5.14691
950	5.31358
960	5.48024
970	5.64691
980	5.81358
990	5.98024
1000	6.14691
1010	6.31358
1020	6.48024
1030	6.64691
1040	6.81358
1050	6.98024
1060	7.14691
1070	7.31358
1080	7.48024
1090	7.64691
45
650	0.161106
660	0.327773
670	0.494439
680	0.661106
690	0.827773
700	0.994439
710	1.16111
720	1.32777
730	1.49444
740	1.66111
750	1.82777
760	1.99444
770	2.16111
780	2.32777
790	2.49444
800	2.66111
810	2.82777
820	2.99444
830	3.16111
840	3.32777
850	3.49444
860	3.66111
870	3.82777
880	3.99444
890	4.16111
900	4.556
910	4.72267
920	4.88933
930	5.056
940	5.22267
950	5.38933
960	5.556
970	5.72267
980	5.88933
990	6.056
1000	6.22267
1010	6.38933
1020	6.556
1030	6.72267
1040	6.88933
1050	7.056
1060	7.22267
1070	7.38933
1080	7.556
1090	7.72267
46
640	0.161488
650	0.328155
660	0.494821
670	0.661488
680	0.828155
690	0.994821
700	1.16149
710	1.32815
720	1.49482
730	1.66149
740	1.82815
750	1.99482
760	2.16149
770	2.32815
780	2.49482
790	2.66149
800	2.82815
810	2.99482
820	3.16149
830	3.32815
840	3.49482
850	3.66149
860	3.82815
870	3.99482
880	4.16149
890	4.32815
900	4.63176
910	4.79842
920	4.96509
930	5.13176
940	5.29842
950	5.46509
960	5.63176
970	5.79842
980	5.96509
990	6.13176
1000	6.29842
1010	6.46509
1020	6.63176
1030	6.79842
1040	6.96509
1050	7.13176
1060	7.29842
1070	7.46509
1080	7.63176
1090	7.79842
47
630	0.16187
640	0.328536
650	0.495203
660	0.66187
670	0.828536
680	0.995203
690	1.16187
700	1.32854
710	1.4952
720	1.66187
730	1.82854
740	1.9952
750	2.16187
760	2.32854
770	2.4952
780	2.66187
790	2.82854
800	2.9952
810	3.16187
820	3.32854
830	3.4952
840	3.66187
850	3.82854
860	3.9952
870	4.16187
880	4.32854
890	4.4952
900	4.70752
910	4.87418
920	5.04085
930	5.20752
940	5.37418
950	5.54085
960	5.70752
970	5.87418
980	6.04085
990	6.20752
1000	6.37418
1010	6.54085
1020	6.70752
1030	6.87418
1040	7.04085
1050	7.20752
1060	7.37418
1070	7.54085
1080	7.70752
1090	7.87418
48
620	0.162252
630	0.328918
640	0.495585
650	0.662252
660	0.828918
670	0.995585
680	1.16225
690	1.32892
700	1.49558
710	1.66225
720	1.82892
730	1.99558
740	2.16225
750	2.32892
760	2.49558
770	2.66225
780	2.82892
790	2.99558
800	3.16225
810	3.32892
820	3.49558
830	3.66225
840	3.82892
850	3.99558
860	4.16225
870	4.32892
880	4.56405
890	4.73072
900	4.89739
910	5.06405
920	5.23072
930	5.39739
940	5.56405
950	5.73072
960	5.89739
970	6.06405
980	6.23072
990	6.39739
1000	6.56405
1010	6.73072
1020	6.89739
1030	7.06405
1040	7.23072
1050	7.39739
1060	7.56405
1070	7.73072
1080	7.89739
1090	8.06405
49
610	0.162633
620	0.3293
630	0.495967
640	0.662633
650	0.8293
660	0.995967
670	1.16263
680	1.3293
690	1.49597
700	1.66263
710	1.8293
720	1.99597
730	2.16263
740	2.3293
750	2.49597
760	2.66263
770	2.8293
780	2.99597
790	3.16263
800	3.3293
810	3.49597
820	3.66263
830	3.8293
840	3.99597
850	4.16263
860	4.3293
870	4.49597
880	4.66263
890	4.8293
900	4.99597
910	5.16263
920	5.3293
930	5.49597
940	5.66263
950	5.8293
960	5.99597
970	6.16263
980	6.3293
990	6.49597
1000	6.66263
1010	6.8293
1020	6.99597
1030	7.16263
1040	7.3293
1050	7.49597
1060	7.66263
1070	7.8293
1080	7.99597
1090	8.16263
50
600	0.163015
610	0.329682
620	0.496349
630	0.663015
640	0.829682
650	0.996349
660	1.16302
670	1.32968
680	1.49635
690	1.66302
700	1.82968
710	1.99635
720	2.16302
730	2.32968
740	2.49635
750	2.66302
760	2.82968
770	2.99635
780	3.16302
790	3.32968
800	3.49635
810	3.66302
820	3.82968
830	3.99635
840	4.16302
850	4.32968
860	4.56482
870	4.73148
880	4.89815
890	5.06482
900	5.23148
910	5.39815
920	5.56482
930	5.73148
940	5.89815
950	6.06482
960	6.23148
970	6.39815
980	6.56482
990	6.73148
1000	6.89815
1010	7.06482
1020	7.23148
1030	7.39815
1040	7.56482
1050	7.73148
1060	7.89815
1070	8.06482
1080	8.23148
1090	8.39815
51
590	0.163397
600	0.330064
610	0.49673
620	0.663397
630	0.830064
640	0.99673
650	1.1634
660	1.33006
670	1.49673
680	1.6634
690	1.83006
700	1.99673
710	2.1634
720	2.33006
730	2.49673
740	2.6634
750	2.83006
760	2.99673
770	3.1634
780	3.33006
790	3.49673
800	3.6634
810	3.83006
820	3.99673
830	4.1634
840	4.33006
850	4.49673
860	4.6634
870	4.83006
880	4.99673
890	5.1634
900	5.33006
910	5.49673
920	5.6634
930	5.83006
940	5.99673
950	6.1634
960	6.33006
970	6.49673
980	6.6634
990	6.83006
1000	6.99673
1010	7.1634
1020	7.33006
1030	7.49673
1040	7.6634
1050	7.83006
1060	7.99673
1070	8.1634
1080	8.33006
1090	8.49673
52
580	0.163779
590	0.330446
600	0.497112
610	0.663779
620	0.830446
630	0.997112
640	1.16378
650	1.33045
660	1.49711
670	1.66378
680	1.83045
690	1.99711
700	2.16378
710	2.33045
720	2.49711
730	2.66378
740	2.83045
750	2.99711
760	3.16378
770	3.33045
780	3.49711
790	3.66378
800	3.83045
810	3.99711
820	4.16378
830	4.33045
840	4.49711
850	4.66378
860	4.83045
870	4.99711
880	5.16378
890	5.33045
900	5.49711
910	5.66378
920	5.83045
930	5.99711
940	6.16378
950	6.33045
960	6.49711
970	6.66378
980	6.83045
990	6.99711
1000	7.16378
1010	7.33045
1020	7.49711
1030	7.66378
1040	7.83045
1050	7.99711
1060	8.16378
1070	8.33045
1080	8.49711
1090	8.66378
53
570	0.164161
580	0.330827
590	0.497494
600	0.664161
610	0.830827
620	0.997494
630	1.16416
640	1.33083
650	1.49749
660	1.66416
670	1.83083
680	1.99749
690	2.16416
700	2.33083
710	2.49749
720	2.66416
730	2.83083
740	2.99749
750	3.16416
760	3.33083
770	3.49749
780	3.66416
790	3.83083
800	3.99749
810	4.16416
820	4.33083
830	4.49749
840	4.66416
850	4.83083
860	4.99749
870	5.16416
880	5.33083
890	5.49749
900	5.66416
910	5.83083
920	5.99749
930	6.16416
940	6.33083
950	6.49749
960	6.66416
970	6.83083
980	6.99749
990	7.16416
1000	7.33083
1010	7.49749
1020	7.66416
1030	7.83083
1040	7.99749
1050	8.16416
1060	8.33083
1070	8.49749
1080	8.66416
1090	8.83083
54
560	0.164542
570	0.331209
580	0.497876
590	0.664542
600	0.831209
610	0.997876
620	1.16454
630	1.33121
640	1.49788
650	1.66454
660	1.83121
670	1.99788
680	2.16454
690	2.33121
700	2.49788
710	2.66454
720	2.83121
730	2.99788
740	3.16454
750	3.33121
760	3.49788
770	3.66454
780	3.83121
790	3.99788
800	4.16454
810	4.33121
820	4.49788
830	4.71019
840	4.87685
850	5.04352
860	5.21019
870	5.37685
880	5.54352
890	5.71019
900	5.87685
910	6.04352
920	6.21019
930	6.37685
940	6.54352
950	6.71019
960	6.87685
970	7.04352
980	7.21019
990	7.37685
1000	7.54352
1010	7.71019
1020	7.87685
1030	8.04352
1040	8.21019
1050	8.37685
1060	8.54352
1070	8.71019
1080	8.87685
1090	9.04352
55
550	0.164924
560	0.331591
570	0.498258
580	0.664924
590	0.831591
600	0.998258
610	1.16492
620	1.33159
630	1.49826
640	1.66492
650	1.83159
660	1.99826
670	2.16492
680	2.33159
690	2.49826
700	2.66492
710	2.83159
720	2.99826
730	3.16492
740	3.33159
750	3.49826
760	3.66492
770	3.83159
780	3.99826
790	4.16492
800	4.33159
810	4.49826
820	4.71057
830	4.87724
840	5.0439
850	5.21057
860	5.37724
870	5.5439
880	5.71057
890	5.87724
900	6.0439
910	6.21057
920	6.37724
930	6.5439
940	6.71057
950	6.87724
960	7.0439
970	7.21057
980	7.37724
990	7.5439
1000	7.71057
1010	7.87724
1020	8.0439
1030	8.21057
1040	8.37724
1050	8.5439
1060	8.71057
1070	8.87724
1080	9.0439
1090	9.21057
56
540	0.165306
550	0.331973
560	0.498639
570	0.665306
580	0.831973
590	0.998639
600	1.16531
610	1.33197
620	1.49864
630	1.66531
640	1.83197
650	1.99864
660	2.16531
670	2.33197
680	2.49864
690	2.66531
700	2.83197
710	2.99864
720	3.16531
730	3.33197
740	3.49864
750	3.66531
760	3.83197
770	3.99864
780	4.16531
790	4.33197
800	4.49864
810	4.68813
820	4.8548
830	5.02146
840	5.18813
850	5.3548
860	5.52146
870	5.68813
880	5.8548
890	6.02146
900	6.18813
910	6.3548
920	6.52146
930	6.68813
940	6.8548
950	7.02146
960	7.18813
970	7.3548
980	7.52146
990	7.68813
1000	7.8548
1010	8.02146
1020	8.18813
1030	8.3548
1040	8.52146
1050	8.68813
1060	8.8548
1070	9.02146
1080	9.18813
1090	9.3548
57
530	0.165688
540	0.332355
550	0.499021
560	0.665688
570	0.832355
580	0.999021
590	1.16569
600	1.33235
610	1.49902
620	1.66569
630	1.83235
640	1.99902
650	2.16569
660	2.33235
670	2.49902
680	2.66569
690	2.83235
700	2.99902
710	3.16569
720	3.33235
730	3.49902
740	3.66569
750	3.83235
760	3.99902
770	4.16569
780	4.33235
790	4.63596
800	4.80262
810	4.96929
820	5.13596
830	5.30262
840	5.46929
850	5.63596
860	5.80262
870	5.96929
880	6.13596
890	6.30262
900	6.46929
910	6.63596
920	6.80262
930	6.96929
940	7.13596
950	7.30262
960	7.46929
970	7.63596
980	7.80262
990	7.96929
1000	8.13596
1010	8.30262
1020	8.46929
1030	8.63596
1040	8.80262
1050	8.96929
1060	9.13596
1070	9.30262
1080	9.46929
1090	9.63596
58
520	0.16607
530	0.332736
540	0.499403
550	0.66607
560	0.832736
570	0.999403
580	1.16607
590	1.33274
600	1.4994
610	1.66607
620	1.83274
630	1.9994
640	2.16607
650	2.33274
660	2.4994
670	2.66607
680	2.83274
690	2.9994
700	3.16607
710	3.33274
720	3.4994
730	3.66607
740	3.83274
750	3.9994
760	4.16607
770	4.33274
780	4.4994
790	4.71172
800	4.87838
810	5.04505
820	5.21172
830	5.37838
840	5.54505
850	5.71172
860	5.87838
870	6.04505
880	6.21172
890	6.37838
900	6.54505
910	6.71172
920	6.87838
930	7.04505
940	7.21172
950	7.37838
960	7.54505
970	7.71172
980	7.87838
990	8.04505
1000	8.21172
1010	8.37838
1020	8.54505
1030	8.71172
1040	8.87838
1050	9.04505
1060	9.21172
1070	9.37838
1080	9.54505
1090	9.71172
59
510	0.166452
520	0.333118
530	0.499785
540	0.666452
550	0.833118
560	0.999785
570	1.16645
580	1.33312
590	1.49978
600	1.66645
610	1.83312
620	1.99978
630	2.16645
640	2.33312
650	2.49978
660	2.66645
670	2.83312
680	2.99978
690	3.16645
700	3.33312
710	3.49978
720	3.66645
730	3.83312
740	3.99978
750	4.16645
760	4.33312
770	4.54543
780	4.7121
790	4.87876
800	5.04543
810	5.2121
820	5.37876
830	5.54543
840	5.7121
850	5.87876
860	6.04543
870	6.2121
880	6.37876
890	6.54543
900	6.7121
910	6.87876
920	7.04543
930	7.2121
940	7.37876
950	7.54543
960	7.7121
970	7.87876
980	8.04543
990	8.2121
1000	8.37876
1010	8.54543
1020	8.7121
1030	8.87876
1040	9.04543
1050	9.2121
1060	9.37876
1070	9.54543
1080	9.7121
1090	9.87876
60
500	0.125071
510	0.291738
520	0.458405
530	0.625071
540	0.791738
550	0.958405
560	1.12507
570	1.29174
580	1.4584
590	1.62507
600	1.79174
610	1.9584
620	2.12507
630	2.29174
640	2.4584
650	2.62507
660	2.79174
670	2.9584
680	3.12507
690	3.29174
700	3.4584
710	3.62507
720	3.79174
730	3.9584
740	4.12507
750	4.29174
760	4.57252
770	4.73918
780	4.90585
790	5.07252
800	5.23918
810	5.40585
820	5.57252
830	5.73918
840	5.90585
850	6.07252
860	6.23918
870	6.40585
880	6.57252
890	6.73918
900	6.90585
910	7.07252
920	7.23918
930	7.40585
940	7.57252
950	7.73918
960	7.90585
970	8.07252
980	8.23918
990	8.40585
1000	8.57252
1010	8.73918
1020	8.90585
1030	9.07252
1040	9.23918
1050	9.40585
1060	9.57252
1070	9.73918
1080	9.90585
1090	10.0725
61
490	0.125453
500	0.29212
510	0.458786
520	0.625453
530	0.79212
540	0.958786
550	1.12545
560	1.29212
570	1.45879
580	1.62545
590	1.79212
600	1.95879
610	2.12545
620	2.29212
630	2.45879
640	2.62545
650	2.79212
660	2.95879
670	3.12545
680	3.29212
690	3.45879
700	3.62545
710	3.79212
720	3.95879
730	4.12545
740	4.29212
750	4.45879
760	4.64828
770	4.81494
780	4.98161
790	5.14828
800	5.31494
810	5.48161
820	5.64828
830	5.81494
840	5.98161
850	6.14828
860	6.31494
870	6.48161
880	6.64828
890	6.81494
900	6.98161
910	7.14828
920	7.31494
930	7.48161
940	7.64828
950	7.81494
960	7.98161
970	8.14828
980	8.31494
990	8.48161
1000	8.64828
1010	8.81494
1020	8.98161
1030	9.14828
1040	9.31494
1050	9.48161
1060	9.64828
1070	9.81494
1080	9.98161
1090	10.1483
62
480	0.125835
490	0.292502
500	0.459168
510	0.625835
520	0.792502
530	0.959168
540	1.12583
550	1.2925
560	1.45917
570	1.62583
580	1.7925
590	1.95917
600	2.12583
610	2.2925
620	2.45917
630	2.62583
640	2.7925
650	2.95917
660	3.12583
670	3.2925
680	3.45917
690	3.62583
700	3.7925
710	3.95917
720	4.12583
730	4.2925
740	4.55046
750	4.71713
760	4.88379
770	5.05046
780	5.21713
790	5.38379
800	5.55046
810	5.71713
820	5.88379
830	6.05046
840	6.21713
850	6.38379
860	6.55046
870	6.71713
880	6.88379
890	7.05046
900	7.21713
910	7.38379
920	7.55046
930	7.71713
940	7.88379
950	8.05046
960	8.21713
970	8.38379
980	8.55046
990	8.71713
1000	8.88379
1010	9.05046
1020	9.21713
1030	9.38379
1040	9.55046
1050	9.71713
1060	9.88379
1070	10.0505
1080	10.2171
1090	10.3838
63
470	0.126217
480	0.292883
490	0.45955
500	0.626217
510	0.792883
520	0.95955
530	1.12622
540	1.29288
550	1.45955
560	1.62622
570	1.79288
580	1.95955
590	2.12622
600	2.29288
610	2.45955
620	2.62622
630	2.79288
640	2.95955
650	3.12622
660	3.29288
670	3.45955
680	3.62622
690	3.79288
700	3.95955
710	4.12622
720	4.29288
730	4.45955
740	4.62622
750	4.79288
760	4.95955
770	5.12622
780	5.29288
790	5.45955
800	5.62622
810	5.79288
820	5.95955
830	6.12622
840	6.29288
850	6.45955
860	6.62622
870	6.79288
880	6.95955
890	7.12622
900	7.29288
910	7.45955
920	7.62622
930	7.79288
940	7.95955
950	8.12622
960	8.29288
970	8.45955
980	8.62622
990	8.79288
1000	8.95955
1010	9.12622
1020	9.29288
1030	9.45955
1040	9.62622
1050	9.79288
1060	9.95955
1070	10.1262
1080	10.2929
1090	10.4596
64
460	0.149065
470	0.315731
480	0.482398
490	0.649065
500	0.815731
510	0.982398
520	1.14906
530	1.31573
540	1.4824
550	1.64906
560	1.81573
570	1.9824
580	2.14906
590	2.31573
600	2.4824
610	2.64906
620	2.81573
630	2.9824
640	3.14906
650	3.31573
660	3.4824
670	3.64906
680	3.81573
690	3.9824
700	4.14906
710	4.31573
720	4.4824
730	4.64906
740	4.81573
750	4.9824
760	5.14906
770	5.31573
780	5.4824
790	5.64906
800	5.81573
810	5.9824
820	6.14906
830	6.31573
840	6.4824
850	6.64906
860	6.81573
870	6.9824
880	7.14906
890	7.31573
900	7.4824
910	7.64906
920	7.81573
930	7.9824
940	8.14906
950	8.31573
960	8.4824
970	8.64906
980	8.81573
990	8.9824
1000	9.14906
1010	9.31573
1020	9.4824
1030	9.64906
1040	9.81573
1050	9.9824
1060	10.1491
1070	10.3157
1080	10.4824
1090	10.6491
65
450	0.148176
460	0.314842
470	0.481509
480	0.648176
490	0.814842
500	0.981509
510	1.14818
520	1.31484
530	1.48151
540	1.64818
550	1.81484
560	1.98151
570	2.14818
580	2.31484
590	2.48151
600	2.64818
610	2.81484
620	2.98151
630	3.14818
640	3.31484
650	3.48151
660	3.64818
670	3.81484
680	3.98151
690	4.14818
700	4.31484
710	4.48151
720	4.64818
730	4.81484
740	4.98151
750	5.14818
760	5.31484
770	5.48151
780	5.64818
790	5.81484
800	5.98151
810	6.14818
820	6.31484
830	6.48151
840	6.64818
850	6.81484
860	6.98151
870	7.14818
880	7.31484
890	7.48151
900	7.64818
910	7.81484
920	7.98151
930	8.14818
940	8.31484
950	8.48151
960	8.64818
970	8.81484
980	8.98151
990	9.14818
1000	9.31484
1010	9.48151
1020	9.64818
1030	9.81484
1040	9.98151
1050	10.1482
1060	10.3148
1070	10.4815
1080	10.6482
1090	10.8148
66
440	0.163994
450	0.330661
460	0.497327
470	0.663994
480	0.830661
490	0.997327
500	1.16399
510	1.33066
520	1.49733
530	1.66399
540	1.83066
550	1.99733
560	2.16399
570	2.33066
580	2.49733
590	2.66399
600	2.83066
610	2.99733
620	3.16399
630	3.33066
640	3.49733
650	3.66399
660	3.83066
670	3.99733
680	4.16399
690	4.55889
700	4.72555
710	4.89222
720	5.05889
730	5.22555
740	5.39222
750	5.55889
760	5.72555
770	5.89222
780	6.05889
790	6.22555
800	6.39222
810	6.55889
820	6.72555
830	6.89222
840	7.05889
850	7.22555
860	7.39222
870	7.55889
880	7.72555
890	7.89222
900	8.05889
910	8.22555
920	8.39222
930	8.55889
940	8.72555
950	8.89222
960	9.05889
970	9.22555
980	9.39222
990	9.55889
1000	9.72555
1010	9.89222
1020	10.0589
1030	10.2256
1040	10.3922
1050	10.5589
1060	10.7256
1070	10.8922
1080	11.0589
1090	11.2256
67
430	0.164376
440	0.331042
450	0.497709
460	0.664376
470	0.831042
480	0.997709
490	1.16438
500	1.33104
510	1.49771
520	1.66438
530	1.83104
540	1.99771
550	2.16438
560	2.33104
570	2.49771
580	2.66438
590	2.83104
600	2.99771
610	3.16438
620	3.33104
630	3.49771
640	3.66438
650	3.83104
660	3.99771
670	4.16438
680	4.33104
690	4.63465
700	4.80131
710	4.96798
720	5.13465
730	5.30131
740	5.46798
750	5.63465
760	5.80131
770	5.96798
780	6.13465
790	6.30131
800	6.46798
810	6.63465
820	6.80131
830	6.96798
840	7.13465
850	7.30131
860	7.46798
870	7.63465
880	7.80131
890	7.96798
900	8.13465
910	8.30131
920	8.46798
930	8.63465
940	8.80131
950	8.96798
960	9.13465
970	9.30131
980	9.46798
990	9.63465
1000	9.80131
1010	9.96798
1020	10.1346
1030	10.3013
1040	10.468
1050	10.6346
1060	10.8013
1070	10.968
1080	11.1346
1090	11.3013
68
420	0.164758
430	0.331424
440	0.498091
450	0.664758
460	0.831424
470	0.998091
480	1.16476
490	1.33142
500	1.49809
510	1.66476
520	1.83142
530	1.99809
540	2.16476
550	2.33142
560	2.49809
570	2.66476
580	2.83142
590	2.99809
600	3.16476
610	3.33142
620	3.49809
630	3.66476
640	3.83142
650	3.99809
660	4.16476
670	4.33142
680	4.49809
690	4.7104
700	4.87707
710	5.04374
720	5.2104
730	5.37707
740	5.54374
750	5.7104
760	5.87707
770	6.04374
780	6.2104
790	6.37707
800	6.54374
810	6.7104
820	6.87707
830	7.04374
840	7.2104
850	7.37707
860	7.54374
870	7.7104
880	7.87707
890	8.04374
900	8.2104
910	8.37707
920	8.54374
930	8.7104
940	8.87707
950	9.04374
960	9.2104
970	9.37707
980	9.54374
990	9.7104
1000	9.87707
1010	10.0437
1020	10.2104
1030	10.3771
1040	10.5437
1050	10.7104
1060	10.8771
1070	11.0437
1080	11.2104
1090	11.3771
69
410	0.165139
420	0.331806
430	0.498473
440	0.665139
450	0.831806
460	0.998473
470	1.16514
480	1.33181
490	1.49847
500	1.66514
510	1.83181
520	1.99847
530	2.16514
540	2.33181
550	2.49847
560	2.66514
570	2.83181
580	2.99847
590	3.16514
600	3.33181
610	3.49847
620	3.66514
630	3.83181
640	3.99847
650	4.16514
660	4.33181
670	4.49847
680	4.66514
690	4.83181
700	4.99847
710	5.16514
720	5.33181
730	5.49847
740	5.66514
750	5.83181
760	5.99847
770	6.16514
780	6.33181
790	6.49847
800	6.66514
810	6.83181
820	6.99847
830	7.16514
840	7.33181
850	7.49847
860	7.66514
870	7.83181
880	7.99847
890	8.16514
900	8.33181
910	8.49847
920	8.66514
930	8.83181
940	8.99847
950	9.16514
960	9.33181
970	9.49847
980	9.66514
990	9.83181
1000	9.99847
1010	10.1651
1020	10.3318
1030	10.4985
1040	10.6651
1050	10.8318
1060	10.9985
1070	11.1651
1080	11.3318
1090	11.4985
70
400	0.165521
410	0.332188
420	0.498855
430	0.665521
440	0.832188
450	0.998855
460	1.16552
470	1.33219
480	1.49885
490	1.66552
500	1.83219
510	1.99885
520	2.16552
530	2.33219
540	2.49885
550	2.66552
560	2.83219
570	2.99885
580	3.16552
590	3.33219
600	3.49885
610	3.66552
620	3.83219
630	3.99885
640	4.16552
650	4.33219
660	4.49885
670	4.66552
680	4.83219
690	4.99885
700	5.16552
710	5.33219
720	5.49885
730	5.66552
740	5.83219
750	5.99885
760	6.16552
770	6.33219
780	6.49885
790	6.66552
800	6.83219
810	6.99885
820	7.16552
830	7.33219
840	7.49885
850	7.66552
860	7.83219
870	7.99885
880	8.16552
890	8.33219
900	8.49885
910	8.66552
920	8.83219
930	8.99885
940	9.16552
950	9.33219
960	9.49885
970	9.66552
980	9.83219
990	9.99885
1000	10.1655
1010	10.3322
1020	10.4989
1030	10.6655
1040	10.8322
1050	10.9989
1060	11.1655
1070	11.3322
1080	11.4989
1090	11.6655
71
390	0.165903
400	0.33257
410	0.499236
420	0.665903
430	0.83257
440	0.999236
450	1.1659
460	1.33257
470	1.49924
480	1.6659
490	1.83257
500	1.99924
510	2.1659
520	2.33257
530	2.49924
540	2.6659
550	2.83257
560	2.99924
570	3.1659
580	3.33257
590	3.49924
600	3.6659
610	3.83257
620	3.99924
630	4.1659
640	4.33257
650	4.59053
660	4.75719
670	4.92386
680	5.09053
690	5.25719
700	5.42386
710	5.59053
720	5.75719
730	5.92386
740	6.09053
750	6.25719
760	6.42386
770	6.59053
780	6.75719
790	6.92386
800	7.09053
810	7.25719
820	7.42386
830	7.59053
840	7.75719
850	7.92386
860	8.09053
870	8.25719
880	8.42386
890	8.59053
900	8.75719
910	8.92386
920	9.09053
930	9.25719
940	9.42386
950	9.59053
960	9.75719
970	9.92386
980	10.0905
990	10.2572
1000	10.4239
1010	10.5905
1020	10.7572
1030	10.9239
1040	11.0905
1050	11.2572
1060	11.4239
1070	11.5905
1080	11.7572
1090	11.9239
72
380	0.166285
390	0.332952
400	0.499618
410	0.666285
420	0.832952
430	0.999618
440	1.16628
450	1.33295
460	1.49962
470	1.66628
480	1.83295
490	1.99962
500	2.16628
510	2.33295
520	2.49962
530	2.66628
540	2.83295
550	2.99962
560	3.16628
570	3.33295
580	3.49962
590	3.66628
600	3.83295
610	3.99962
620	4.16628
630	4.33295
640	4.49962
650	4.66628
660	4.83295
670	4.99962
680	5.16628
690	5.33295
700	5.49962
710	5.66628
720	5.83295
730	5.99962
740	6.16628
750	6.33295
760	6.49962
770	6.66628
780	6.83295
790	6.99962
800	7.16628
810	7.33295
820	7.49962
830	7.66628
840	7.83295
850	7.99962
860	8.16628
870	8.33295
880	8.49962
890	8.66628
900	8.83295
910	8.99962
920	9.16628
930	9.33295
940	9.49962
950	9.66628
960	9.83295
970	9.99962
980	10.1663
990	10.333
1000	10.4996
1010	10.6663
1020	10.833
1030	10.9996
1040	11.1663
1050	11.333
1060	11.4996
1070	11.6663
1080	11.833
1090	11.9996
73
370	0.124905
380	0.291571
390	0.458238
400	0.624905
410	0.791571
420	0.958238
430	1.1249
440	1.29157
450	1.45824
460	1.6249
470	1.79157
480	1.95824
490	2.1249
500	2.29157
510	2.45824
520	2.6249
530	2.79157
540	2.95824
550	3.1249
560	3.29157
570	3.45824
580	3.6249
590	3.79157
600	3.95824
610	4.1249
620	4.29157
630	4.59517
640	4.76184
650	4.92851
660	5.09517
670	5.26184
680	5.42851
690	5.59517
700	5.76184
710	5.92851
720	6.09517
730	6.26184
740	6.42851
750	6.59517
760	6.76184
770	6.92851
780	7.09517
790	7.26184
800	7.42851
810	7.59517
820	7.76184
830	7.92851
840	8.09517
850	8.26184
860	8.42851
870	8.59517
880	8.76184
890	8.92851
900	9.09517
910	9.26184
920	9.42851
930	9.59517
940	9.76184
950	9.92851
960	10.0952
970	10.2618
980	10.4285
990	10.5952
1000	10.7618
1010	10.9285
1020	11.0952
1030	11.2618
1040	11.4285
1050	11.5952
1060	11.7618
1070	11.9285
1080	12.0952
1090	12.2618
74
360	0
370	0.166667
380	0.333333
390	0.5
400	0.666667
410	0.833333
420	1
430	1.16667
440	1.33333
450	1.5
460	1.66667
470	1.83333
480	2
490	2.16667
500	2.33333
510	2.5
520	2.66667
530	2.83333
540	3
550	3.16667
560	3.33333
570	3.5
580	3.66667
590	3.83333
600	4
610	4.16667
620	4.33333
630	4.61411
640	4.78078
650	4.94745
660	5.11411
670	5.28078
680	5.44745
690	5.61411
700	5.78078
710	5.94745
720	6.11411
730	6.28078
740	6.44745
750	6.61411
760	6.78078
770	6.94745
780	7.11411
790	7.28078
800	7.44745
810	7.61411
820	7.78078
830	7.94745
840	8.11411
850	8.28078
860	8.44745
870	8.61411
880	8.78078
890	8.94745
900	9.11411
910	9.28078
920	9.44745
930	9.61411
940	9.78078
950	9.94745
960	10.1141
970	10.2808
980	10.4474
990	10.6141
1000	10.7808
1010	10.9474
1020	11.1141
1030	11.2808
1040	11.4474
1050	11.6141
1060	11.7808
1070	11.9474
1080	12.1141
1090	12.2808
74
360	0.0835242
370	0.250191
380	0.416858
390	0.583524
400	0.750191
410	0.916858
420	1.08352
430	1.25019
440	1.41686
450	1.58352
460	1.75019
470	1.91686
480	2.08352
490	2.25019
500	2.41686
510	2.58352
520	2.75019
530	2.91686
540	3.08352
550	3.25019
560	3.41686
570	3.58352
580	3.75019
590	3.91686
600	4.08352
610	4.25019
620	4.41686
630	4.67482
640	4.84148
650	5.00815
660	5.17482
670	5.34148
680	5.50815
690	5.67482
700	5.84148
710	6.00815
720	6.17482
730	6.34148
740	6.50815
750	6.67482
760	6.84148
770	7.00815
780	7.17482
790	7.34148
800	7.50815
810	7.67482
820	7.84148
830	8.00815
840	8.17482
850	8.34148
860	8.50815
870	8.67482
880	8.84148
890	9.00815
900	9.17482
910	9.34148
920	9.50815
930	9.67482
940	9.84148
950	10.0081
960	10.1748
970	10.3415
980	10.5081
990	10.6748
1000	10.8415
1010	11.0081
1020	11.1748
1030	11.3415
1040	11.5081
1050	11.6748
1060	11.8415
1070	12.0081
1080	12.1748
1090	12.3415
74
360	0.167048
370	0.333715
380	0.500382
390	0.667048
400	0.833715
410	1.00038
420	1.16705
430	1.33372
440	1.50038
450	1.66705
460	1.83372
470	2.00038
480	2.16705
490	2.33372
500	2.50038
510	2.66705
520	2.83372
530	3.00038
540	3.16705
550	3.33372
560	3.50038
570	3.66705
580	3.83372
590	4.00038
600	4.16705
610	4.33372
620	4.50038
630	4.71269
640	4.87936
650	5.04603
660	5.21269
670	5.37936
680	5.54603
690	5.71269
700	5.87936
710	6.04603
720	6.21269
730	6.37936
740	6.54603
750	6.71269
760	6.87936
770	7.04603
780	7.21269
790	7.37936
800	7.54603
810	7.71269
820	7.87936
830	8.04603
840	8.21269
850	8.37936
860	8.54603
870	8.71269
880	8.87936
890	9.04603
900	9.21269
910	9.37936
920	9.54603
930	9.71269
940	9.87936
950	10.046
960	10.2127
970	10.3794
980	10.546
990	10.7127
1000	10.8794
1010	11.046
1020	11.2127
1030	11.3794
1040	11.546
1050	11.7127
1060	11.8794
1070	12.046
1080	12.2127
1090	12.3794
74
360	0.250573
370	0.417239
380	0.583906
390	0.750573
400	0.917239
410	1.08391
420	1.25057
430	1.41724
440	1.58391
450	1.75057
460	1.91724
470	2.08391
480	2.25057
490	2.41724
500	2.58391
510	2.75057
520	2.91724
530	3.08391
540	3.25057
550	3.41724
560	3.58391
570	3.75057
580	3.91724
590	4.08391
600	4.25057
610	4.41724
620	4.58391
630	4.75057
640	4.91724
650	5.08391
660	5.25057
670	5.41724
680	5.58391
690	5.75057
700	5.91724
710	6.08391
720	6.25057
730	6.41724
740	6.58391
750	6.75057
760	6.91724
770	7.08391
780	7.25057
790	7.41724
800	7.58391
810	7.75057
820	7.91724
830	8.08391
840	8.25057
850	8.41724
860	8.58391
870	8.75057
880	8.91724
890	9.08391
900	9.25057
910	9.41724
920	9.58391
930	9.75057
940	9.91724
950	10.0839
960	10.2506
970	10.4172
980	10.5839
990	10.7506
1000	10.9172
1010	11.0839
1020	11.2506
1030	11.4172
1040	11.5839
1050	11.7506
1060	11.9172
1070	12.0839
1080	12.2506
1090	12.4172
74
360	0.334097
370	0.500764
380	0.66743
390	0.834097
400	1.00076
410	1.16743
420	1.3341
430	1.50076
440	1.66743
450	1.8341
460	2.00076
470	2.16743
480	2.3341
490	2.50076
500	2.66743
510	2.8341
520	3.00076
530	3.16743
540	3.3341
550	3.50076
560	3.66743
570	3.8341
580	4.00076
590	4.16743
600	4.3341
610	4.50076
620	4.66743
630	4.8341
640	5.00076
650	5.16743
660	5.3341
670	5.50076
680	5.66743
690	5.8341
700	6.00076
710	6.16743
720	6.3341
730	6.50076
740	6.66743
750	6.8341
760	7.00076
770	7.16743
780	7.3341
790	7.50076
800	7.66743
810	7.8341
820	8.00076
830	8.16743
840	8.3341
850	8.50076
860	8.66743
870	8.8341
880	9.00076
890	9.16743
900	9.3341
910	9.50076
920	9.66743
930	9.8341
940	10.0008
950	10.1674
960	10.3341
970	10.5008
980	10.6674
990	10.8341
1000	11.0008
1010	11.1674
1020	11.3341
1030	11.5008
1040	11.6674
1050	11.8341
1060	12.0008
1070	12.1674
1080	12.3341
1090	12.5008
74
360	0.417621
370	0.584288
380	0.750955
390	0.917621
400	1.08429
410	1.25095
420	1.41762
430	1.58429
440	1.75095
450	1.91762
460	2.08429
470	2.25095
480	2.41762
490	2.58429
500	2.75095
510	2.91762
520	3.08429
530	3.25095
540	3.41762
550	3.58429
560	3.75095
570	3.91762
580	4.08429
590	4.25095
600	4.41762
610	4.60711
620	4.77378
630	4.94044
640	5.10711
650	5.27378
660	5.44044
670	5.60711
680	5.77378
690	5.94044
700	6.10711
710	6.27378
720	6.44044
730	6.60711
740	6.77378
750	6.94044
760	7.10711
770	7.27378
780	7.44044
790	7.60711
800	7.77378
810	7.94044
820	8.10711
830	8.27378
840	8.44044
850	8.60711
860	8.77378
870	8.94044
880	9.10711
890	9.27378
900	9.44044
910	9.60711
920	9.77378
930	9.94044
940	10.1071
950	10.2738
960	10.4404
970	10.6071
980	10.7738
990	10.9404
1000	11.1071
1010	11.2738
1020	11.4404
1030	11.6071
1040	11.7738
1050	11.9404
1060	12.1071
1070	12.2738
1080	12.4404
1090	12.6071
74
360	0.501145
370	0.667812
380	0.834479
390	1.00115
400	1.16781
410	1.33448
420	1.50115
430	1.66781
440	1.83448
450	2.00115
460	2.16781
470	2.33448
480	2.50115
490	2.66781
500	2.83448
510	3.00115
520	3.16781
530	3.33448
540	3.50115
550	3.66781
560	3.83448
570	4.00115
580	4.16781
590	4.33448
600	4.50115
610	4.71346
620	4.88012
630	5.04679
640	5.21346
650	5.38012
660	5.54679
670	5.71346
680	5.88012
690	6.04679
700	6.21346
710	6.38012
720	6.54679
730	6.71346
740	6.88012
750	7.04679
760	7.21346
770	7.38012
780	7.54679
790	7.71346
800	7.88012
810	8.04679
820	8.21346
830	8.38012
840	8.54679
850	8.71346
860	8.88012
870	9.04679
880	9.21346
890	9.38012
900	9.54679
910	9.71346
920	9.88012
930	10.0468
940	10.2135
950	10.3801
960	10.5468
970	10.7135
980	10.8801
990	11.0468
1000	11.2135
1010	11.3801
1020	11.5468
1030	11.7135
1040	11.8801
1050	12.0468
1060	12.2135
1070	12.3801
1080	12.5468
1090	12.7135
74
360	0.58467
370	0.751336
380	0.918003
390	1.08467
400	1.25134
410	1.418
420	1.58467
430	1.75134
440	1.918
450	2.08467
460	2.25134
470	2.418
480	2.58467
490	2.75134
500	2.918
510	3.08467
520	3.25134
530	3.418
540	3.58467
550	3.75134
560	3.918
570	4.08467
580	4.25134
590	4.418
600	4.58467
610	4.75134
620	4.918
630	5.08467
640	5.25134
650	5.418
660	5.58467
670	5.75134
680	5.918
690	6.08467
700	6.25134
710	6.418
720	6.58467
730	6.75134
740	6.918
750	7.08467
760	7.25134
770	7.418
780	7.58467
790	7.75134
800	7.918
810	8.08467
820	8.25134
830	8.418
840	8.58467
850	8.75134
860	8.918
870	9.08467
880	9.25134
890	9.418
900	9.58467
910	9.75134
920	9.918
930	10.0847
940	10.2513
950	10.418
960	10.5847
970	10.7513
980	10.918
990	11.0847
1000	11.2513
1010	11.418
1020	11.5847
1030	11.7513
1040	11.918
1050	12.0847
1060	12.2513
1070	12.418
1080	12.5847
1090	12.7513
74
360	0.668194
370	0.834861
380	1.00153
390	1.16819
400	1.33486
410	1.50153
420	1.66819
430	1.83486
440	2.00153
450	2.16819
460	2.33486
470	2.50153
480	2.66819
490	2.83486
500	3.00153
510	3.16819
520	3.33486
530	3.50153
540	3.66819
550	3.83486
560	4.00153
570	4.16819
580	4.33486
590	4.50153
600	4.69102
610	4.85768
620	5.02435
630	5.19102
640	5.35768
650	5.52435
660	5.69102
670	5.85768
680	6.02435
690	6.19102
700	6.35768
710	6.52435
720	6.69102
730	6.85768
740	7.02435
750	7.19102
760	7.35768
770	7.52435
780	7.69102
790	7.85768
800	8.02435
810	8.19102
820	8.35768
830	8.52435
840	8.69102
850	8.85768
860	9.02435
870	9.19102
880	9.35768
890	9.52435
900	9.69102
910	9.85768
920	10.0244
930	10.191
940	10.3577
950	10.5244
960	10.691
970	10.8577
980	11.0244
990	11.191
1000	11.3577
1010	11.5244
1020	11.691
1030	11.8577
1040	12.0244
1050	12.191
1060	12.3577
1070	12.5244
1080	12.691
1090	12.8577
74
360	0.751718
370	0.918385
380	1.08505
390	1.25172
400	1.41838
410	1.58505
420	1.75172
430	1.91838
440	2.08505
450	2.25172
460	2.41838
470	2.58505
480	2.75172
490	2.91838
500	3.08505
510	3.25172
520	3.41838
530	3.58505
540	3.75172
550	3.91838
560	4.08505
570	4.25172
580	4.41838
590	4.6307
600	4.79736
610	4.96403
620	5.1307
630	5.29736
640	5.46403
650	5.6307
660	5.79736
670	5.96403
680	6.1307
690	6.29736
700	6.46403
710	6.6307
720	6.79736
730	6.96403
740	7.1307
750	7.29736
760	7.46403
770	7.6307
780	7.79736
790	7.96403
800	8.1307
810	8.29736
820	8.46403
830	8.6307
840	8.79736
850	8.96403
860	9.1307
870	9.29736
880	9.46403
890	9.6307
900	9.79736
910	9.96403
920	10.1307
930	10.2974
940	10.464
950	10.6307
960	10.7974
970	10.964
980	11.1307
990	11.2974
1000	11.464
1010	11.6307
1020	11.7974
1030	11.964
1040	12.1307
1050	12.2974
1060	12.464
1070	12.6307
1080	12.7974
1090	12.964
74
360	0.835242
370	1.00191
380	1.16858
390	1.33524
400	1.50191
410	1.66858
420	1.83524
430	2.00191
440	2.16858
450	2.33524
460	2.50191
470	2.66858
480	2.83524
490	3.00191
500	3.16858
510	3.33524
520	3.50191
530	3.66858
540	3.83524
550	4.00191
560	4.16858
570	4.33524
580	4.50191
590	4.66858
600	4.83524
610	5.00191
620	5.16858
630	5.33524
640	5.50191
650	5.66858
660	5.83524
670	6.00191
680	6.16858
690	6.33524
700	6.50191
710	6.66858
720	6.83524
730	7.00191
740	7.16858
750	7.33524
760	7.50191
770	7.66858
780	7.83524
790	8.00191
800	8.16858
810	8.33524
820	8.50191
830	8.66858
840	8.83524
850	9.00191
860	9.16858
870	9.33524
880	9.50191
890	9.66858
900	9.83524
910	10.0019
920	10.1686
930	10.3352
940	10.5019
950	10.6686
960	10.8352
970	11.0019
980	11.1686
990	11.3352
1000	11.5019
1010	11.6686
1020	11.8352
1030	12.0019
1040	12.1686
1050	12.3352
1060	12.5019
1070	12.6686
1080	12.8352
1090	13.0019
74
360	0.918767
370	1.08543
380	1.2521
390	1.41877
400	1.58543
410	1.7521
420	1.91877
430	2.08543
440	2.2521
450	2.41877
460	2.58543
470	2.7521
480	2.91877
490	3.08543
500	3.2521
510	3.41877
520	3.58543
530	3.7521
540	3.91877
550	4.08543
560	4.2521
570	4.41877
580	4.67672
590	4.84339
600	5.01006
610	5.17672
620	5.34339
630	5.51006
640	5.67672
650	5.84339
660	6.01006
670	6.17672
680	6.34339
690	6.51006
700	6.67672
710	6.84339
720	7.01006
730	7.17672
740	7.34339
750	7.51006
760	7.67672
770	7.84339
780	8.01006
790	8.17672
800	8.34339
810	8.51006
820	8.67672
830	8.84339
840	9.01006
850	9.17672
860	9.34339
870	9.51006
880	9.67672
890	9.84339
900	10.0101
910	10.1767
920	10.3434
930	10.5101
940	10.6767
950	10.8434
960	11.0101
970	11.1767
980	11.3434
990	11.5101
1000	11.6767
1010	11.8434
1020	12.0101
1030	12.1767
1040	12.3434
1050	12.5101
1060	12.6767
1070	12.8434
1080	13.0101
1090	13.1767
74
360	1.00229
370	1.16896
380	1.33562
390	1.50229
400	1.66896
410	1.83562
420	2.00229
430	2.16896
440	2.33562
450	2.50229
460	2.66896
470	2.83562
480	3.00229
490	3.16896
500	3.33562
510	3.50229
520	3.66896
530	3.83562
540	4.00229
550	4.16896
560	4.33562
570	4.50229
580	4.7146
590	4.88127
600	5.04794
610	5.2146
620	5.38127
630	5.54794
640	5.7146
650	5.88127
660	6.04794
670	6.2146
680	6.38127
690	6.54794
700	6.7146
710	6.88127
720	7.04794
730	7.2146
740	7.38127
750	7.54794
760	7.7146
770	7.88127
780	8.04794
790	8.2146
800	8.38127
810	8.54794
820	8.7146
830	8.88127
840	9.04794
850	9.2146
860	9.38127
870	9.54794
880	9.7146
890	9.88127
900	10.0479
910	10.2146
920	10.3813
930	10.5479
940	10.7146
950	10.8813
960	11.0479
970	11.2146
980	11.3813
990	11.5479
1000	11.7146
1010	11.8813
1020	12.0479
1030	12.2146
1040	12.3813
1050	12.5479
1060	12.7146
1070	12.8813
1080	13.0479
1090	13.2146
74
360	1.08582
370	1.25248
380	1.41915
390	1.58582
400	1.75248
410	1.91915
420	2.08582
430	2.25248
440	2.41915
450	2.58582
460	2.75248
470	2.91915
480	3.08582
490	3.25248
500	3.41915
510	3.58582
520	3.75248
530	3.91915
540	4.08582
550	4.25248
560	4.41915
570	4.58582
580	4.75248
590	4.91915
600	5.08582
610	5.25248
620	5.41915
630	5.58582
640	5.75248
650	5.91915
660	6.08582
670	6.25248
680	6.41915
690	6.58582
700	6.75248
710	6.91915
720	7.08582
730	7.25248
740	7.41915
750	7.58582
760	7.75248
770	7.91915
780	8.08582
790	8.25248
800	8.41915
810	8.58582
820	8.75248
830	8.91915
840	9.08582
850	9.25248
860	9.41915
870	9.58582
880	9.75248
890	9.91915
900	10.0858
910	10.2525
920	10.4191
930	10.5858
940	10.7525
950	10.9191
960	11.0858
970	11.2525
980	11.4191
990	11.5858
1000	11.7525
1010	11.9191
1020	12.0858
1030	12.2525
1040	12.4191
1050	12.5858
1060	12.7525
1070	12.9191
1080	13.0858
1090	13.2525
74
360	1.16934
370	1.33601
380	1.50267
390	1.66934
400	1.83601
410	2.00267
420	2.16934
430	2.33601
440	2.50267
450	2.66934
460	2.83601
470	3.00267
480	3.16934
490	3.33601
500	3.50267
510	3.66934
520	3.83601
530	4.00267
540	4.16934
550	4.33601
560	4.50267
570	4.66934
580	4.83601
590	5.00267
600	5.16934
610	5.33601
620	5.50267
630	5.66934
640	5.83601
650	6.00267
660	6.16934
670	6.33601
680	6.50267
690	6.66934
700	6.83601
710	7.00267
720	7.16934
730	7.33601
740	7.50267
750	7.66934
760	7.83601
770	8.00267
780	8.16934
790	8.33601
800	8.50267
810	8.66934
820	8.83601
830	9.00267
840	9.16934
850	9.33601
860	9.50267
870	9.66934
880	9.83601
890	10.0027
900	10.1693
910	10.336
920	10.5027
930	10.6693
940	10.836
950	11.0027
960	11.1693
970	11.336
980	11.5027
990	11.6693
1000	11.836
1010	12.0027
1020	12.1693
1030	12.336
1040	12.5027
1050	12.6693
1060	12.836
1070	13.0027
1080	13.1693
1090	13.336
74
360	1.25286
370	1.41953
380	1.5862
390	1.75286
400	1.91953
410	2.0862
420	2.25286
430	2.41953
440	2.5862
450	2.75286
460	2.91953
470	3.0862
480	3.25286
490	3.41953
500	3.5862
510	3.75286
520	3.91953
530	4.0862
540	4.25286
550	4.41953
560	4.63184
570	4.79851
580	4.96518
590	5.13184
600	5.29851
610	5.46518
620	5.63184
630	5.79851
640	5.96518
650	6.13184
660	6.29851
670	6.46518
680	6.63184
690	6.79851
700	6.96518
710	7.13184
720	7.29851
730	7.46518
740	7.63184
750	7.79851
760	7.96518
770	8.13184
780	8.29851
790	8.46518
800	8.63184
810	8.79851
820	8.96518
830	9.13184
840	9.29851
850	9.46518
860	9.63184
870	9.79851
880	9.96518
890	10.1318
900	10.2985
910	10.4652
920	10.6318
930	10.7985
940	10.9652
950	11.1318
960	11.2985
970	11.4652
980	11.6318
990	11.7985
1000	11.9652
1010	12.1318
1020	12.2985
1030	12.4652
1040	12.6318
1050	12.7985
1060	12.9652
1070	13.1318
1080	13.2985
1090	13.4652
74
360	1.33639
370	1.50305
380	1.66972
390	1.83639
400	2.00305
410	2.16972
420	2.33639
430	2.50305
440	2.66972
450	2.83639
460	3.00305
470	3.16972
480	3.33639
490	3.50305
500	3.66972
510	3.83639
520	4.00305
530	4.16972
540	4.33639
550	4.50305
560	4.66972
570	4.83639
580	5.00305
590	5.16972
600	5.33639
610	5.50305
620	5.66972
630	5.83639
640	6.00305
650	6.16972
660	6.33639
670	6.50305
680	6.66972
690	6.83639
700	7.00305
710	7.16972
720	7.33639
730	7.50305
740	7.66972
750	7.83639
760	8.00305
770	8.16972
780	8.33639
790	8.50305
800	8.66972
810	8.83639
820	9.00305
830	9.16972
840	9.33639
850	9.50305
860	9.66972
870	9.83639
880	10.0031
890	10.1697
900	10.3364
910	10.5031
920	10.6697
930	10.8364
940	11.0031
950	11.1697
960	11.3364
970	11.5031
980	11.6697
990	11.8364
1000	12.0031
1010	12.1697
1020	12.3364
1030	12.5031
1040	12.6697
1050	12.8364
1060	13.0031
1070	13.1697
1080	13.3364
1090	13.5031
74
360	1.41991
370	1.58658
380	1.75325
390	1.91991
400	2.08658
410	2.25325
420	2.41991
430	2.58658
440	2.75325
450	2.91991
460	3.08658
470	3.25325
480	3.41991
490	3.58658
500	3.75325
510	3.91991
520	4.08658
530	4.25325
540	4.41991
550	4.58658
560	4.75325
570	4.91991
580	5.08658
590	5.25325
600	5.41991
610	5.58658
620	5.75325
630	5.91991
640	6.08658
650	6.25325
660	6.41991
670	6.58658
680	6.75325
690	6.91991
700	7.08658
710	7.25325
720	7.41991
730	7.58658
740	7.75325
750	7.91991
760	8.08658
770	8.25325
780	8.41991
790	8.58658
800	8.75325
810	8.91991
820	9.08658
830	9.25325
840	9.41991
850	9.58658
860	9.75325
870	9.91991
880	10.0866
890	10.2532
900	10.4199
910	10.5866
920	10.7532
930	10.9199
940	11.0866
950	11.2532
960	11.4199
970	11.5866
980	11.7532
990	11.9199
1000	12.0866
1010	12.2532
1020	12.4199
1030	12.5866
1040	12.7532
1050	12.9199
1060	13.0866
1070	13.2532
1080	13.4199
1090	13.5866
74
360	1.50344
370	1.6701
380	1.83677
390	2.00344
400	2.1701
410	2.33677
420	2.50344
430	2.6701
440	2.83677
450	3.00344
460	3.1701
470	3.33677
480	3.50344
490	3.6701
500	3.83677
510	4.00344
520	4.1701
530	4.33677
540	4.50344
550	4.71575
560	4.88242
570	5.04908
580	5.21575
590	5.38242
600	5.54908
610	5.71575
620	5.88242
630	6.04908
640	6.21575
650	6.38242
660	6.54908
670	6.71575
680	6.88242
690	7.04908
700	7.21575
710	7.38242
720	7.54908
730	7.71575
740	7.88242
750	8.04908
760	8.21575
770	8.38242
780	8.54908
790	8.71575
800	8.88242
810	9.04908
820	9.21575
830	9.38242
840	9.54908
850	9.71575
860	9.88242
870	10.0491
880	10.2157
890	10.3824
900	10.5491
910	10.7157
920	10.8824
930	11.0491
940	11.2157
950	11.3824
960	11.5491
970	11.7157
980	11.8824
990	12.0491
1000	12.2157
1010	12.3824
1020	12.5491
1030	12.7157
1040	12.8824
1050	13.0491
1060	13.2157
1070	13.3824
1080	13.5491
1090	13.7157
74
360	1.58696
370	1.75363
380	1.92029
390	2.08696
400	2.25363
410	2.42029
420	2.58696
430	2.75363
440	2.92029
450	3.08696
460	3.25363
470	3.42029
480	3.58696
490	3.75363
500	3.92029
510	4.08696
520	4.25363
530	4.42029
540	4.58696
550	4.75363
560	4.92029
570	5.08696
580	5.25363
590	5.42029
600	5.58696
610	5.75363
620	5.92029
630	6.08696
640	6.25363
650	6.42029
660	6.58696
670	6.75363
680	6.92029
690	7.08696
700	7.25363
710	7.42029
720	7.58696
730	7.75363
740	7.92029
750	8.08696
760	8.25363
770	8.42029
780	8.58696
790	8.75363
800	8.92029
810	9.08696
820	9.25363
830	9.42029
840	9.58696
850	9.75363
860	9.92029
870	10.087
880	10.2536
890	10.4203
900	10.587
910	10.7536
920	10.9203
930	11.087
940	11.2536
950	11.4203
960	11.587
970	11.7536
980	11.9203
990	12.087
1000	12.2536
1010	12.4203
1020	12.587
1030	12.7536
1040	12.9203
1050	13.087
1060	13.2536
1070	13.4203
1080	13.587
1090	13.7536
74
360	1.67048
370	1.83715
380	2.00382
390	2.17048
400	2.33715
410	2.50382
420	2.67048
430	2.83715
440	3.00382
450	3.17048
460	3.33715
470	3.50382
480	3.67048
490	3.83715
500	4.00382
510	4.17048
520	4.33715
530	4.50382
540	4.73895
550	4.90562
560	5.07229
570	5.23895
580	5.40562
590	5.57229
600	5.73895
610	5.90562
620	6.07229
630	6.23895
640	6.40562
650	6.57229
660	6.73895
670	6.90562
680	7.07229
690	7.23895
700	7.40562
710	7.57229
720	7.73895
730	7.90562
740	8.07229
750	8.23895
760	8.40562
770	8.57229
780	8.73895
790	8.90562
800	9.07229
810	9.23895
820	9.40562
830	9.57229
840	9.73895
850	9.90562
860	10.0723
870	10.239
880	10.4056
890	10.5723
900	10.739
910	10.9056
920	11.0723
930	11.239
940	11.4056
950	11.5723
960	11.739
970	11.9056
980	12.0723
990	12.239
1000	12.4056
1010	12.5723
1020	12.739
1030	12.9056
1040	13.0723
1050	13.239
1060	13.4056
1070	13.5723
1080	13.739
1090	13.9056
74
360	1.75401
370	1.92068
380	2.08734
390	2.25401
400	2.42068
410	2.58734
420	2.75401
430	2.92068
440	3.08734
450	3.25401
460	3.42068
470	3.58734
480	3.75401
490	3.92068
500	4.08734
510	4.25401
520	4.42068
530	4.61017
540	4.77683
550	4.9435
560	5.11017
570	5.27683
580	5.4435
590	5.61017
600	5.77683
610	5.9435
620	6.11017
630	6.27683
640	6.4435
650	6.61017
660	6.77683
670	6.9435
680	7.11017
690	7.27683
700	7.4435
710	7.61017
720	7.77683
730	7.9435
740	8.11017
750	8.27683
760	8.4435
770	8.61017
780	8.77683
790	8.9435
800	9.11017
810	9.27683
820	9.4435
830	9.61017
840	9.77683
850	9.9435
860	10.1102
870	10.2768
880	10.4435
890	10.6102
900	10.7768
910	10.9435
920	11.1102
930	11.2768
940	11.4435
950	11.6102
960	11.7768
970	11.9435
980	12.1102
990	12.2768
1000	12.4435
1010	12.6102
1020	12.7768
1030	12.9435
1040	13.1102
1050	13.2768
1060	13.4435
1070	13.6102
1080	13.7768
1090	13.9435
74
360	1.83753
370	2.0042
380	2.17087
390	2.33753
400	2.5042
410	2.67087
420	2.83753
430	3.0042
440	3.17087
450	3.33753
460	3.5042
470	3.67087
480	3.83753
490	4.0042
500	4.17087
510	4.33753
520	4.59549
530	4.76216
540	4.92882
550	5.09549
560	5.26216
570	5.42882
580	5.59549
590	5.76216
600	5.92882
610	6.09549
620	6.26216
630	6.42882
640	6.59549
650	6.76216
660	6.92882
670	7.09549
680	7.26216
690	7.42882
700	7.59549
710	7.76216
720	7.92882
730	8.09549
740	8.26216
750	8.42882
760	8.59549
770	8.76216
780	8.92882
790	9.09549
800	9.26216
810	9.42882
820	9.59549
830	9.76216
840	9.92882
850	10.0955
860	10.2622
870	10.4288
880	10.5955
890	10.7622
900	10.9288
910	11.0955
920	11.2622
930	11.4288
940	11.5955
950	11.7622
960	11.9288
970	12.0955
980	12.2622
990	12.4288
1000	12.5955
1010	12.7622
1020	12.9288
1030	13.0955
1040	13.2622
1050	13.4288
1060	13.5955
1070	13.7622
1080	13.9288
1090	14.0955
74
360	1.92106
370	2.08772
380	2.25439
390	2.42106
400	2.58772
410	2.75439
420	2.92106
430	3.08772
440	3.25439
450	3.42106
460	3.58772
470	3.75439
480	3.92106
490	4.08772
500	4.25439
510	4.42106
520	4.63337
530	4.80004
540	4.9667
550	5.13337
560	5.30004
570	5.4667
580	5.63337
590	5.80004
600	5.9667
610	6.13337
620	6.30004
630	6.4667
640	6.63337
650	6.80004
660	6.9667
670	7.13337
680	7.30004
690	7.4667
700	7.63337
710	7.80004
720	7.9667
730	8.13337
740	8.30004
750	8.4667
760	8.63337
770	8.80004
780	8.9667
790	9.13337
800	9.30004
810	9.4667
820	9.63337
830	9.80004
840	9.9667
850	10.1334
860	10.3
870	10.4667
880	10.6334
890	10.8
900	10.9667
910	11.1334
920	11.3
930	11.4667
940	11.6334
950	11.8
960	11.9667
970	12.1334
980	12.3
990	12.4667
1000	12.6334
1010	12.8
1020	12.9667
1030	13.1334
1040	13.3
1050	13.4667
1060	13.6334
1070	13.8
1080	13.9667
1090	14.1334
74
360	2.00458
370	2.17125
380	2.33792
390	2.50458
400	2.67125
410	2.83792
420	3.00458
430	3.17125
440	3.33792
450	3.50458
460	3.67125
470	3.83792
480	4.00458
490	4.17125
500	4.33792
510	4.50458
520	4.67125
530	4.83792
540	5.00458
550	5.17125
560	5.33792
570	5.50458
580	5.67125
590	5.83792
600	6.00458
610	6.17125
620	6.33792
630	6.50458
640	6.67125
650	6.83792
660	7.00458
670	7.17125
680	7.33792
690	7.50458
700	7.67125
710	7.83792
720	8.00458
730	8.17125
740	8.33792
750	8.50458
760	8.67125
770	8.83792
780	9.00458
790	9.17125
800	9.33792
810	9.50458
820	9.67125
830	9.83792
840	10.0046
850	10.1712
860	10.3379
870	10.5046
880	10.6712
890	10.8379
900	11.0046
910	11.1712
920	11.3379
930	11.5046
940	11.6712
950	11.8379
960	12.0046
970	12.1712
980	12.3379
990	12.5046
1000	12.6712
1010	12.8379
1020	13.0046
1030	13.1712
1040	13.3379
1050	13.5046
1060	13.6712
1070	13.8379
1080	14.0046
1090	14.1712
74
360	2.08811
370	2.25477
380	2.42144
390	2.58811
400	2.75477
410	2.92144
420	3.08811
430	3.25477
440	3.42144
450	3.58811
460	3.75477
470	3.92144
480	4.08811
490	4.25477
500	4.42144
510	4.58811
520	4.75477
530	4.92144
540	5.08811
550	5.25477
560	5.42144
570	5.58811
580	5.75477
590	5.92144
600	6.08811
610	6.25477
620	6.42144
630	6.58811
640	6.75477
650	6.92144
660	7.08811
670	7.25477
680	7.42144
690	7.58811
700	7.75477
710	7.92144
720	8.08811
730	8.25477
740	8.42144
750	8.58811
760	8.75477
770	8.92144
780	9.08811
790	9.25477
800	9.42144
810	9.58811
820	9.75477
830	9.92144
840	10.0881
850	10.2548
860	10.4214
870	10.5881
880	10.7548
890	10.9214
900	11.0881
910	11.2548
920	11.4214
930	11.5881
940	11.7548
950	11.9214
960	12.0881
970	12.2548
980	12.4214
990	12.5881
1000	12.7548
1010	12.9214
1020	13.0881
1030	13.2548
1040	13.4214
1050	13.5881
1060	13.7548
1070	13.9214
1080	14.0881
1090	14.2548
74
360	2.17163
370	2.3383
380	2.50496
390	2.67163
400	2.8383
410	3.00496
420	3.17163
430	3.3383
440	3.50496
450	3.67163
460	3.8383
470	4.00496
480	4.17163
490	4.3383
500	4.50496
510	4.67163
520	4.8383
530	5.00496
540	5.17163
550	5.3383
560	5.50496
570	5.67163
580	5.8383
590	6.00496
600	6.17163
610	6.3383
620	6.50496
630	6.67163
640	6.8383
650	7.00496
660	7.17163
670	7.3383
680	7.50496
690	7.67163
700	7.8383
710	8.00496
720	8.17163
730	8.3383
740	8.50496
750	8.67163
760	8.8383
770	9.00496
780	9.17163
790	9.3383
800	9.50496
810	9.67163
820	9.8383
830	10.005
840	10.1716
850	10.3383
860	10.505
870	10.6716
880	10.8383
890	11.005
900	11.1716
910	11.3383
920	11.505
930	11.6716
940	11.8383
950	12.005
960	12.1716
970	12.3383
980	12.505
990	12.6716
1000	12.8383
1010	13.005
1020	13.1716
1030	13.3383
1040	13.505
1050	13.6716
1060	13.8383
1070	14.005
1080	14.1716
1090	14.3383
74
360	2.25515
370	2.42182
380	2.58849
390	2.75515
400	2.92182
410	3.08849
420	3.25515
430	3.42182
440	3.58849
450	3.75515
460	3.92182
470	4.08849
480	4.25515
490	4.42182
500	4.58849
510	4.75515
520	4.92182
530	5.08849
540	5.25515
550	5.42182
560	5.58849
570	5.75515
580	5.92182
590	6.08849
600	6.25515
610	6.42182
620	6.58849
630	6.75515
640	6.92182
650	7.08849
660	7.25515
670	7.42182
680	7.58849
690	7.75515
700	7.92182
710	8.08849
720	8.25515
730	8.42182
740	8.58849
750	8.75515
760	8.92182
770	9.08849
780	9.25515
790	9.42182
800	9.58849
810	9.75515
820	9.92182
830	10.0885
840	10.2552
850	10.4218
860	10.5885
870	10.7552
880	10.9218
890	11.0885
900	11.2552
910	11.4218
920	11.5885
930	11.7552
940	11.9218
950	12.0885
960	12.2552
970	12.4218
980	12.5885
990	12.7552
1000	12.9218
1010	13.0885
1020	13.2552
1030	13.4218
1040	13.5885
1050	13.7552
1060	13.9218
1070	14.0885
1080	14.2552
1090	14.4218
74
360	2.33868
370	2.50535
380	2.67201
390	2.83868
400	3.00535
410	3.17201
420	3.33868
430	3.50535
440	3.67201
450	3.83868
460	4.00535
470	4.17201
480	4.33868
490	4.50535
500	4.67201
510	4.83868
520	5.00535
530	5.17201
540	5.33868
550	5.50535
560	5.67201
570	5.83868
580	6.00535
590	6.17201
600	6.33868
610	6.50535
620	6.67201
630	6.83868
640	7.00535
650	7.17201
660	7.33868
670	7.50535
680	7.67201
690	7.83868
700	8.00535
710	8.17201
720	8.33868
730	8.50535
740	8.67201
750	8.83868
760	9.00535
770	9.17201
780	9.33868
790	9.50535
800	9.67201
810	9.83868
820	10.0053
830	10.172
840	10.3387
850	10.5053
860	10.672
870	10.8387
880	11.0053
890	11.172
900	11.3387
910	11.5053
920	11.672
930	11.8387
940	12.0053
950	12.172
960	12.3387
970	12.5053
980	12.672
990	12.8387
1000	13.0053
1010	13.172
1020	13.3387
1030	13.5053
1040	13.672
1050	13.8387
1060	14.0053
1070	14.172
1080	14.3387
1090	14.5053
74
360	2.4222
370	2.58887
380	2.75554
390	2.9222
400	3.08887
410	3.25554
420	3.4222
430	3.58887
440	3.75554
450	3.9222
460	4.08887
470	4.25554
480	4.4222
490	4.58887
500	4.75554
510	4.9222
520	5.08887
530	5.25554
540	5.4222
550	5.58887
560	5.75554
570	5.9222
580	6.08887
590	6.25554
600	6.4222
610	6.58887
620	6.75554
630	6.9222
640	7.08887
650	7.25554
660	7.4222
670	7.58887
680	7.75554
690	7.9222
700	8.08887
710	8.25554
720	8.4222
730	8.58887
740	8.75554
750	8.9222
760	9.08887
770	9.25554
780	9.4222
790	9.58887
800	9.75554
810	9.9222
820	10.0889
830	10.2555
840	10.4222
850	10.5889
860	10.7555
870	10.9222
880	11.0889
890	11.2555
900	11.4222
910	11.5889
920	11.7555
930	11.9222
940	12.0889
950	12.2555
960	12.4222
970	12.5889
980	12.7555
990	12.9222
1000	13.0889
1010	13.2555
1020	13.4222
1030	13.5889
1040	13.7555
1050	13.9222
1060	14.0889
1070	14.2555
1080	14.4222
1090	14.5889
74
360	2.50573
370	2.67239
380	2.83906
390	3.00573
400	3.17239
410	3.33906
420	3.50573
430	3.67239
440	3.83906
450	4.00573
460	4.17239
470	4.33906
480	4.50573
490	4.67239
500	4.83906
510	5.00573
520	5.17239
530	5.33906
540	5.50573
550	5.67239
560	5.83906
570	6.00573
580	6.17239
590	6.33906
600	6.50573
610	6.67239
620	6.83906
630	7.00573
640	7.17239
650	7.33906
660	7.50573
670	7.67239
680	7.83906
690	8.00573
700	8.17239
710	8.33906
720	8.50573
730	8.67239
740	8.83906
750	9.00573
760	9.17239
770	9.33906
780	9.50573
790	9.67239
800	9.83906
810	10.0057
820	10.1724
830	10.3391
840	10.5057
850	10.6724
860	10.8391
870	11.0057
880	11.1724
890	11.3391
900	11.5057
910	11.6724
920	11.8391
930	12.0057
940	12.1724
950	12.3391
960	12.5057
970	12.6724
980	12.8391
990	13.0057
1000	13.1724
1010	13.3391
1020	13.5057
1030	13.6724
1040	13.8391
1050	14.0057
1060	14.1724
1070	14.3391
1080	14.5057
1090	14.6724
74
360	2.58925
370	2.75592
380	2.92258
390	3.08925
400	3.25592
410	3.42258
420	3.58925
430	3.75592
440	3.92258
450	4.08925
460	4.25592
470	4.42258
480	4.58925
490	4.75592
500	4.92258
510	5.08925
520	5.25592
530	5.42258
540	5.58925
550	5.75592
560	5.92258
570	6.08925
580	6.25592
590	6.42258
600	6.58925
610	6.75592
620	6.92258
630	7.08925
640	7.25592
650	7.42258
660	7.58925
670	7.75592
680	7.92258
690	8.08925
700	8.25592
710	8.42258
720	8.58925
730	8.75592
740	8.92258
750	9.08925
760	9.25592
770	9.42258
780	9.58925
790	9.75592
800	9.92258
810	10.0893
820	10.2559
830	10.4226
840	10.5893
850	10.7559
860	10.9226
870	11.0893
880	11.2559
890	11.4226
900	11.5893
910	11.7559
920	11.9226
930	12.0893
940	12.2559
950	12.4226
960	12.5893
970	12.7559
980	12.9226
990	13.0893
1000	13.2559
1010	13.4226
1020	13.5893
1030	13.7559
1040	13.9226
1050	14.0893
1060	14.2559
1070	14.4226
1080	14.5893
1090	14.7559
74
360	2.67278
370	2.83944
380	3.00611
390	3.17278
400	3.33944
410	3.50611
420	3.67278
430	3.83944
440	4.00611
450	4.17278
460	4.33944
470	4.50611
480	4.6956
490	4.86227
500	5.02893
510	5.1956
520	5.36227
530	5.52893
540	5.6956
550	5.86227
560	6.02893
570	6.1956
580	6.36227
590	6.52893
600	6.6956
610	6.86227
620	7.02893
630	7.1956
640	7.36227
650	7.52893
660	7.6956
670	7.86227
680	8.02893
690	8.1956
700	8.36227
710	8.52893
720	8.6956
730	8.86227
740	9.02893
750	9.1956
760	9.36227
770	9.52893
780	9.6956
790	9.86227
800	10.0289
810	10.1956
820	10.3623
830	10.5289
840	10.6956
850	10.8623
860	11.0289
870	11.1956
880	11.3623
890	11.5289
900	11.6956
910	11.8623
920	12.0289
930	12.1956
940	12.3623
950	12.5289
960	12.6956
970	12.8623
980	13.0289
990	13.1956
1000	13.3623
1010	13.5289
1020	13.6956
1030	13.8623
1040	14.0289
1050	14.1956
1060	14.3623
1070	14.5289
1080	14.6956
1090	14.8623
74
360	2.7563
370	2.92297
380	3.08963
390	3.2563
400	3.42297
410	3.58963
420	3.7563
430	3.92297
440	4.08963
450	4.2563
460	4.42297
470	4.58963
480	4.7563
490	4.92297
500	5.08963
510	5.2563
520	5.42297
530	5.58963
540	5.7563
550	5.92297
560	6.08963
570	6.2563
580	6.42297
590	6.58963
600	6.7563
610	6.92297
620	7.08963
630	7.2563
640	7.42297
650	7.58963
660	7.7563
670	7.92297
680	8.08963
690	8.2563
700	8.42297
710	8.58963
720	8.7563
730	8.92297
740	9.08963
750	9.2563
760	9.42297
770	9.58963
780	9.7563
790	9.92297
800	10.0896
810	10.2563
820	10.423
830	10.5896
840	10.7563
850	10.923
860	11.0896
870	11.2563
880	11.423
890	11.5896
900	11.7563
910	11.923
920	12.0896
930	12.2563
940	12.423
950	12.5896
960	12.7563
970	12.923
980	13.0896
990	13.2563
1000	13.423
1010	13.5896
1020	13.7563
1030	13.923
1040	14.0896
1050	14.2563
1060	14.423
1070	14.5896
1080	14.7563
1090	14.923
74
360	2.83982
370	3.00649
380	3.17316
390	3.33982
400	3.50649
410	3.67316
420	3.83982
430	4.00649
440	4.17316
450	4.33982
460	4.50649
470	4.67316
480	4.83982
490	5.00649
500	5.17316
510	5.33982
520	5.50649
530	5.67316
540	5.83982
550	6.00649
560	6.17316
570	6.33982
580	6.50649
590	6.67316
600	6.83982
610	7.00649
620	7.17316
630	7.33982
640	7.50649
650	7.67316
660	7.83982
670	8.00649
680	8.17316
690	8.33982
700	8.50649
710	8.67316
720	8.83982
730	9.00649
740	9.17316
750	9.33982
760	9.50649
770	9.67316
780	9.83982
790	10.0065
800	10.1732
810	10.3398
820	10.5065
830	10.6732
840	10.8398
850	11.0065
860	11.1732
870	11.3398
880	11.5065
890	11.6732
900	11.8398
910	12.0065
920	12.1732
930	12.3398
940	12.5065
950	12.6732
960	12.8398
970	13.0065
980	13.1732
990	13.3398
1000	13.5065
1010	13.6732
1020	13.8398
1030	14.0065
1040	14.1732
1050	14.3398
1060	14.5065
1070	14.6732
1080	14.8398
1090	15.0065
74
360	2.92335
370	3.09002
380	3.25668
390	3.42335
400	3.59002
410	3.75668
420	3.92335
430	4.09002
440	4.25668
450	4.42335
460	4.59002
470	4.75668
480	4.92335
490	5.09002
500	5.25668
510	5.42335
520	5.59002
530	5.75668
540	5.92335
550	6.09002
560	6.25668
570	6.42335
580	6.59002
590	6.75668
600	6.92335
610	7.09002
620	7.25668
630	7.42335
640	7.59002
650	7.75668
660	7.92335
670	8.09002
680	8.25668
690	8.42335
700	8.59002
710	8.75668
720	8.92335
730	9.09002
740	9.25668
750	9.42335
760	9.59002
770	9.75668
780	9.92335
790	10.09
800	10.2567
810	10.4233
820	10.59
830	10.7567
840	10.9233
850	11.09
860	11.2567
870	11.4233
880	11.59
890	11.7567
900	11.9233
910	12.09
920	12.2567
930	12.4233
940	12.59
950	12.7567
960	12.9233
970	13.09
980	13.2567
990	13.4233
1000	13.59
1010	13.7567
1020	13.9233
1030	14.09
1040	14.2567
1050	14.4233
1060	14.59
1070	14.7567
1080	14.9233
1090	15.09
74
360	3.00687
370	3.17354
380	3.34021
390	3.50687
400	3.67354
410	3.84021
420	4.00687
430	4.17354
440	4.34021
450	4.50687
460	4.69636
470	4.86303
480	5.0297
490	5.19636
500	5.36303
510	5.5297
520	5.69636
530	5.86303
540	6.0297
550	6.19636
560	6.36303
570	6.5297
580	6.69636
590	6.86303
600	7.0297
610	7.19636
620	7.36303
630	7.5297
640	7.69636
650	7.86303
660	8.0297
670	8.19636
680	8.36303
690	8.5297
700	8.69636
710	8.86303
720	9.0297
730	9.19636
740	9.36303
750	9.5297
760	9.69636
770	9.86303
780	10.0297
790	10.1964
800	10.363
810	10.5297
820	10.6964
830	10.863
840	11.0297
850	11.1964
860	11.363
870	11.5297
880	11.6964
890	11.863
900	12.0297
910	12.1964
920	12.363
930	12.5297
940	12.6964
950	12.863
960	13.0297
970	13.1964
980	13.363
990	13.5297
1000	13.6964
1010	13.863
1020	14.0297
1030	14.1964
1040	14.363
1050	14.5297
1060	14.6964
1070	14.863
1080	15.0297
1090	15.1964
74
360	3.0904
370	3.25706
380	3.42373
390	3.5904
400	3.75706
410	3.92373
420	4.0904
430	4.25706
440	4.42373
450	4.5904
460	4.75706
470	4.92373
480	5.0904
490	5.25706
500	5.42373
510	5.5904
520	5.75706
530	5.92373
540	6.0904
550	6.25706
560	6.42373
570	6.5904
580	6.75706
590	6.92373
600	7.0904
610	7.25706
620	7.42373
630	7.5904
640	7.75706
650	7.92373
660	8.0904
670	8.25706
680	8.42373
690	8.5904
700	8.75706
710	8.92373
720	9.0904
730	9.25706
740	9.42373
750	9.5904
760	9.75706
770	9.92373
780	10.0904
790	10.2571
800	10.4237
810	10.5904
820	10.7571
830	10.9237
840	11.0904
850	11.2571
860	11.4237
870	11.5904
880	11.7571
890	11.9237
900	12.0904
910	12.2571
920	12.4237
930	12.5904
940	12.7571
950	12.9237
960	13.0904
970	13.2571
980	13.4237
990	13.5904
1000	13.7571
1010	13.9237
1020	14.0904
1030	14.2571
1040	14.4237
1050	14.5904
1060	14.7571
1070	14.9237
1080	15.0904
1090	15.2571
74
360	3.17392
370	3.34059
380	3.50725
390	3.67392
400	3.84059
410	4.00725
420	4.17392
430	4.34059
440	4.50725
450	4.67392
460	4.84059
470	5.00725
480	5.17392
490	5.34059
500	5.50725
510	5.67392
520	5.84059
530	6.00725
540	6.17392
550	6.34059
560	6.50725
570	6.67392
580	6.84059
590	7.00725
600	7.17392
610	7.34059
620	7.50725
630	7.67392
640	7.84059
650	8.00725
660	8.17392
670	8.34059
680	8.50725
690	8.67392
700	8.84059
710	9.00725
720	9.17392
730	9.34059
740	9.50725
750	9.67392
760	9.84059
770	10.0073
780	10.1739
790	10.3406
800	10.5073
810	10.6739
820	10.8406
830	11.0073
840	11.1739
850	11.3406
860	11.5073
870	11.6739
880	11.8406
890	12.0073
900	12.1739
910	12.3406
920	12.5073
930	12.6739
940	12.8406
950	13.0073
960	13.1739
970	13.3406
980	13.5073
990	13.6739
1000	13.8406
1010	14.0073
1020	14.1739
1030	14.3406
1040	14.5073
1050	14.6739
1060	14.8406
1070	15.0073
1080	15.1739
1090	15.3406
74
360	3.25745
370	3.42411
380	3.59078
390	3.75745
400	3.92411
410	4.09078
420	4.25745
430	4.42411
440	4.63642
450	4.80309
460	4.96976
470	5.13642
480	5.30309
490	5.46976
500	5.63642
510	5.80309
520	5.96976
530	6.13642
540	6.30309
550	6.46976
560	6.63642
570	6.80309
580	6.96976
590	7.13642
600	7.30309
610	7.46976
620	7.63642
630	7.80309
640	7.96976
650	8.13642
660	8.30309
670	8.46976
680	8.63642
690	8.80309
700	8.96976
710	9.13642
720	9.30309
730	9.46976
740	9.63642
750	9.80309
760	9.96976
770	10.1364
780	10.3031
790	10.4698
800	10.6364
810	10.8031
820	10.9698
830	11.1364
840	11.3031
850	11.4698
860	11.6364
870	11.8031
880	11.9698
890	12.1364
900	12.3031
910	12.4698
920	12.6364
930	12.8031
940	12.9698
950	13.1364
960	13.3031
970	13.4698
980	13.6364
990	13.8031
1000	13.9698
1010	14.1364
1020	14.3031
1030	14.4698
1040	14.6364
1050	14.8031
1060	14.9698
1070	15.1364
1080	15.3031
1090	15.4698
74
360	3.34097
370	3.50764
380	3.6743
390	3.84097
400	4.00764
410	4.1743
420	4.34097
430	4.50764
440	4.6743
450	4.84097
460	5.00764
470	5.1743
480	5.34097
490	5.50764
500	5.6743
510	5.84097
520	6.00764
530	6.1743
540	6.34097
550	6.50764
560	6.6743
570	6.84097
580	7.00764
590	7.1743
600	7.34097
610	7.50764
620	7.6743
630	7.84097
640	8.00764
650	8.1743
660	8.34097
670	8.50764
680	8.6743
690	8.84097
700	9.00764
710	9.1743
720	9.34097
730	9.50764
740	9.6743
750	9.84097
760	10.0076
770	10.1743
780	10.341
790	10.5076
800	10.6743
810	10.841
820	11.0076
830	11.1743
840	11.341
850	11.5076
860	11.6743
870	11.841
880	12.0076
890	12.1743
900	12.341
910	12.5076
920	12.6743
930	12.841
940	13.0076
950	13.1743
960	13.341
970	13.5076
980	13.6743
990	13.841
1000	14.0076
1010	14.1743
1020	14.341
1030	14.5076
1040	14.6743
1050	14.841
1060	15.0076
1070	15.1743
1080	15.341
1090	15.5076
74
360	3.42449
370	3.59116
380	3.75783
390	3.92449
400	4.09116
410	4.25783
420	4.42449
430	4.63681
440	4.80347
450	4.97014
460	5.13681
470	5.30347
480	5.47014
490	5.63681
500	5.80347
510	5.97014
520	6.13681
530	6.30347
540	6.47014
550	6.63681
560	6.80347
570	6.97014
580	7.13681
590	7.30347
600	7.47014
610	7.63681
620	7.80347
630	7.97014
640	8.13681
650	8.30347
660	8.47014
670	8.63681
680	8.80347
690	8.97014
700	9.13681
710	9.30347
720	9.47014
730	9.63681
740	9.80347
750	9.97014
760	10.1368
770	10.3035
780	10.4701
790	10.6368
800	10.8035
810	10.9701
820	11.1368
830	11.3035
840	11.4701
850	11.6368
860	11.8035
870	11.9701
880	12.1368
890	12.3035
900	12.4701
910	12.6368
920	12.8035
930	12.9701
940	13.1368
950	13.3035
960	13.4701
970	13.6368
980	13.8035
990	13.9701
1000	14.1368
1010	14.3035
1020	14.4701
1030	14.6368
1040	14.8035
1050	14.9701
1060	15.1368
1070	15.3035
1080	15.4701
1090	15.6368
74
360	3.50802
370	3.67468
380	3.84135
390	4.00802
400	4.17468
410	4.34135
420	4.50802
430	4.67468
440	4.84135
450	5.00802
460	5.17468
470	5.34135
480	5.50802
490	5.67468
500	5.84135
510	6.00802
520	6.17468
530	6.34135
540	6.50802
550	6.67468
560	6.84135
570	7.00802
580	7.17468
590	7.34135
600	7.50802
610	7.67468
620	7.84135
630	8.00802
640	8.17468
650	8.34135
660	8.50802
670	8.67468
680	8.84135
690	9.00802
700	9.17468
710	9.34135
720	9.50802
730	9.67468
740	9.84135
750	10.008
760	10.1747
770	10.3414
780	10.508
790	10.6747
800	10.8414
810	11.008
820	11.1747
830	11.3414
840	11.508
850	11.6747
860	11.8414
870	12.008
880	12.1747
890	12.3414
900	12.508
910	12.6747
920	12.8414
930	13.008
940	13.1747
950	13.3414
960	13.508
970	13.6747
980	13.8414
990	14.008
1000	14.1747
1010	14.3414
1020	14.508
1030	14.6747
1040	14.8414
1050	15.008
1060	15.1747
1070	15.3414
1080	15.508
1090	15.6747
74
360	3.59154
370	3.75821
380	3.92488
390	4.09154
400	4.25821
410	4.42488
420	4.59154
430	4.75821
440	4.92488
450	5.09154
460	5.25821
470	5.42488
480	5.59154
490	5.75821
500	5.92488
510	6.09154
520	6.25821
530	6.42488
540	6.59154
550	6.75821
560	6.92488
570	7.09154
580	7.25821
590	7.42488
600	7.59154
610	7.75821
620	7.92488
630	8.09154
640	8.25821
650	8.42488
660	8.59154
670	8.75821
680	8.92488
690	9.09154
700	9.25821
710	9.42488
720	9.59154
730	9.75821
740	9.92488
750	10.0915
760	10.2582
770	10.4249
780	10.5915
790	10.7582
800	10.9249
810	11.0915
820	11.2582
830	11.4249
840	11.5915
850	11.7582
860	11.9249
870	12.0915
880	12.2582
890	12.4249
900	12.5915
910	12.7582
920	12.9249
930	13.0915
940	13.2582
950	13.4249
960	13.5915
970	13.7582
980	13.9249
990	14.0915
1000	14.2582
1010	14.4249
1020	14.5915
1030	14.7582
1040	14.9249
1050	15.0915
1060	15.2582
1070	15.4249
1080	15.5915
1090	15.7582
74
360	3.67507
370	3.84173
380	4.0084
390	4.17507
400	4.34173
410	4.69098
420	4.85765
430	5.02432
440	5.19098
450	5.35765
460	5.52432
470	5.69098
480	5.85765
490	6.02432
500	6.19098
510	6.35765
520	6.52432
530	6.69098
540	6.85765
550	7.02432
560	7.19098
570	7.35765
580	7.52432
590	7.69098
600	7.85765
610	8.02432
620	8.19098
630	8.35765
640	8.52432
650	8.69098
660	8.85765
670	9.02432
680	9.19098
690	9.35765
700	9.52432
710	9.69098
720	9.85765
730	10.0243
740	10.191
750	10.3576
760	10.5243
770	10.691
780	10.8576
790	11.0243
800	11.191
810	11.3576
820	11.5243
830	11.691
840	11.8576
850	12.0243
860	12.191
870	12.3576
880	12.5243
890	12.691
900	12.8576
910	13.0243
920	13.191
930	13.3576
940	13.5243
950	13.691
960	13.8576
970	14.0243
980	14.191
990	14.3576
1000	14.5243
1010	14.691
1020	14.8576
1030	15.0243
1040	15.191
1050	15.3576
1060	15.5243
1070	15.691
1080	15.8576
1090	16.0243
74
360	3.75859
370	3.92526
380	4.09192
390	4.25859
400	4.42526
410	4.72886
420	4.89553
430	5.06219
440	5.22886
450	5.39553
460	5.56219
470	5.72886
480	5.89553
490	6.06219
500	6.22886
510	6.39553
520	6.56219
530	6.72886
540	6.89553
550	7.06219
560	7.22886
570	7.39553
580	7.56219
590	7.72886
600	7.89553
610	8.06219
620	8.22886
630	8.39553
640	8.56219
650	8.72886
660	8.89553
670	9.06219
680	9.22886
690	9.39553
700	9.56219
710	9.72886
720	9.89553
730	10.0622
740	10.2289
750	10.3955
760	10.5622
770	10.7289
780	10.8955
790	11.0622
800	11.2289
810	11.3955
820	11.5622
830	11.7289
840	11.8955
850	12.0622
860	12.2289
870	12.3955
880	12.5622
890	12.7289
900	12.8955
910	13.0622
920	13.2289
930	13.3955
940	13.5622
950	13.7289
960	13.8955
970	14.0622
980	14.2289
990	14.3955
1000	14.5622
1010	14.7289
1020	14.8955
1030	15.0622
1040	15.2289
1050	15.3955
1060	15.5622
1070	15.7289
1080	15.8955
1090	16.0622
74
360	3.84212
370	4.00878
380	4.17545
390	4.34212
400	4.60007
410	4.76674
420	4.93341
430	5.10007
440	5.26674
450	5.43341
460	5.60007
470	5.76674
480	5.93341
490	6.10007
500	6.26674
510	6.43341
520	6.60007
530	6.76674
540	6.93341
550	7.10007
560	7.26674
570	7.43341
580	7.60007
590	7.76674
600	7.93341
610	8.10007
620	8.26674
630	8.43341
640	8.60007
650	8.76674
660	8.93341
670	9.10007
680	9.26674
690	9.43341
700	9.60007
710	9.76674
720	9.93341
730	10.1001
740	10.2667
750	10.4334
760	10.6001
770	10.7667
780	10.9334
790	11.1001
800	11.2667
810	11.4334
820	11.6001
830	11.7667
840	11.9334
850	12.1001
860	12.2667
870	12.4334
880	12.6001
890	12.7667
900	12.9334
910	13.1001
920	13.2667
930	13.4334
940	13.6001
950	13.7667
960	13.9334
970	14.1001
980	14.2667
990	14.4334
1000	14.6001
1010	14.7667
1020	14.9334
1030	15.1001
1040	15.2667
1050	15.4334
1060	15.6001
1070	15.7667
1080	15.9334
1090	16.1001
74
360	3.92564
370	4.09231
380	4.25897
390	4.42564
400	4.63795
410	4.80462
420	4.97128
430	5.13795
440	5.30462
450	5.47128
460	5.63795
470	5.80462
480	5.97128
490	6.13795
500	6.30462
510	6.47128
520	6.63795
530	6.80462
540	6.97128
550	7.13795
560	7.30462
570	7.47128
580	7.63795
590	7.80462
600	7.97128
610	8.13795
620	8.30462
630	8.47128
640	8.63795
650	8.80462
660	8.97128
670	9.13795
680	9.30462
690	9.47128
700	9.63795
710	9.80462
720	9.97128
730	10.138
740	10.3046
750	10.4713
760	10.638
770	10.8046
780	10.9713
790	11.138
800	11.3046
810	11.4713
820	11.638
830	11.8046
840	11.9713
850	12.138
860	12.3046
870	12.4713
880	12.638
890	12.8046
900	12.9713
910	13.138
920	13.3046
930	13.4713
940	13.638
950	13.8046
960	13.9713
970	14.138
980	14.3046
990	14.4713
1000	14.638
1010	14.8046
1020	14.9713
1030	15.138
1040	15.3046
1050	15.4713
1060	15.638
1070	15.8046
1080	15.9713
1090	16.138
74
360	4.00916
370	4.17583
380	4.3425
390	4.50916
400	4.67583
410	4.8425
420	5.00916
430	5.17583
440	5.3425
450	5.50916
460	5.67583
470	5.8425
480	6.00916
490	6.17583
500	6.3425
510	6.50916
520	6.67583
530	6.8425
540	7.00916
550	7.17583
560	7.3425
570	7.50916
580	7.67583
590	7.8425
600	8.00916
610	8.17583
620	8.3425
630	8.50916
640	8.67583
650	8.8425
660	9.00916
670	9.17583
680	9.3425
690	9.50916
700	9.67583
710	9.8425
720	10.0092
730	10.1758
740	10.3425
750	10.5092
760	10.6758
770	10.8425
780	11.0092
790	11.1758
800	11.3425
810	11.5092
820	11.6758
830	11.8425
840	12.0092
850	12.1758
860	12.3425
870	12.5092
880	12.6758
890	12.8425
900	13.0092
910	13.1758
920	13.3425
930	13.5092
940	13.6758
950	13.8425
960	14.0092
970	14.1758
980	14.3425
990	14.5092
1000	14.6758
1010	14.8425
1020	15.0092
1030	15.1758
1040	15.3425
1050	15.5092
1060	15.6758
1070	15.8425
1080	16.0092
1090	16.1758
74
360	4.09269
370	4.25935
380	4.42602
390	4.63833
400	4.805
410	4.97167
420	5.13833
430	5.305
440	5.47167
450	5.63833
460	5.805
470	5.97167
480	6.13833
490	6.305
500	6.47167
510	6.63833
520	6.805
530	6.97167
540	7.13833
550	7.305
560	7.47167
570	7.63833
580	7.805
590	7.97167
600	8.13833
610	8.305
620	8.47167
630	8.63833
640	8.805
650	8.97167
660	9.13833
670	9.305
680	9.47167
690	9.63833
700	9.805
710	9.97167
720	10.1383
730	10.305
740	10.4717
750	10.6383
760	10.805
770	10.9717
780	11.1383
790	11.305
800	11.4717
810	11.6383
820	11.805
830	11.9717
840	12.1383
850	12.305
860	12.4717
870	12.6383
880	12.805
890	12.9717
900	13.1383
910	13.305
920	13.4717
930	13.6383
940	13.805
950	13.9717
960	14.1383
970	14.305
980	14.4717
990	14.6383
1000	14.805
1010	14.9717
1020	15.1383
1030	15.305
1040	15.4717
1050	15.6383
1060	15.805
1070	15.9717
1080	16.1383
1090	16.305
74
360	4.17621
370	4.34288
380	4.50955
390	4.67621
400	4.84288
410	5.00955
420	5.17621
430	5.34288
440	5.50955
450	5.67621
460	5.84288
470	6.00955
480	6.17621
490	6.34288
500	6.50955
510	6.67621
520	6.84288
530	7.00955
540	7.17621
550	7.34288
560	7.50955
570	7.67621
580	7.84288
590	8.00955
600	8.17621
610	8.34288
620	8.50955
630	8.67621
640	8.84288
650	9.00955
660	9.17621
670	9.34288
680	9.50955
690	9.67621
700	9.84288
710	10.0095
720	10.1762
730	10.3429
740	10.5095
750	10.6762
760	10.8429
770	11.0095
780	11.1762
790	11.3429
800	11.5095
810	11.6762
820	11.8429
830	12.0095
840	12.1762
850	12.3429
860	12.5095
870	12.6762
880	12.8429
890	13.0095
900	13.1762
910	13.3429
920	13.5095
930	13.6762
940	13.8429
950	14.0095
960	14.1762
970	14.3429
980	14.5095
990	14.6762
1000	14.8429
1010	15.0095
1020	15.1762
1030	15.3429
1040	15.5095
1050	15.6762
1060	15.8429
1070	16.0095
1080	16.1762
1090	16.3429
74
360	4.25974
370	4.4264
380	4.59307
390	4.75974
400	4.9264
410	5.09307
420	5.25974
430	5.4264
440	5.59307
450	5.75974
460	5.9264
470	6.09307
480	6.25974
490	6.4264
500	6.59307
510	6.75974
520	6.9264
530	7.09307
540	7.25974
550	7.4264
560	7.59307
570	7.75974
580	7.9264
590	8.09307
600	8.25974
610	8.4264
620	8.59307
630	8.75974
640	8.9264
650	9.09307
660	9.25974
670	9.4264
680	9.59307
690	9.75974
700	9.9264
710	10.0931
720	10.2597
730	10.4264
740	10.5931
750	10.7597
760	10.9264
770	11.0931
780	11.2597
790	11.4264
800	11.5931
810	11.7597
820	11.9264
830	12.0931
840	12.2597
850	12.4264
860	12.5931
870	12.7597
880	12.9264
890	13.0931
900	13.2597
910	13.4264
920	13.5931
930	13.7597
940	13.9264
950	14.0931
960	14.2597
970	14.4264
980	14.5931
990	14.7597
1000	14.9264
1010	15.0931
1020	15.2597
1030	15.4264
1040	15.5931
1050	15.7597
1060	15.9264
1070	16.0931
1080	16.2597
1090	16.4264
74
360	4.34326
370	4.50993
380	4.69942
390	4.86608
400	5.03275
410	5.19942
420	5.36608
430	5.53275
440	5.69942
450	5.86608
460	6.03275
470	6.19942
480	6.36608
490	6.53275
500	6.69942
510	6.86608
520	7.03275
530	7.19942
540	7.36608
550	7.53275
560	7.69942
570	7.86608
580	8.03275
590	8.19942
600	8.36608
610	8.53275
620	8.69942
630	8.86608
640	9.03275
650	9.19942
660	9.36608
670	9.53275
680	9.69942
690	9.86608
700	10.0328
710	10.1994
720	10.3661
730	10.5328
740	10.6994
750	10.8661
760	11.0328
770	11.1994
780	11.3661
790	11.5328
800	11.6994
810	11.8661
820	12.0328
830	12.1994
840	12.3661
850	12.5328
860	12.6994
870	12.8661
880	13.0328
890	13.1994
900	13.3661
910	13.5328
920	13.6994
930	13.8661
940	14.0328
950	14.1994
960	14.3661
970	14.5328
980	14.6994
990	14.8661
1000	15.0328
1010	15.1994
1020	15.3661
1030	15.5328
1040	15.6994
1050	15.8661
1060	16.0328
1070	16.1994
1080	16.3661
1090	16.5328
74
360	4.42679
370	4.59345
380	4.76012
390	4.92679
400	5.09345
410	5.26012
420	5.42679
430	5.59345
440	5.76012
450	5.92679
460	6.09345
470	6.26012
480	6.42679
490	6.59345
500	6.76012
510	6.92679
520	7.09345
530	7.26012
540	7.42679
550	7.59345
560	7.76012
570	7.92679
580	8.09345
590	8.26012
600	8.42679
610	8.59345
620	8.76012
630	8.92679
640	9.09345
650	9.26012
660	9.42679
670	9.59345
680	9.76012
690	9.92679
700	10.0935
710	10.2601
720	10.4268
730	10.5935
740	10.7601
750	10.9268
760	11.0935
770	11.2601
780	11.4268
790	11.5935
800	11.7601
810	11.9268
820	12.0935
830	12.2601
840	12.4268
850	12.5935
860	12.7601
870	12.9268
880	13.0935
890	13.2601
900	13.4268
910	13.5935
920	13.7601
930	13.9268
940	14.0935
950	14.2601
960	14.4268
970	14.5935
980	14.7601
990	14.9268
1000	15.0935
1010	15.2601
1020	15.4268
1030	15.5935
1040	15.7601
1050	15.9268
1060	16.0935
1070	16.2601
1080	16.4268
1090	16.5935
74
360	4.51031
370	4.72262
380	4.88929
390	5.05595
400	5.22262
410	5.38929
420	5.55595
430	5.72262
440	5.88929
450	6.05595
460	6.22262
470	6.38929
480	6.55595
490	6.72262
500	6.88929
510	7.05595
520	7.22262
530	7.38929
540	7.55595
550	7.72262
560	7.88929
570	8.05595
580	8.22262
590	8.38929
600	8.55595
610	8.72262
620	8.88929
630	9.05595
640	9.22262
650	9.38929
660	9.55595
670	9.72262
680	9.88929
690	10.056
700	10.2226
710	10.3893
720	10.556
730	10.7226
740	10.8893
750	11.056
760	11.2226
770	11.3893
780	11.556
790	11.7226
800	11.8893
810	12.056
820	12.2226
830	12.3893
840	12.556
850	12.7226
860	12.8893
870	13.056
880	13.2226
890	13.3893
900	13.556
910	13.7226
920	13.8893
930	14.056
940	14.2226
950	14.3893
960	14.556
970	14.7226
980	14.8893
990	15.056
1000	15.2226
1010	15.3893
1020	15.556
1030	15.7226
1040	15.8893
1050	16.056
1060	16.2226
1070	16.3893
1080	16.556
1090	16.7226
74
360	4.63948
370	4.80615
380	4.97281
390	5.13948
400	5.30615
410	5.47281
420	5.63948
430	5.80615
440	5.97281
450	6.13948
460	6.30615
470	6.47281
480	6.63948
490	6.80615
500	6.97281
510	7.13948
520	7.30615
530	7.47281
540	7.63948
550	7.80615
560	7.97281
570	8.13948
580	8.30615
590	8.47281
600	8.63948
610	8.80615
620	8.97281
630	9.13948
640	9.30615
650	9.47281
660	9.63948
670	9.80615
680	9.97281
690	10.1395
700	10.3061
710	10.4728
720	10.6395
730	10.8061
740	10.9728
750	11.1395
760	11.3061
770	11.4728
780	11.6395
790	11.8061
800	11.9728
810	12.1395
820	12.3061
830	12.4728
840	12.6395
850	12.8061
860	12.9728
870	13.1395
880	13.3061
890	13.4728
900	13.6395
910	13.8061
920	13.9728
930	14.1395
940	14.3061
950	14.4728
960	14.6395
970	14.8061
980	14.9728
990	15.1395
1000	15.3061
1010	15.4728
1020	15.6395
1030	15.8061
1040	15.9728
1050	16.1395
1060	16.3061
1070	16.4728
1080	16.6395
1090	16.8061
74
360	4.74194
370	4.90861
380	5.07528
390	5.24194
400	5.40861
410	5.57528
420	5.74194
430	5.90861
440	6.07528
450	6.24194
460	6.40861
470	6.57528
480	6.74194
490	6.90861
500	7.07528
510	7.24194
520	7.40861
530	7.57528
540	7.74194
550	7.90861
560	8.07528
570	8.24194
580	8.40861
590	8.57528
600	8.74194
610	8.90861
620	9.07528
630	9.24194
640	9.40861
650	9.57528
660	9.74194
670	9.90861
680	10.0753
690	10.2419
700	10.4086
710	10.5753
720	10.7419
730	10.9086
740	11.0753
750	11.2419
760	11.4086
770	11.5753
780	11.7419
790	11.9086
800	12.0753
810	12.2419
820	12.4086
830	12.5753
840	12.7419
850	12.9086
860	13.0753
870	13.2419
880	13.4086
890	13.5753
900	13.7419
910	13.9086
920	14.0753
930	14.2419
940	14.4086
950	14.5753
960	14.7419
970	14.9086
980	15.0753
990	15.2419
1000	15.4086
1010	15.5753
1020	15.7419
1030	15.9086
1040	16.0753
1050	16.2419
1060	16.4086
1070	16.5753
1080	16.7419
1090	16.9086
74
360	4.82547
370	4.99213
380	5.1588
390	5.32547
400	5.49213
410	5.6588
420	5.82547
430	5.99213
440	6.1588
450	6.32547
460	6.49213
470	6.6588
480	6.82547
490	6.99213
500	7.1588
510	7.32547
520	7.49213
530	7.6588
540	7.82547
550	7.99213
560	8.1588
570	8.32547
580	8.49213
590	8.6588
600	8.82547
610	8.99213
620	9.1588
630	9.32547
640	9.49213
650	9.6588
660	9.82547
670	9.99213
680	10.1588
690	10.3255
700	10.4921
710	10.6588
720	10.8255
730	10.9921
740	11.1588
750	11.3255
760	11.4921
770	11.6588
780	11.8255
790	11.9921
800	12.1588
810	12.3255
820	12.4921
830	12.6588
840	12.8255
850	12.9921
860	13.1588
870	13.3255
880	13.4921
890	13.6588
900	13.8255
910	13.9921
920	14.1588
930	14.3255
940	14.4921
950	14.6588
960	14.8255
970	14.9921
980	15.1588
990	15.3255
1000	15.4921
1010	15.6588
1020	15.8255
1030	15.9921
1040	16.1588
1050	16.3255
1060	16.4921
1070	16.6588
1080	16.8255
1090	16.9921
74
360	4.88617
370	5.05284
380	5.2195
390	5.38617
400	5.55284
410	5.7195
420	5.88617
430	6.05284
440	6.2195
450	6.38617
460	6.55284
470	6.7195
480	6.88617
490	7.05284
500	7.2195
510	7.38617
520	7.55284
530	7.7195
540	7.88617
550	8.05284
560	8.2195
570	8.38617
580	8.55284
590	8.7195
600	8.88617
610	9.05284
620	9.2195
630	9.38617
640	9.55284
650	9.7195
660	9.88617
670	10.0528
680	10.2195
690	10.3862
700	10.5528
710	10.7195
720	10.8862
730	11.0528
740	11.2195
750	11.3862
760	11.5528
770	11.7195
780	11.8862
790	12.0528
800	12.2195
810	12.3862
820	12.5528
830	12.7195
840	12.8862
850	13.0528
860	13.2195
870	13.3862
880	13.5528
890	13.7195
900	13.8862
910	14.0528
920	14.2195
930	14.3862
940	14.5528
950	14.7195
960	14.8862
970	15.0528
980	15.2195
990	15.3862
1000	15.5528
1010	15.7195
1020	15.8862
1030	16.0528
1040	16.2195
1050	16.3862
1060	16.5528
1070	16.7195
1080	16.8862
1090	17.0528
74
360	5.04204
370	5.20871
380	5.37538
390	5.54204
400	5.70871
410	5.87538
420	6.04204
430	6.20871
440	6.37538
450	6.54204
460	6.70871
470	6.87538
480	7.04204
490	7.20871
500	7.37538
510	7.54204
520	7.70871
530	7.87538
540	8.04204
550	8.20871
560	8.37538
570	8.54204
580	8.70871
590	8.87538
600	9.04204
610	9.20871
620	9.37538
630	9.54204
640	9.70871
650	9.87538
660	10.042
670	10.2087
680	10.3754
690	10.542
700	10.7087
710	10.8754
720	11.042
730	11.2087
740	11.3754
750	11.542
760	11.7087
770	11.8754
780	12.042
790	12.2087
800	12.3754
810	12.542
820	12.7087
830	12.8754
840	13.042
850	13.2087
860	13.3754
870	13.542
880	13.7087
890	13.8754
900	14.042
910	14.2087
920	14.3754
930	14.542
940	14.7087
950	14.8754
960	15.042
970	15.2087
980	15.3754
990	15.542
1000	15.7087
1010	15.8754
1020	16.042
1030	16.2087
1040	16.3754
1050	16.542
1060	16.7087
1070	16.8754
1080	17.042
1090	17.2087
74
360	5.09886
370	5.26553
380	5.4322
390	5.59886
400	5.76553
410	5.9322
420	6.09886
430	6.26553
440	6.4322
450	6.59886
460	6.76553
470	6.9322
480	7.09886
490	7.26553
500	7.4322
510	7.59886
520	7.76553
530	7.9322
540	8.09886
550	8.26553
560	8.4322
570	8.59886
580	8.76553
590	8.9322
600	9.09886
610	9.26553
620	9.4322
630	9.59886
640	9.76553
650	9.9322
660	10.0989
670	10.2655
680	10.4322
690	10.5989
700	10.7655
710	10.9322
720	11.0989
730	11.2655
740	11.4322
750	11.5989
760	11.7655
770	11.9322
780	12.0989
790	12.2655
800	12.4322
810	12.5989
820	12.7655
830	12.9322
840	13.0989
850	13.2655
860	13.4322
870	13.5989
880	13.7655
890	13.9322
900	14.0989
910	14.2655
920	14.4322
930	14.5989
940	14.7655
950	14.9322
960	15.0989
970	15.2655
980	15.4322
990	15.5989
1000	15.7655
1010	15.9322
1020	16.0989
1030	16.2655
1040	16.4322
1050	16.5989
1060	16.7655
1070	16.9322
1080	17.0989
1090	17.2655
74
360	5.20133
370	5.36799
380	5.53466
390	5.70133
400	5.86799
410	6.03466
420	6.20133
430	6.36799
440	6.53466
450	6.70133
460	6.86799
470	7.03466
480	7.20133
490	7.36799
500	7.53466
510	7.70133
520	7.86799
530	8.03466
540	8.20133
550	8.36799
560	8.53466
570	8.70133
580	8.86799
590	9.03466
600	9.20133
610	9.36799
620	9.53466
630	9.70133
640	9.86799
650	10.0347
660	10.2013
670	10.368
680	10.5347
690	10.7013
700	10.868
710	11.0347
720	11.2013
730	11.368
740	11.5347
750	11.7013
760	11.868
770	12.0347
780	12.2013
790	12.368
800	12.5347
810	12.7013
820	12.868
830	13.0347
840	13.2013
850	13.368
860	13.5347
870	13.7013
880	13.868
890	14.0347
900	14.2013
910	14.368
920	14.5347
930	14.7013
940	14.868
950	15.0347
960	15.2013
970	15.368
980	15.5347
990	15.7013
1000	15.868
1010	16.0347
1020	16.2013
1030	16.368
1040	16.5347
1050	16.7013
1060	16.868
1070	17.0347
1080	17.2013
1090	17.368
74
360	5.30767
370	5.47434
380	5.64101
390	5.80767
400	5.97434
410	6.14101
420	6.30767
430	6.47434
440	6.64101
450	6.80767
460	6.97434
470	7.14101
480	7.30767
490	7.47434
500	7.64101
510	7.80767
520	7.97434
530	8.14101
540	8.30767
550	8.47434
560	8.64101
570	8.80767
580	8.97434
590	9.14101
600	9.30767
610	9.47434
620	9.64101
630	9.80767
640	9.97434
650	10.141
660	10.3077
670	10.4743
680	10.641
690	10.8077
700	10.9743
710	11.141
720	11.3077
730	11.4743
740	11.641
750	11.8077
760	11.9743
770	12.141
780	12.3077
790	12.4743
800	12.641
810	12.8077
820	12.9743
830	13.141
840	13.3077
850	13.4743
860	13.641
870	13.8077
880	13.9743
890	14.141
900	14.3077
910	14.4743
920	14.641
930	14.8077
940	14.9743
950	15.141
960	15.3077
970	15.4743
980	15.641
990	15.8077
1000	15.9743
1010	16.141
1020	16.3077
1030	16.4743
1040	16.641
1050	16.8077
1060	16.9743
1070	17.141
1080	17.3077
1090	17.4743
74
360	5.4786
370	5.64527
380	5.81194
390	5.9786
400	6.14527
410	6.31194
420	6.4786
430	6.64527
440	6.81194
450	6.9786
460	7.14527
470	7.31194
480	7.4786
490	7.64527
500	7.81194
510	7.9786
520	8.14527
530	8.31194
540	8.4786
550	8.64527
560	8.81194
570	8.9786
580	9.14527
590	9.31194
600	9.4786
610	9.64527
620	9.81194
630	9.9786
640	10.1453
650	10.3119
660	10.4786
670	10.6453
680	10.8119
690	10.9786
700	11.1453
710	11.3119
720	11.4786
730	11.6453
740	11.8119
750	11.9786
760	12.1453
770	12.3119
780	12.4786
790	12.6453
800	12.8119
810	12.9786
820	13.1453
830	13.3119
840	13.4786
850	13.6453
860	13.8119
870	13.9786
880	14.1453
890	14.3119
900	14.4786
910	14.6453
920	14.8119
930	14.9786
940	15.1453
950	15.3119
960	15.4786
970	15.6453
980	15.8119
990	15.9786
1000	16.1453
1010	16.3119
1020	16.4786
1030	16.6453
1040	16.8119
1050	16.9786
1060	17.1453
1070	17.3119
1080	17.4786
1090	17.6453
74
360	5.53542
370	5.70209
380	5.86876
390	6.03542
400	6.20209
410	6.36876
420	6.53542
430	6.70209
440	6.86876
450	7.03542
460	7.20209
470	7.36876
480	7.53542
490	7.70209
500	7.86876
510	8.03542
520	8.20209
530	8.36876
540	8.53542
550	8.70209
560	8.86876
570	9.03542
580	9.20209
590	9.36876
600	9.53542
610	9.70209
620	9.86876
630	10.0354
640	10.2021
650	10.3688
660	10.5354
670	10.7021
680	10.8688
690	11.0354
700	11.2021
710	11.3688
720	11.5354
730	11.7021
740	11.8688
750	12.0354
760	12.2021
770	12.3688
780	12.5354
790	12.7021
800	12.8688
810	13.0354
820	13.2021
830	13.3688
840	13.5354
850	13.7021
860	13.8688
870	14.0354
880	14.2021
890	14.3688
900	14.5354
910	14.7021
920	14.8688
930	15.0354
940	15.2021
950	15.3688
960	15.5354
970	15.7021
980	15.8688
990	16.0354
1000	16.2021
1010	16.3688
1020	16.5354
1030	16.7021
1040	16.8688
1050	17.0354
1060	17.2021
1070	17.3688
1080	17.5354
1090	17.7021
74
360	5.66459
370	5.83126
380	5.99793
390	6.16459
400	6.33126
410	6.49793
420	6.66459
430	6.83126
440	6.99793
450	7.16459
460	7.33126
470	7.49793
480	7.66459
490	7.83126
500	7.99793
510	8.16459
520	8.33126
530	8.49793
540	8.66459
550	8.83126
560	8.99793
570	9.16459
580	9.33126
590	9.49793
600	9.66459
610	9.83126
620	9.99793
630	10.1646
640	10.3313
650	10.4979
660	10.6646
670	10.8313
680	10.9979
690	11.1646
700	11.3313
710	11.4979
720	11.6646
730	11.8313
740	11.9979
750	12.1646
760	12.3313
770	12.4979
780	12.6646
790	12.8313
800	12.9979
810	13.1646
820	13.3313
830	13.4979
840	13.6646
850	13.8313
860	13.9979
870	14.1646
880	14.3313
890	14.4979
900	14.6646
910	14.8313
920	14.9979
930	15.1646
940	15.3313
950	15.4979
960	15.6646
970	15.8313
980	15.9979
990	16.1646
1000	16.3313
1010	16.4979
1020	16.6646
1030	16.8313
1040	16.9979
1050	17.1646
1060	17.3313
1070	17.4979
1080	17.6646
1090	17.8313
74
360	5.72141
370	5.88808
380	6.05474
390	6.22141
400	6.38808
410	6.55474
420	6.72141
430	6.88808
440	7.05474
450	7.22141
460	7.38808
470	7.55474
480	7.72141
490	7.88808
500	8.05474
510	8.22141
520	8.38808
530	8.55474
540	8.72141
550	8.88808
560	9.05474
570	9.22141
580	9.38808
590	9.55474
600	9.72141
610	9.88808
620	10.0547
630	10.2214
640	10.3881
650	10.5547
660	10.7214
670	10.8881
680	11.0547
690	11.2214
700	11.3881
710	11.5547
720	11.7214
730	11.8881
740	12.0547
750	12.2214
760	12.3881
770	12.5547
780	12.7214
790	12.8881
800	13.0547
810	13.2214
820	13.3881
830	13.5547
840	13.7214
850	13.8881
860	14.0547
870	14.2214
880	14.3881
890	14.5547
900	14.7214
910	14.8881
920	15.0547
930	15.2214
940	15.3881
950	15.5547
960	15.7214
970	15.8881
980	16.0547
990	16.2214
1000	16.3881
1010	16.5547
1020	16.7214
1030	16.8881
1040	17.0547
1050	17.2214
1060	17.3881
1070	17.5547
1080	17.7214
1090	17.8881
74
360	5.80494
370	5.9716
380	6.13827
390	6.30494
400	6.4716
410	6.63827
420	6.80494
430	6.9716
440	7.13827
450	7.30494
460	7.4716
470	7.63827
480	7.80494
490	7.9716
500	8.13827
510	8.30494
520	8.4716
530	8.63827
540	8.80494
550	8.9716
560	9.13827
570	9.30494
580	9.4716
590	9.63827
600	9.80494
610	9.9716
620	10.1383
630	10.3049
640	10.4716
650	10.6383
660	10.8049
670	10.9716
680	11.1383
690	11.3049
700	11.4716
710	11.6383
720	11.8049
730	11.9716
740	12.1383
750	12.3049
760	12.4716
770	12.6383
780	12.8049
790	12.9716
800	13.1383
810	13.3049
820	13.4716
830	13.6383
840	13.8049
850	13.9716
860	14.1383
870	14.3049
880	14.4716
890	14.6383
900	14.8049
910	14.9716
920	15.1383
930	15.3049
940	15.4716
950	15.6383
960	15.8049
970	15.9716
980	16.1383
990	16.3049
1000	16.4716
1010	16.6383
1020	16.8049
1030	16.9716
1040	17.1383
1050	17.3049
1060	17.4716
1070	17.6383
1080	17.8049
1090	17.9716
74
360	5.93799
370	6.10465
380	6.27132
390	6.43799
400	6.60465
410	6.77132
420	6.93799
430	7.10465
440	7.27132
450	7.43799
460	7.60465
470	7.77132
480	7.93799
490	8.10465
500	8.27132
510	8.43799
520	8.60465
530	8.77132
540	8.93799
550	9.10465
560	9.27132
570	9.43799
580	9.60465
590	9.77132
600	9.93799
610	10.1047
620	10.2713
630	10.438
640	10.6047
650	10.7713
660	10.938
670	11.1047
680	11.2713
690	11.438
700	11.6047
710	11.7713
720	11.938
730	12.1047
740	12.2713
750	12.438
760	12.6047
770	12.7713
780	12.938
790	13.1047
800	13.2713
810	13.438
820	13.6047
830	13.7713
840	13.938
850	14.1047
860	14.2713
870	14.438
880	14.6047
890	14.7713
900	14.938
910	15.1047
920	15.2713
930	15.438
940	15.6047
950	15.7713
960	15.938
970	16.1047
980	16.2713
990	16.438
1000	16.6047
1010	16.7713
1020	16.938
1030	17.1047
1040	17.2713
1050	17.438
1060	17.6047
1070	17.7713
1080	17.938
1090	18.1047
74
360	5.99481
370	6.16147
380	6.32814
390	6.49481
400	6.66147
410	6.82814
420	6.99481
430	7.16147
440	7.32814
450	7.49481
460	7.66147
470	7.82814
480	7.99481
490	8.16147
500	8.32814
510	8.49481
520	8.66147
530	8.82814
540	8.99481
550	9.16147
560	9.32814
570	9.49481
580	9.66147
590	9.82814
600	9.99481
610	10.1615
620	10.3281
630	10.4948
640	10.6615
650	10.8281
660	10.9948
670	11.1615
680	11.3281
690	11.4948
700	11.6615
710	11.8281
720	11.9948
730	12.1615
740	12.3281
750	12.4948
760	12.6615
770	12.8281
780	12.9948
790	13.1615
800	13.3281
810	13.4948
820	13.6615
830	13.8281
840	13.9948
850	14.1615
860	14.3281
870	14.4948
880	14.6615
890	14.8281
900	14.9948
910	15.1615
920	15.3281
930	15.4948
940	15.6615
950	15.8281
960	15.9948
970	16.1615
980	16.3281
990	16.4948
1000	16.6615
1010	16.8281
1020	16.9948
1030	17.1615
1040	17.3281
1050	17.4948
1060	17.6615
1070	17.8281
1080	17.9948
1090	18.1615
74
360	6.10115
370	6.26782
380	6.43449
390	6.60115
400	6.76782
410	6.93449
420	7.10115
430	7.26782
440	7.43449
450	7.60115
460	7.76782
470	7.93449
480	8.10115
490	8.26782
500	8.43449
510	8.60115
520	8.76782
530	8.93449
540	9.10115
550	9.26782
560	9.43449
570	9.60115
580	9.76782
590	9.93449
600	10.1012
610	10.2678
620	10.4345
630	10.6012
640	10.7678
650	10.9345
660	11.1012
670	11.2678
680	11.4345
690	11.6012
700	11.7678
710	11.9345
720	12.1012
730	12.2678
740	12.4345
750	12.6012
760	12.7678
770	12.9345
780	13.1012
790	13.2678
800	13.4345
810	13.6012
820	13.7678
830	13.9345
840	14.1012
850	14.2678
860	14.4345
870	14.6012
880	14.7678
890	14.9345
900	15.1012
910	15.2678
920	15.4345
930	15.6012
940	15.7678
950	15.9345
960	16.1012
970	16.2678
980	16.4345
990	16.6012
1000	16.7678
1010	16.9345
1020	17.1012
1030	17.2678
1040	17.4345
1050	17.6012
1060	17.7678
1070	17.9345
1080	18.1012
1090	18.2678
