81
70
400	0.216086
410	0.382752
420	0.549419
430	0.716086
440	0.882752
450	1.04942
460	1.21609
470	1.38275
480	1.54942
490	1.71609
500	1.88275
510	2.04942
520	2.21609
530	2.38275
540	2.54942
550	2.71609
560	2.88275
570	3.04942
580	3.21609
590	3.38275
600	3.54942
610	3.71609
620	3.88275
630	4.04942
640	4.21609
650	4.38275
660	4.54942
670	4.71609
680	4.88275
690	5.04942
700	5.21609
710	5.38275
720	5.54942
730	5.71609
740	5.88275
750	6.04942
760	6.21609
770	6.38275
780	6.54942
790	6.71609
800	6.88275
810	7.04942
820	7.21609
830	7.38275
840	7.54942
850	7.71609
860	7.88275
870	8.04942
880	8.21609
890	8.38275
900	8.54942
910	8.71609
920	8.88275
930	9.04942
940	9.21609
950	9.38275
960	9.54942
970	9.71609
980	9.88275
990	10.0494
1000	10.2161
1010	10.3828
1020	10.5494
1030	10.7161
1040	10.8828
1050	11.0494
1060	11.2161
1070	11.3828
1080	11.5494
1090	11.7161
71
390	0.0683585
400	0.235025
410	0.401692
420	0.568358
430	0.735025
440	0.901692
450	1.06836
460	1.23503
470	1.40169
480	1.56836
490	1.73503
500	1.90169
510	2.06836
520	2.23503
530	2.40169
540	2.56836
550	2.73503
560	2.90169
570	3.06836
580	3.23503
590	3.40169
600	3.56836
610	3.73503
620	3.90169
630	4.06836
640	4.23503
650	4.40169
660	4.56836
670	4.73503
680	4.90169
690	5.06836
700	5.23503
710	5.40169
720	5.56836
730	5.73503
740	5.90169
750	6.06836
760	6.23503
770	6.40169
780	6.56836
790	6.73503
800	6.90169
810	7.06836
820	7.23503
830	7.40169
840	7.56836
850	7.73503
860	7.90169
870	8.06836
880	8.23503
890	8.40169
900	8.56836
910	8.73503
920	8.90169
930	9.06836
940	9.23503
950	9.40169
960	9.56836
970	9.73503
980	9.90169
990	10.0684
1000	10.235
1010	10.4017
1020	10.5684
1030	10.735
1040	10.9017
1050	11.0684
1060	11.235
1070	11.4017
1080	11.5684
1090	11.735
72
380	0.165281
390	0.331948
400	0.498614
410	0.665281
420	0.831948
430	0.998614
440	1.16528
450	1.33195
460	1.49861
470	1.66528
480	1.83195
490	1.99861
500	2.16528
510	2.33195
520	2.49861
530	2.66528
540	2.83195
550	2.99861
560	3.16528
570	3.33195
580	3.49861
590	3.66528
600	3.83195
610	3.99861
620	4.16528
630	4.33195
640	4.49861
650	4.66528
660	4.83195
670	4.99861
680	5.16528
690	5.33195
700	5.49861
710	5.66528
720	5.83195
730	5.99861
740	6.16528
750	6.33195
760	6.49861
770	6.66528
780	6.83195
790	6.99861
800	7.16528
810	7.33195
820	7.49861
830	7.66528
840	7.83195
850	7.99861
860	8.16528
870	8.33195
880	8.49861
890	8.66528
900	8.83195
910	8.99861
920	9.16528
930	9.33195
940	9.49861
950	9.66528
960	9.83195
970	9.99861
980	10.1653
990	10.3319
1000	10.4986
1010	10.6653
1020	10.8319
1030	10.9986
1040	11.1653
1050	11.3319
1060	11.4986
1070	11.6653
1080	11.8319
1090	11.9986
73
370	0.0175537
380	0.18422
390	0.350887
400	0.517554
410	0.68422
420	0.850887
430	1.01755
440	1.18422
450	1.35089
460	1.51755
470	1.68422
480	1.85089
490	2.01755
500	2.18422
510	2.35089
520	2.51755
530	2.68422
540	2.85089
550	3.01755
560	3.18422
570	3.35089
580	3.51755
590	3.68422
600	3.85089
610	4.01755
620	4.18422
630	4.35089
640	4.51755
650	4.68422
660	4.85089
670	5.01755
680	5.18422
690	5.35089
700	5.51755
710	5.68422
720	5.85089
730	6.01755
740	6.18422
750	6.35089
760	6.51755
770	6.68422
780	6.85089
790	7.01755
800	7.18422
810	7.35089
820	7.51755
830	7.68422
840	7.85089
850	8.01755
860	8.18422
870	8.35089
880	8.51755
890	8.68422
900	8.85089
910	9.01755
920	9.18422
930	9.35089
940	9.51755
950	9.68422
960	9.85089
970	10.0176
980	10.1842
990	10.3509
1000	10.5176
1010	10.6842
1020	10.8509
1030	11.0176
1040	11.1842
1050	11.3509
1060	11.5176
1070	11.6842
1080	11.8509
1090	12.0176
74
360	0
370	0.166667
380	0.333333
390	0.5
400	0.666667
410	0.833333
420	1
430	1.16667
440	1.33333
450	1.5
460	1.66667
470	1.83333
480	2
490	2.16667
500	2.33333
510	2.5
520	2.66667
530	2.83333
540	3
550	3.16667
560	3.33333
570	3.5
580	3.66667
590	3.83333
600	4
610	4.16667
620	4.33333
630	4.5
640	4.66667
650	4.83333
660	5
670	5.16667
680	5.33333
690	5.5
700	5.66667
710	5.83333
720	6
730	6.16667
740	6.33333
750	6.5
760	6.66667
770	6.83333
780	7
790	7.16667
800	7.33333
810	7.5
820	7.66667
830	7.83333
840	8
850	8.16667
860	8.33333
870	8.5
880	8.66667
890	8.83333
900	9
910	9.16667
920	9.33333
930	9.5
940	9.66667
950	9.83333
960	10
970	10.1667
980	10.3333
990	10.5
1000	10.6667
1010	10.8333
1020	11
1030	11.1667
1040	11.3333
1050	11.5
1060	11.6667
1070	11.8333
1080	12
1090	12.1667
74
360	0.130562
370	0.297229
380	0.463895
390	0.630562
400	0.797229
410	0.963895
420	1.13056
430	1.29723
440	1.4639
450	1.63056
460	1.79723
470	1.9639
480	2.13056
490	2.29723
500	2.4639
510	2.63056
520	2.79723
530	2.9639
540	3.13056
550	3.29723
560	3.4639
570	3.63056
580	3.79723
590	3.9639
600	4.13056
610	4.29723
620	4.4639
630	4.63056
640	4.79723
650	4.9639
660	5.13056
670	5.29723
680	5.4639
690	5.63056
700	5.79723
710	5.9639
720	6.13056
730	6.29723
740	6.4639
750	6.63056
760	6.79723
770	6.9639
780	7.13056
790	7.29723
800	7.4639
810	7.63056
820	7.79723
830	7.9639
840	8.13056
850	8.29723
860	8.4639
870	8.63056
880	8.79723
890	8.9639
900	9.13056
910	9.29723
920	9.4639
930	9.63056
940	9.79723
950	9.9639
960	10.1306
970	10.2972
980	10.4639
990	10.6306
1000	10.7972
1010	10.9639
1020	11.1306
1030	11.2972
1040	11.4639
1050	11.6306
1060	11.7972
1070	11.9639
1080	12.1306
1090	12.2972
74
360	0.320546
370	0.487213
380	0.653879
390	0.820546
400	0.987213
410	1.15388
420	1.32055
430	1.48721
440	1.65388
450	1.82055
460	1.98721
470	2.15388
480	2.32055
490	2.48721
500	2.65388
510	2.82055
520	2.98721
530	3.15388
540	3.32055
550	3.48721
560	3.65388
570	3.82055
580	3.98721
590	4.15388
600	4.32055
610	4.48721
620	4.65388
630	4.82055
640	4.98721
650	5.15388
660	5.32055
670	5.48721
680	5.65388
690	5.82055
700	5.98721
710	6.15388
720	6.32055
730	6.48721
740	6.65388
750	6.82055
760	6.98721
770	7.15388
780	7.32055
790	7.48721
800	7.65388
810	7.82055
820	7.98721
830	8.15388
840	8.32055
850	8.48721
860	8.65388
870	8.82055
880	8.98721
890	9.15388
900	9.32055
910	9.48721
920	9.65388
930	9.82055
940	9.98721
950	10.1539
960	10.3205
970	10.4872
980	10.6539
990	10.8205
1000	10.9872
1010	11.1539
1020	11.3205
1030	11.4872
1040	11.6539
1050	11.8205
1060	11.9872
1070	12.1539
1080	12.3205
1090	12.4872
74
360	0.477502
370	0.644168
380	0.810835
390	0.977502
400	1.14417
410	1.31084
420	1.4775
430	1.64417
440	1.81084
450	1.9775
460	2.14417
470	2.31084
480	2.4775
490	2.64417
500	2.81084
510	2.9775
520	3.14417
530	3.31084
540	3.4775
550	3.64417
560	3.81084
570	3.9775
580	4.14417
590	4.31084
600	4.4775
610	4.64417
620	4.81084
630	4.9775
640	5.14417
650	5.31084
660	5.4775
670	5.64417
680	5.81084
690	5.9775
700	6.14417
710	6.31084
720	6.4775
730	6.64417
740	6.81084
750	6.9775
760	7.14417
770	7.31084
780	7.4775
790	7.64417
800	7.81084
810	7.9775
820	8.14417
830	8.31084
840	8.4775
850	8.64417
860	8.81084
870	8.9775
880	9.14417
890	9.31084
900	9.4775
910	9.64417
920	9.81084
930	9.9775
940	10.1442
950	10.3108
960	10.4775
970	10.6442
980	10.8108
990	10.9775
1000	11.1442
1010	11.3108
1020	11.4775
1030	11.6442
1040	11.8108
1050	11.9775
1060	12.1442
1070	12.3108
1080	12.4775
1090	12.6442
74
360	0.635643
370	0.80231
380	0.968977
390	1.13564
400	1.30231
410	1.46898
420	1.63564
430	1.80231
440	1.96898
450	2.13564
460	2.30231
470	2.46898
480	2.63564
490	2.80231
500	2.96898
510	3.13564
520	3.30231
530	3.46898
540	3.63564
550	3.80231
560	3.96898
570	4.13564
580	4.30231
590	4.46898
600	4.63564
610	4.80231
620	4.96898
630	5.13564
640	5.30231
650	5.46898
660	5.63564
670	5.80231
680	5.96898
690	6.13564
700	6.30231
710	6.46898
720	6.63564
730	6.80231
740	6.96898
750	7.13564
760	7.30231
770	7.46898
780	7.63564
790	7.80231
800	7.96898
810	8.13564
820	8.30231
830	8.46898
840	8.63564
850	8.80231
860	8.96898
870	9.13564
880	9.30231
890	9.46898
900	9.63564
910	9.80231
920	9.96898
930	10.1356
940	10.3023
950	10.469
960	10.6356
970	10.8023
980	10.969
990	11.1356
1000	11.3023
1010	11.469
1020	11.6356
1030	11.8023
1040	11.969
1050	12.1356
1060	12.3023
1070	12.469
1080	12.6356
1090	12.8023
74
360	0.811799
370	0.978466
380	1.14513
390	1.3118
400	1.47847
410	1.64513
420	1.8118
430	1.97847
440	2.14513
450	2.3118
460	2.47847
470	2.64513
480	2.8118
490	2.97847
500	3.14513
510	3.3118
520	3.47847
530	3.64513
540	3.8118
550	3.97847
560	4.14513
570	4.3118
580	4.47847
590	4.64513
600	4.8118
610	4.97847
620	5.14513
630	5.3118
640	5.47847
650	5.64513
660	5.8118
670	5.97847
680	6.14513
690	6.3118
700	6.47847
710	6.64513
720	6.8118
730	6.97847
740	7.14513
750	7.3118
760	7.47847
770	7.64513
780	7.8118
790	7.97847
800	8.14513
810	8.3118
820	8.47847
830	8.64513
840	8.8118
850	8.97847
860	9.14513
870	9.3118
880	9.47847
890	9.64513
900	9.8118
910	9.97847
920	10.1451
930	10.3118
940	10.4785
950	10.6451
960	10.8118
970	10.9785
980	11.1451
990	11.3118
1000	11.4785
1010	11.6451
1020	11.8118
1030	11.9785
1040	12.1451
1050	12.3118
1060	12.4785
1070	12.6451
1080	12.8118
1090	12.9785
74
360	0.929903
370	1.09657
380	1.26324
390	1.4299
400	1.59657
410	1.76324
420	1.9299
430	2.09657
440	2.26324
450	2.4299
460	2.59657
470	2.76324
480	2.9299
490	3.09657
500	3.26324
510	3.4299
520	3.59657
530	3.76324
540	3.9299
550	4.09657
560	4.26324
570	4.4299
580	4.59657
590	4.76324
600	4.9299
610	5.09657
620	5.26324
630	5.4299
640	5.59657
650	5.76324
660	5.9299
670	6.09657
680	6.26324
690	6.4299
700	6.59657
710	6.76324
720	6.9299
730	7.09657
740	7.26324
750	7.4299
760	7.59657
770	7.76324
780	7.9299
790	8.09657
800	8.26324
810	8.4299
820	8.59657
830	8.76324
840	8.9299
850	9.09657
860	9.26324
870	9.4299
880	9.59657
890	9.76324
900	9.9299
910	10.0966
920	10.2632
930	10.4299
940	10.5966
950	10.7632
960	10.9299
970	11.0966
980	11.2632
990	11.4299
1000	11.5966
1010	11.7632
1020	11.9299
1030	12.0966
1040	12.2632
1050	12.4299
1060	12.5966
1070	12.7632
1080	12.9299
1090	13.0966
74
360	1.00826
370	1.17493
380	1.34159
390	1.50826
400	1.67493
410	1.84159
420	2.00826
430	2.17493
440	2.34159
450	2.50826
460	2.67493
470	2.84159
480	3.00826
490	3.17493
500	3.34159
510	3.50826
520	3.67493
530	3.84159
540	4.00826
550	4.17493
560	4.34159
570	4.50826
580	4.67493
590	4.84159
600	5.00826
610	5.17493
620	5.34159
630	5.50826
640	5.67493
650	5.84159
660	6.00826
670	6.17493
680	6.34159
690	6.50826
700	6.67493
710	6.84159
720	7.00826
730	7.17493
740	7.34159
750	7.50826
760	7.67493
770	7.84159
780	8.00826
790	8.17493
800	8.34159
810	8.50826
820	8.67493
830	8.84159
840	9.00826
850	9.17493
860	9.34159
870	9.50826
880	9.67493
890	9.84159
900	10.0083
910	10.1749
920	10.3416
930	10.5083
940	10.6749
950	10.8416
960	11.0083
970	11.1749
980	11.3416
990	11.5083
1000	11.6749
1010	11.8416
1020	12.0083
1030	12.1749
1040	12.3416
1050	12.5083
1060	12.6749
1070	12.8416
1080	13.0083
1090	13.1749
74
360	1.06319
370	1.22985
380	1.39652
390	1.56319
400	1.72985
410	1.89652
420	2.06319
430	2.22985
440	2.39652
450	2.56319
460	2.72985
470	2.89652
480	3.06319
490	3.22985
500	3.39652
510	3.56319
520	3.72985
530	3.89652
540	4.06319
550	4.22985
560	4.39652
570	4.56319
580	4.72985
590	4.89652
600	5.06319
610	5.22985
620	5.39652
630	5.56319
640	5.72985
650	5.89652
660	6.06319
670	6.22985
680	6.39652
690	6.56319
700	6.72985
710	6.89652
720	7.06319
730	7.22985
740	7.39652
750	7.56319
760	7.72985
770	7.89652
780	8.06319
790	8.22985
800	8.39652
810	8.56319
820	8.72985
830	8.89652
840	9.06319
850	9.22985
860	9.39652
870	9.56319
880	9.72985
890	9.89652
900	10.0632
910	10.2299
920	10.3965
930	10.5632
940	10.7299
950	10.8965
960	11.0632
970	11.2299
980	11.3965
990	11.5632
1000	11.7299
1010	11.8965
1020	12.0632
1030	12.2299
1040	12.3965
1050	12.5632
1060	12.7299
1070	12.8965
1080	13.0632
1090	13.2299
74
360	1.12348
370	1.29014
380	1.45681
390	1.62348
400	1.79014
410	1.95681
420	2.12348
430	2.29014
440	2.45681
450	2.62348
460	2.79014
470	2.95681
480	3.12348
490	3.29014
500	3.45681
510	3.62348
520	3.79014
530	3.95681
540	4.12348
550	4.29014
560	4.45681
570	4.62348
580	4.79014
590	4.95681
600	5.12348
610	5.29014
620	5.45681
630	5.62348
640	5.79014
650	5.95681
660	6.12348
670	6.29014
680	6.45681
690	6.62348
700	6.79014
710	6.95681
720	7.12348
730	7.29014
740	7.45681
750	7.62348
760	7.79014
770	7.95681
780	8.12348
790	8.29014
800	8.45681
810	8.62348
820	8.79014
830	8.95681
840	9.12348
850	9.29014
860	9.45681
870	9.62348
880	9.79014
890	9.95681
900	10.1235
910	10.2901
920	10.4568
930	10.6235
940	10.7901
950	10.9568
960	11.1235
970	11.2901
980	11.4568
990	11.6235
1000	11.7901
1010	11.9568
1020	12.1235
1030	12.2901
1040	12.4568
1050	12.6235
1060	12.7901
1070	12.9568
1080	13.1235
1090	13.2901
74
360	1.20818
370	1.37485
380	1.54152
390	1.70818
400	1.87485
410	2.04152
420	2.20818
430	2.37485
440	2.54152
450	2.70818
460	2.87485
470	3.04152
480	3.20818
490	3.37485
500	3.54152
510	3.70818
520	3.87485
530	4.04152
540	4.20818
550	4.37485
560	4.54152
570	4.70818
580	4.87485
590	5.04152
600	5.20818
610	5.37485
620	5.54152
630	5.70818
640	5.87485
650	6.04152
660	6.20818
670	6.37485
680	6.54152
690	6.70818
700	6.87485
710	7.04152
720	7.20818
730	7.37485
740	7.54152
750	7.70818
760	7.87485
770	8.04152
780	8.20818
790	8.37485
800	8.54152
810	8.70818
820	8.87485
830	9.04152
840	9.20818
850	9.37485
860	9.54152
870	9.70818
880	9.87485
890	10.0415
900	10.2082
910	10.3748
920	10.5415
930	10.7082
940	10.8748
950	11.0415
960	11.2082
970	11.3748
980	11.5415
990	11.7082
1000	11.8748
1010	12.0415
1020	12.2082
1030	12.3748
1040	12.5415
1050	12.7082
1060	12.8748
1070	13.0415
1080	13.2082
1090	13.3748
74
360	1.26431
370	1.43098
380	1.59764
390	1.76431
400	1.93098
410	2.09764
420	2.26431
430	2.43098
440	2.59764
450	2.76431
460	2.93098
470	3.09764
480	3.26431
490	3.43098
500	3.59764
510	3.76431
520	3.93098
530	4.09764
540	4.26431
550	4.43098
560	4.59764
570	4.76431
580	4.93098
590	5.09764
600	5.26431
610	5.43098
620	5.59764
630	5.76431
640	5.93098
650	6.09764
660	6.26431
670	6.43098
680	6.59764
690	6.76431
700	6.93098
710	7.09764
720	7.26431
730	7.43098
740	7.59764
750	7.76431
760	7.93098
770	8.09764
780	8.26431
790	8.43098
800	8.59764
810	8.76431
820	8.93098
830	9.09764
840	9.26431
850	9.43098
860	9.59764
870	9.76431
880	9.93098
890	10.0976
900	10.2643
910	10.431
920	10.5976
930	10.7643
940	10.931
950	11.0976
960	11.2643
970	11.431
980	11.5976
990	11.7643
1000	11.931
1010	12.0976
1020	12.2643
1030	12.431
1040	12.5976
1050	12.7643
1060	12.931
1070	13.0976
1080	13.2643
1090	13.431
74
360	1.36617
370	1.53283
380	1.6995
390	1.86617
400	2.03283
410	2.1995
420	2.36617
430	2.53283
440	2.6995
450	2.86617
460	3.03283
470	3.1995
480	3.36617
490	3.53283
500	3.6995
510	3.86617
520	4.03283
530	4.1995
540	4.36617
550	4.53283
560	4.6995
570	4.86617
580	5.03283
590	5.1995
600	5.36617
610	5.53283
620	5.6995
630	5.86617
640	6.03283
650	6.1995
660	6.36617
670	6.53283
680	6.6995
690	6.86617
700	7.03283
710	7.1995
720	7.36617
730	7.53283
740	7.6995
750	7.86617
760	8.03283
770	8.1995
780	8.36617
790	8.53283
800	8.6995
810	8.86617
820	9.03283
830	9.1995
840	9.36617
850	9.53283
860	9.6995
870	9.86617
880	10.0328
890	10.1995
900	10.3662
910	10.5328
920	10.6995
930	10.8662
940	11.0328
950	11.1995
960	11.3662
970	11.5328
980	11.6995
990	11.8662
1000	12.0328
1010	12.1995
1020	12.3662
1030	12.5328
1040	12.6995
1050	12.8662
1060	13.0328
1070	13.1995
1080	13.3662
1090	13.5328
74
360	1.42316
370	1.58982
380	1.75649
390	1.92316
400	2.08982
410	2.25649
420	2.42316
430	2.58982
440	2.75649
450	2.92316
460	3.08982
470	3.25649
480	3.42316
490	3.58982
500	3.75649
510	3.92316
520	4.08982
530	4.25649
540	4.42316
550	4.58982
560	4.75649
570	4.92316
580	5.08982
590	5.25649
600	5.42316
610	5.58982
620	5.75649
630	5.92316
640	6.08982
650	6.25649
660	6.42316
670	6.58982
680	6.75649
690	6.92316
700	7.08982
710	7.25649
720	7.42316
730	7.58982
740	7.75649
750	7.92316
760	8.08982
770	8.25649
780	8.42316
790	8.58982
800	8.75649
810	8.92316
820	9.08982
830	9.25649
840	9.42316
850	9.58982
860	9.75649
870	9.92316
880	10.0898
890	10.2565
900	10.4232
910	10.5898
920	10.7565
930	10.9232
940	11.0898
950	11.2565
960	11.4232
970	11.5898
980	11.7565
990	11.9232
1000	12.0898
1010	12.2565
1020	12.4232
1030	12.5898
1040	12.7565
1050	12.9232
1060	13.0898
1070	13.2565
1080	13.4232
1090	13.5898
74
360	1.48906
370	1.65573
380	1.82239
390	1.98906
400	2.15573
410	2.32239
420	2.48906
430	2.65573
440	2.82239
450	2.98906
460	3.15573
470	3.32239
480	3.48906
490	3.65573
500	3.82239
510	3.98906
520	4.15573
530	4.32239
540	4.48906
550	4.65573
560	4.82239
570	4.98906
580	5.15573
590	5.32239
600	5.48906
610	5.65573
620	5.82239
630	5.98906
640	6.15573
650	6.32239
660	6.48906
670	6.65573
680	6.82239
690	6.98906
700	7.15573
710	7.32239
720	7.48906
730	7.65573
740	7.82239
750	7.98906
760	8.15573
770	8.32239
780	8.48906
790	8.65573
800	8.82239
810	8.98906
820	9.15573
830	9.32239
840	9.48906
850	9.65573
860	9.82239
870	9.98906
880	10.1557
890	10.3224
900	10.4891
910	10.6557
920	10.8224
930	10.9891
940	11.1557
950	11.3224
960	11.4891
970	11.6557
980	11.8224
990	11.9891
1000	12.1557
1010	12.3224
1020	12.4891
1030	12.6557
1040	12.8224
1050	12.9891
1060	13.1557
1070	13.3224
1080	13.4891
1090	13.6557
74
360	1.55613
370	1.72279
380	1.88946
390	2.05613
400	2.22279
410	2.38946
420	2.55613
430	2.72279
440	2.88946
450	3.05613
460	3.22279
470	3.38946
480	3.55613
490	3.72279
500	3.88946
510	4.05613
520	4.22279
530	4.38946
540	4.55613
550	4.72279
560	4.88946
570	5.05613
580	5.22279
590	5.38946
600	5.55613
610	5.72279
620	5.88946
630	6.05613
640	6.22279
650	6.38946
660	6.55613
670	6.72279
680	6.88946
690	7.05613
700	7.22279
710	7.38946
720	7.55613
730	7.72279
740	7.88946
750	8.05613
760	8.22279
770	8.38946
780	8.55613
790	8.72279
800	8.88946
810	9.05613
820	9.22279
830	9.38946
840	9.55613
850	9.72279
860	9.88946
870	10.0561
880	10.2228
890	10.3895
900	10.5561
910	10.7228
920	10.8895
930	11.0561
940	11.2228
950	11.3895
960	11.5561
970	11.7228
980	11.8895
990	12.0561
1000	12.2228
1010	12.3895
1020	12.5561
1030	12.7228
1040	12.8895
1050	13.0561
1060	13.2228
1070	13.3895
1080	13.5561
1090	13.7228
74
360	1.64039
370	1.80705
380	1.97372
390	2.14039
400	2.30705
410	2.47372
420	2.64039
430	2.80705
440	2.97372
450	3.14039
460	3.30705
470	3.47372
480	3.64039
490	3.80705
500	3.97372
510	4.14039
520	4.30705
530	4.47372
540	4.64039
550	4.80705
560	4.97372
570	5.14039
580	5.30705
590	5.47372
600	5.64039
610	5.80705
620	5.97372
630	6.14039
640	6.30705
650	6.47372
660	6.64039
670	6.80705
680	6.97372
690	7.14039
700	7.30705
710	7.47372
720	7.64039
730	7.80705
740	7.97372
750	8.14039
760	8.30705
770	8.47372
780	8.64039
790	8.80705
800	8.97372
810	9.14039
820	9.30705
830	9.47372
840	9.64039
850	9.80705
860	9.97372
870	10.1404
880	10.3071
890	10.4737
900	10.6404
910	10.8071
920	10.9737
930	11.1404
940	11.3071
950	11.4737
960	11.6404
970	11.8071
980	11.9737
990	12.1404
1000	12.3071
1010	12.4737
1020	12.6404
1030	12.8071
1040	12.9737
1050	13.1404
1060	13.3071
1070	13.4737
1080	13.6404
1090	13.8071
74
360	1.71071
370	1.87737
380	2.04404
390	2.21071
400	2.37737
410	2.54404
420	2.71071
430	2.87737
440	3.04404
450	3.21071
460	3.37737
470	3.54404
480	3.71071
490	3.87737
500	4.04404
510	4.21071
520	4.37737
530	4.54404
540	4.71071
550	4.87737
560	5.04404
570	5.21071
580	5.37737
590	5.54404
600	5.71071
610	5.87737
620	6.04404
630	6.21071
640	6.37737
650	6.54404
660	6.71071
670	6.87737
680	7.04404
690	7.21071
700	7.37737
710	7.54404
720	7.71071
730	7.87737
740	8.04404
750	8.21071
760	8.37737
770	8.54404
780	8.71071
790	8.87737
800	9.04404
810	9.21071
820	9.37737
830	9.54404
840	9.71071
850	9.87737
860	10.044
870	10.2107
880	10.3774
890	10.544
900	10.7107
910	10.8774
920	11.044
930	11.2107
940	11.3774
950	11.544
960	11.7107
970	11.8774
980	12.044
990	12.2107
1000	12.3774
1010	12.544
1020	12.7107
1030	12.8774
1040	13.044
1050	13.2107
1060	13.3774
1070	13.544
1080	13.7107
1090	13.8774
74
360	1.76222
370	1.92888
380	2.09555
390	2.26222
400	2.42888
410	2.59555
420	2.76222
430	2.92888
440	3.09555
450	3.26222
460	3.42888
470	3.59555
480	3.76222
490	3.92888
500	4.09555
510	4.26222
520	4.42888
530	4.59555
540	4.76222
550	4.92888
560	5.09555
570	5.26222
580	5.42888
590	5.59555
600	5.76222
610	5.92888
620	6.09555
630	6.26222
640	6.42888
650	6.59555
660	6.76222
670	6.92888
680	7.09555
690	7.26222
700	7.42888
710	7.59555
720	7.76222
730	7.92888
740	8.09555
750	8.26222
760	8.42888
770	8.59555
780	8.76222
790	8.92888
800	9.09555
810	9.26222
820	9.42888
830	9.59555
840	9.76222
850	9.92888
860	10.0955
870	10.2622
880	10.4289
890	10.5955
900	10.7622
910	10.9289
920	11.0955
930	11.2622
940	11.4289
950	11.5955
960	11.7622
970	11.9289
980	12.0955
990	12.2622
1000	12.4289
1010	12.5955
1020	12.7622
1030	12.9289
1040	13.0955
1050	13.2622
1060	13.4289
1070	13.5955
1080	13.7622
1090	13.9289
74
360	1.84785
370	2.01452
380	2.18119
390	2.34785
400	2.51452
410	2.68119
420	2.84785
430	3.01452
440	3.18119
450	3.34785
460	3.51452
470	3.68119
480	3.84785
490	4.01452
500	4.18119
510	4.34785
520	4.51452
530	4.68119
540	4.84785
550	5.01452
560	5.18119
570	5.34785
580	5.51452
590	5.68119
600	5.84785
610	6.01452
620	6.18119
630	6.34785
640	6.51452
650	6.68119
660	6.84785
670	7.01452
680	7.18119
690	7.34785
700	7.51452
710	7.68119
720	7.84785
730	8.01452
740	8.18119
750	8.34785
760	8.51452
770	8.68119
780	8.84785
790	9.01452
800	9.18119
810	9.34785
820	9.51452
830	9.68119
840	9.84785
850	10.0145
860	10.1812
870	10.3479
880	10.5145
890	10.6812
900	10.8479
910	11.0145
920	11.1812
930	11.3479
940	11.5145
950	11.6812
960	11.8479
970	12.0145
980	12.1812
990	12.3479
1000	12.5145
1010	12.6812
1020	12.8479
1030	13.0145
1040	13.1812
1050	13.3479
1060	13.5145
1070	13.6812
1080	13.8479
1090	14.0145
74
360	1.9154
370	2.08207
380	2.24874
390	2.4154
400	2.58207
410	2.74874
420	2.9154
430	3.08207
440	3.24874
450	3.4154
460	3.58207
470	3.74874
480	3.9154
490	4.08207
500	4.24874
510	4.4154
520	4.58207
530	4.74874
540	4.9154
550	5.08207
560	5.24874
570	5.4154
580	5.58207
590	5.74874
600	5.9154
610	6.08207
620	6.24874
630	6.4154
640	6.58207
650	6.74874
660	6.9154
670	7.08207
680	7.24874
690	7.4154
700	7.58207
710	7.74874
720	7.9154
730	8.08207
740	8.24874
750	8.4154
760	8.58207
770	8.74874
780	8.9154
790	9.08207
800	9.24874
810	9.4154
820	9.58207
830	9.74874
840	9.9154
850	10.0821
860	10.2487
870	10.4154
880	10.5821
890	10.7487
900	10.9154
910	11.0821
920	11.2487
930	11.4154
940	11.5821
950	11.7487
960	11.9154
970	12.0821
980	12.2487
990	12.4154
1000	12.5821
1010	12.7487
1020	12.9154
1030	13.0821
1040	13.2487
1050	13.4154
1060	13.5821
1070	13.7487
1080	13.9154
1090	14.0821
74
360	1.97701
370	2.14367
380	2.31034
390	2.47701
400	2.64367
410	2.81034
420	2.97701
430	3.14367
440	3.31034
450	3.47701
460	3.64367
470	3.81034
480	3.97701
490	4.14367
500	4.31034
510	4.47701
520	4.64367
530	4.81034
540	4.97701
550	5.14367
560	5.31034
570	5.47701
580	5.64367
590	5.81034
600	5.97701
610	6.14367
620	6.31034
630	6.47701
640	6.64367
650	6.81034
660	6.97701
670	7.14367
680	7.31034
690	7.47701
700	7.64367
710	7.81034
720	7.97701
730	8.14367
740	8.31034
750	8.47701
760	8.64367
770	8.81034
780	8.97701
790	9.14367
800	9.31034
810	9.47701
820	9.64367
830	9.81034
840	9.97701
850	10.1437
860	10.3103
870	10.477
880	10.6437
890	10.8103
900	10.977
910	11.1437
920	11.3103
930	11.477
940	11.6437
950	11.8103
960	11.977
970	12.1437
980	12.3103
990	12.477
1000	12.6437
1010	12.8103
1020	12.977
1030	13.1437
1040	13.3103
1050	13.477
1060	13.6437
1070	13.8103
1080	13.977
1090	14.1437
74
360	2.05803
370	2.2247
380	2.39137
390	2.55803
400	2.7247
410	2.89137
420	3.05803
430	3.2247
440	3.39137
450	3.55803
460	3.7247
470	3.89137
480	4.05803
490	4.2247
500	4.39137
510	4.55803
520	4.7247
530	4.89137
540	5.05803
550	5.2247
560	5.39137
570	5.55803
580	5.7247
590	5.89137
600	6.05803
610	6.2247
620	6.39137
630	6.55803
640	6.7247
650	6.89137
660	7.05803
670	7.2247
680	7.39137
690	7.55803
700	7.7247
710	7.89137
720	8.05803
730	8.2247
740	8.39137
750	8.55803
760	8.7247
770	8.89137
780	9.05803
790	9.2247
800	9.39137
810	9.55803
820	9.7247
830	9.89137
840	10.058
850	10.2247
860	10.3914
870	10.558
880	10.7247
890	10.8914
900	11.058
910	11.2247
920	11.3914
930	11.558
940	11.7247
950	11.8914
960	12.058
970	12.2247
980	12.3914
990	12.558
1000	12.7247
1010	12.8914
1020	13.058
1030	13.2247
1040	13.3914
1050	13.558
1060	13.7247
1070	13.8914
1080	14.058
1090	14.2247
74
360	2.10907
370	2.27574
380	2.44241
390	2.60907
400	2.77574
410	2.94241
420	3.10907
430	3.27574
440	3.44241
450	3.60907
460	3.77574
470	3.94241
480	4.10907
490	4.27574
500	4.44241
510	4.60907
520	4.77574
530	4.94241
540	5.10907
550	5.27574
560	5.44241
570	5.60907
580	5.77574
590	5.94241
600	6.10907
610	6.27574
620	6.44241
630	6.60907
640	6.77574
650	6.94241
660	7.10907
670	7.27574
680	7.44241
690	7.60907
700	7.77574
710	7.94241
720	8.10907
730	8.27574
740	8.44241
750	8.60907
760	8.77574
770	8.94241
780	9.10907
790	9.27574
800	9.44241
810	9.60907
820	9.77574
830	9.94241
840	10.1091
850	10.2757
860	10.4424
870	10.6091
880	10.7757
890	10.9424
900	11.1091
910	11.2757
920	11.4424
930	11.6091
940	11.7757
950	11.9424
960	12.1091
970	12.2757
980	12.4424
990	12.6091
1000	12.7757
1010	12.9424
1020	13.1091
1030	13.2757
1040	13.4424
1050	13.6091
1060	13.7757
1070	13.9424
1080	14.1091
1090	14.2757
74
360	2.16031
370	2.32698
380	2.49364
390	2.66031
400	2.82698
410	2.99364
420	3.16031
430	3.32698
440	3.49364
450	3.66031
460	3.82698
470	3.99364
480	4.16031
490	4.32698
500	4.49364
510	4.66031
520	4.82698
530	4.99364
540	5.16031
550	5.32698
560	5.49364
570	5.66031
580	5.82698
590	5.99364
600	6.16031
610	6.32698
620	6.49364
630	6.66031
640	6.82698
650	6.99364
660	7.16031
670	7.32698
680	7.49364
690	7.66031
700	7.82698
710	7.99364
720	8.16031
730	8.32698
740	8.49364
750	8.66031
760	8.82698
770	8.99364
780	9.16031
790	9.32698
800	9.49364
810	9.66031
820	9.82698
830	9.99364
840	10.1603
850	10.327
860	10.4936
870	10.6603
880	10.827
890	10.9936
900	11.1603
910	11.327
920	11.4936
930	11.6603
940	11.827
950	11.9936
960	12.1603
970	12.327
980	12.4936
990	12.6603
1000	12.827
1010	12.9936
1020	13.1603
1030	13.327
1040	13.4936
1050	13.6603
1060	13.827
1070	13.9936
1080	14.1603
1090	14.327
74
360	2.25661
370	2.42327
380	2.58994
390	2.75661
400	2.92327
410	3.08994
420	3.25661
430	3.42327
440	3.58994
450	3.75661
460	3.92327
470	4.08994
480	4.25661
490	4.42327
500	4.58994
510	4.75661
520	4.92327
530	5.08994
540	5.25661
550	5.42327
560	5.58994
570	5.75661
580	5.92327
590	6.08994
600	6.25661
610	6.42327
620	6.58994
630	6.75661
640	6.92327
650	7.08994
660	7.25661
670	7.42327
680	7.58994
690	7.75661
700	7.92327
710	8.08994
720	8.25661
730	8.42327
740	8.58994
750	8.75661
760	8.92327
770	9.08994
780	9.25661
790	9.42327
800	9.58994
810	9.75661
820	9.92327
830	10.0899
840	10.2566
850	10.4233
860	10.5899
870	10.7566
880	10.9233
890	11.0899
900	11.2566
910	11.4233
920	11.5899
930	11.7566
940	11.9233
950	12.0899
960	12.2566
970	12.4233
980	12.5899
990	12.7566
1000	12.9233
1010	13.0899
1020	13.2566
1030	13.4233
1040	13.5899
1050	13.7566
1060	13.9233
1070	14.0899
1080	14.2566
1090	14.4233
74
360	2.32071
370	2.48738
380	2.65404
390	2.82071
400	2.98738
410	3.15404
420	3.32071
430	3.48738
440	3.65404
450	3.82071
460	3.98738
470	4.15404
480	4.32071
490	4.48738
500	4.65404
510	4.82071
520	4.98738
530	5.15404
540	5.32071
550	5.48738
560	5.65404
570	5.82071
580	5.98738
590	6.15404
600	6.32071
610	6.48738
620	6.65404
630	6.82071
640	6.98738
650	7.15404
660	7.32071
670	7.48738
680	7.65404
690	7.82071
700	7.98738
710	8.15404
720	8.32071
730	8.48738
740	8.65404
750	8.82071
760	8.98738
770	9.15404
780	9.32071
790	9.48738
800	9.65404
810	9.82071
820	9.98738
830	10.154
840	10.3207
850	10.4874
860	10.654
870	10.8207
880	10.9874
890	11.154
900	11.3207
910	11.4874
920	11.654
930	11.8207
940	11.9874
950	12.154
960	12.3207
970	12.4874
980	12.654
990	12.8207
1000	12.9874
1010	13.154
1020	13.3207
1030	13.4874
1040	13.654
1050	13.8207
1060	13.9874
1070	14.154
1080	14.3207
1090	14.4874
74
360	2.39731
370	2.56398
380	2.73064
390	2.89731
400	3.06398
410	3.23064
420	3.39731
430	3.56398
440	3.73064
450	3.89731
460	4.06398
470	4.23064
480	4.39731
490	4.56398
500	4.73064
510	4.89731
520	5.06398
530	5.23064
540	5.39731
550	5.56398
560	5.73064
570	5.89731
580	6.06398
590	6.23064
600	6.39731
610	6.56398
620	6.73064
630	6.89731
640	7.06398
650	7.23064
660	7.39731
670	7.56398
680	7.73064
690	7.89731
700	8.06398
710	8.23064
720	8.39731
730	8.56398
740	8.73064
750	8.89731
760	9.06398
770	9.23064
780	9.39731
790	9.56398
800	9.73064
810	9.89731
820	10.064
830	10.2306
840	10.3973
850	10.564
860	10.7306
870	10.8973
880	11.064
890	11.2306
900	11.3973
910	11.564
920	11.7306
930	11.8973
940	12.064
950	12.2306
960	12.3973
970	12.564
980	12.7306
990	12.8973
1000	13.064
1010	13.2306
1020	13.3973
1030	13.564
1040	13.7306
1050	13.8973
1060	14.064
1070	14.2306
1080	14.3973
1090	14.564
74
360	2.45626
370	2.62292
380	2.78959
390	2.95626
400	3.12292
410	3.28959
420	3.45626
430	3.62292
440	3.78959
450	3.95626
460	4.12292
470	4.28959
480	4.45626
490	4.62292
500	4.78959
510	4.95626
520	5.12292
530	5.28959
540	5.45626
550	5.62292
560	5.78959
570	5.95626
580	6.12292
590	6.28959
600	6.45626
610	6.62292
620	6.78959
630	6.95626
640	7.12292
650	7.28959
660	7.45626
670	7.62292
680	7.78959
690	7.95626
700	8.12292
710	8.28959
720	8.45626
730	8.62292
740	8.78959
750	8.95626
760	9.12292
770	9.28959
780	9.45626
790	9.62292
800	9.78959
810	9.95626
820	10.1229
830	10.2896
840	10.4563
850	10.6229
860	10.7896
870	10.9563
880	11.1229
890	11.2896
900	11.4563
910	11.6229
920	11.7896
930	11.9563
940	12.1229
950	12.2896
960	12.4563
970	12.6229
980	12.7896
990	12.9563
1000	13.1229
1010	13.2896
1020	13.4563
1030	13.6229
1040	13.7896
1050	13.9563
1060	14.1229
1070	14.2896
1080	14.4563
1090	14.6229
74
360	2.55263
370	2.71929
380	2.88596
390	3.05263
400	3.21929
410	3.38596
420	3.55263
430	3.71929
440	3.88596
450	4.05263
460	4.21929
470	4.38596
480	4.55263
490	4.71929
500	4.88596
510	5.05263
520	5.21929
530	5.38596
540	5.55263
550	5.71929
560	5.88596
570	6.05263
580	6.21929
590	6.38596
600	6.55263
610	6.71929
620	6.88596
630	7.05263
640	7.21929
650	7.38596
660	7.55263
670	7.71929
680	7.88596
690	8.05263
700	8.21929
710	8.38596
720	8.55263
730	8.71929
740	8.88596
750	9.05263
760	9.21929
770	9.38596
780	9.55263
790	9.71929
800	9.88596
810	10.0526
820	10.2193
830	10.386
840	10.5526
850	10.7193
860	10.886
870	11.0526
880	11.2193
890	11.386
900	11.5526
910	11.7193
920	11.886
930	12.0526
940	12.2193
950	12.386
960	12.5526
970	12.7193
980	12.886
990	13.0526
1000	13.2193
1010	13.386
1020	13.5526
1030	13.7193
1040	13.886
1050	14.0526
1060	14.2193
1070	14.386
1080	14.5526
1090	14.7193
74
360	2.61598
370	2.78264
380	2.94931
390	3.11598
400	3.28264
410	3.44931
420	3.61598
430	3.78264
440	3.94931
450	4.11598
460	4.28264
470	4.44931
480	4.61598
490	4.78264
500	4.94931
510	5.11598
520	5.28264
530	5.44931
540	5.61598
550	5.78264
560	5.94931
570	6.11598
580	6.28264
590	6.44931
600	6.61598
610	6.78264
620	6.94931
630	7.11598
640	7.28264
650	7.44931
660	7.61598
670	7.78264
680	7.94931
690	8.11598
700	8.28264
710	8.44931
720	8.61598
730	8.78264
740	8.94931
750	9.11598
760	9.28264
770	9.44931
780	9.61598
790	9.78264
800	9.94931
810	10.116
820	10.2826
830	10.4493
840	10.616
850	10.7826
860	10.9493
870	11.116
880	11.2826
890	11.4493
900	11.616
910	11.7826
920	11.9493
930	12.116
940	12.2826
950	12.4493
960	12.616
970	12.7826
980	12.9493
990	13.116
1000	13.2826
1010	13.4493
1020	13.616
1030	13.7826
1040	13.9493
1050	14.116
1060	14.2826
1070	14.4493
1080	14.616
1090	14.7826
74
360	2.69113
370	2.85779
380	3.02446
390	3.19113
400	3.35779
410	3.52446
420	3.69113
430	3.85779
440	4.02446
450	4.19113
460	4.35779
470	4.52446
480	4.69113
490	4.85779
500	5.02446
510	5.19113
520	5.35779
530	5.52446
540	5.69113
550	5.85779
560	6.02446
570	6.19113
580	6.35779
590	6.52446
600	6.69113
610	6.85779
620	7.02446
630	7.19113
640	7.35779
650	7.52446
660	7.69113
670	7.85779
680	8.02446
690	8.19113
700	8.35779
710	8.52446
720	8.69113
730	8.85779
740	9.02446
750	9.19113
760	9.35779
770	9.52446
780	9.69113
790	9.85779
800	10.0245
810	10.1911
820	10.3578
830	10.5245
840	10.6911
850	10.8578
860	11.0245
870	11.1911
880	11.3578
890	11.5245
900	11.6911
910	11.8578
920	12.0245
930	12.1911
940	12.3578
950	12.5245
960	12.6911
970	12.8578
980	13.0245
990	13.1911
1000	13.3578
1010	13.5245
1020	13.6911
1030	13.8578
1040	14.0245
1050	14.1911
1060	14.3578
1070	14.5245
1080	14.6911
1090	14.8578
74
360	2.76101
370	2.92768
380	3.09435
390	3.26101
400	3.42768
410	3.59435
420	3.76101
430	3.92768
440	4.09435
450	4.26101
460	4.42768
470	4.59435
480	4.76101
490	4.92768
500	5.09435
510	5.26101
520	5.42768
530	5.59435
540	5.76101
550	5.92768
560	6.09435
570	6.26101
580	6.42768
590	6.59435
600	6.76101
610	6.92768
620	7.09435
630	7.26101
640	7.42768
650	7.59435
660	7.76101
670	7.92768
680	8.09435
690	8.26101
700	8.42768
710	8.59435
720	8.76101
730	8.92768
740	9.09435
750	9.26101
760	9.42768
770	9.59435
780	9.76101
790	9.92768
800	10.0943
810	10.261
820	10.4277
830	10.5943
840	10.761
850	10.9277
860	11.0943
870	11.261
880	11.4277
890	11.5943
900	11.761
910	11.9277
920	12.0943
930	12.261
940	12.4277
950	12.5943
960	12.761
970	12.9277
980	13.0943
990	13.261
1000	13.4277
1010	13.5943
1020	13.761
1030	13.9277
1040	14.0943
1050	14.261
1060	14.4277
1070	14.5943
1080	14.761
1090	14.9277
74
360	2.8129
370	2.97957
380	3.14623
390	3.3129
400	3.47957
410	3.64623
420	3.8129
430	3.97957
440	4.14623
450	4.3129
460	4.47957
470	4.64623
480	4.8129
490	4.97957
500	5.14623
510	5.3129
520	5.47957
530	5.64623
540	5.8129
550	5.97957
560	6.14623
570	6.3129
580	6.47957
590	6.64623
600	6.8129
610	6.97957
620	7.14623
630	7.3129
640	7.47957
650	7.64623
660	7.8129
670	7.97957
680	8.14623
690	8.3129
700	8.47957
710	8.64623
720	8.8129
730	8.97957
740	9.14623
750	9.3129
760	9.47957
770	9.64623
780	9.8129
790	9.97957
800	10.1462
810	10.3129
820	10.4796
830	10.6462
840	10.8129
850	10.9796
860	11.1462
870	11.3129
880	11.4796
890	11.6462
900	11.8129
910	11.9796
920	12.1462
930	12.3129
940	12.4796
950	12.6462
960	12.8129
970	12.9796
980	13.1462
990	13.3129
1000	13.4796
1010	13.6462
1020	13.8129
1030	13.9796
1040	14.1462
1050	14.3129
1060	14.4796
1070	14.6462
1080	14.8129
1090	14.9796
74
360	2.86413
370	3.0308
380	3.19746
390	3.36413
400	3.5308
410	3.69746
420	3.86413
430	4.0308
440	4.19746
450	4.36413
460	4.5308
470	4.69746
480	4.86413
490	5.0308
500	5.19746
510	5.36413
520	5.5308
530	5.69746
540	5.86413
550	6.0308
560	6.19746
570	6.36413
580	6.5308
590	6.69746
600	6.86413
610	7.0308
620	7.19746
630	7.36413
640	7.5308
650	7.69746
660	7.86413
670	8.0308
680	8.19746
690	8.36413
700	8.5308
710	8.69746
720	8.86413
730	9.0308
740	9.19746
750	9.36413
760	9.5308
770	9.69746
780	9.86413
790	10.0308
800	10.1975
810	10.3641
820	10.5308
830	10.6975
840	10.8641
850	11.0308
860	11.1975
870	11.3641
880	11.5308
890	11.6975
900	11.8641
910	12.0308
920	12.1975
930	12.3641
940	12.5308
950	12.6975
960	12.8641
970	13.0308
980	13.1975
990	13.3641
1000	13.5308
1010	13.6975
1020	13.8641
1030	14.0308
1040	14.1975
1050	14.3641
1060	14.5308
1070	14.6975
1080	14.8641
1090	15.0308
74
360	2.91818
370	3.08484
380	3.25151
390	3.41818
400	3.58484
410	3.75151
420	3.91818
430	4.08484
440	4.25151
450	4.41818
460	4.58484
470	4.75151
480	4.91818
490	5.08484
500	5.25151
510	5.41818
520	5.58484
530	5.75151
540	5.91818
550	6.08484
560	6.25151
570	6.41818
580	6.58484
590	6.75151
600	6.91818
610	7.08484
620	7.25151
630	7.41818
640	7.58484
650	7.75151
660	7.91818
670	8.08484
680	8.25151
690	8.41818
700	8.58484
710	8.75151
720	8.91818
730	9.08484
740	9.25151
750	9.41818
760	9.58484
770	9.75151
780	9.91818
790	10.0848
800	10.2515
810	10.4182
820	10.5848
830	10.7515
840	10.9182
850	11.0848
860	11.2515
870	11.4182
880	11.5848
890	11.7515
900	11.9182
910	12.0848
920	12.2515
930	12.4182
940	12.5848
950	12.7515
960	12.9182
970	13.0848
980	13.2515
990	13.4182
1000	13.5848
1010	13.7515
1020	13.9182
1030	14.0848
1040	14.2515
1050	14.4182
1060	14.5848
1070	14.7515
1080	14.9182
1090	15.0848
74
360	2.99793
370	3.1646
380	3.33126
390	3.49793
400	3.6646
410	3.83126
420	3.99793
430	4.1646
440	4.33126
450	4.49793
460	4.6646
470	4.83126
480	4.99793
490	5.1646
500	5.33126
510	5.49793
520	5.6646
530	5.83126
540	5.99793
550	6.1646
560	6.33126
570	6.49793
580	6.6646
590	6.83126
600	6.99793
610	7.1646
620	7.33126
630	7.49793
640	7.6646
650	7.83126
660	7.99793
670	8.1646
680	8.33126
690	8.49793
700	8.6646
710	8.83126
720	8.99793
730	9.1646
740	9.33126
750	9.49793
760	9.6646
770	9.83126
780	9.99793
790	10.1646
800	10.3313
810	10.4979
820	10.6646
830	10.8313
840	10.9979
850	11.1646
860	11.3313
870	11.4979
880	11.6646
890	11.8313
900	11.9979
910	12.1646
920	12.3313
930	12.4979
940	12.6646
950	12.8313
960	12.9979
970	13.1646
980	13.3313
990	13.4979
1000	13.6646
1010	13.8313
1020	13.9979
1030	14.1646
1040	14.3313
1050	14.4979
1060	14.6646
1070	14.8313
1080	14.9979
1090	15.1646
74
360	3.05877
370	3.22543
380	3.3921
390	3.55877
400	3.72543
410	3.8921
420	4.05877
430	4.22543
440	4.3921
450	4.55877
460	4.72543
470	4.8921
480	5.05877
490	5.22543
500	5.3921
510	5.55877
520	5.72543
530	5.8921
540	6.05877
550	6.22543
560	6.3921
570	6.55877
580	6.72543
590	6.8921
600	7.05877
610	7.22543
620	7.3921
630	7.55877
640	7.72543
650	7.8921
660	8.05877
670	8.22543
680	8.3921
690	8.55877
700	8.72543
710	8.8921
720	9.05877
730	9.22543
740	9.3921
750	9.55877
760	9.72543
770	9.8921
780	10.0588
790	10.2254
800	10.3921
810	10.5588
820	10.7254
830	10.8921
840	11.0588
850	11.2254
860	11.3921
870	11.5588
880	11.7254
890	11.8921
900	12.0588
910	12.2254
920	12.3921
930	12.5588
940	12.7254
950	12.8921
960	13.0588
970	13.2254
980	13.3921
990	13.5588
1000	13.7254
1010	13.8921
1020	14.0588
1030	14.2254
1040	14.3921
1050	14.5588
1060	14.7254
1070	14.8921
1080	15.0588
1090	15.2254
74
360	3.1139
370	3.28056
380	3.44723
390	3.6139
400	3.78056
410	3.94723
420	4.1139
430	4.28056
440	4.44723
450	4.6139
460	4.78056
470	4.94723
480	5.1139
490	5.28056
500	5.44723
510	5.6139
520	5.78056
530	5.94723
540	6.1139
550	6.28056
560	6.44723
570	6.6139
580	6.78056
590	6.94723
600	7.1139
610	7.28056
620	7.44723
630	7.6139
640	7.78056
650	7.94723
660	8.1139
670	8.28056
680	8.44723
690	8.6139
700	8.78056
710	8.94723
720	9.1139
730	9.28056
740	9.44723
750	9.6139
760	9.78056
770	9.94723
780	10.1139
790	10.2806
800	10.4472
810	10.6139
820	10.7806
830	10.9472
840	11.1139
850	11.2806
860	11.4472
870	11.6139
880	11.7806
890	11.9472
900	12.1139
910	12.2806
920	12.4472
930	12.6139
940	12.7806
950	12.9472
960	13.1139
970	13.2806
980	13.4472
990	13.6139
1000	13.7806
1010	13.9472
1020	14.1139
1030	14.2806
1040	14.4472
1050	14.6139
1060	14.7806
1070	14.9472
1080	15.1139
1090	15.2806
74
360	3.18406
370	3.35073
380	3.5174
390	3.68406
400	3.85073
410	4.0174
420	4.18406
430	4.35073
440	4.5174
450	4.68406
460	4.85073
470	5.0174
480	5.18406
490	5.35073
500	5.5174
510	5.68406
520	5.85073
530	6.0174
540	6.18406
550	6.35073
560	6.5174
570	6.68406
580	6.85073
590	7.0174
600	7.18406
610	7.35073
620	7.5174
630	7.68406
640	7.85073
650	8.0174
660	8.18406
670	8.35073
680	8.5174
690	8.68406
700	8.85073
710	9.0174
720	9.18406
730	9.35073
740	9.5174
750	9.68406
760	9.85073
770	10.0174
780	10.1841
790	10.3507
800	10.5174
810	10.6841
820	10.8507
830	11.0174
840	11.1841
850	11.3507
860	11.5174
870	11.6841
880	11.8507
890	12.0174
900	12.1841
910	12.3507
920	12.5174
930	12.6841
940	12.8507
950	13.0174
960	13.1841
970	13.3507
980	13.5174
990	13.6841
1000	13.8507
1010	14.0174
1020	14.1841
1030	14.3507
1040	14.5174
1050	14.6841
1060	14.8507
1070	15.0174
1080	15.1841
1090	15.3507
74
360	3.23637
370	3.40303
380	3.5697
390	3.73637
400	3.90303
410	4.0697
420	4.23637
430	4.40303
440	4.5697
450	4.73637
460	4.90303
470	5.0697
480	5.23637
490	5.40303
500	5.5697
510	5.73637
520	5.90303
530	6.0697
540	6.23637
550	6.40303
560	6.5697
570	6.73637
580	6.90303
590	7.0697
600	7.23637
610	7.40303
620	7.5697
630	7.73637
640	7.90303
650	8.0697
660	8.23637
670	8.40303
680	8.5697
690	8.73637
700	8.90303
710	9.0697
720	9.23637
730	9.40303
740	9.5697
750	9.73637
760	9.90303
770	10.0697
780	10.2364
790	10.403
800	10.5697
810	10.7364
820	10.903
830	11.0697
840	11.2364
850	11.403
860	11.5697
870	11.7364
880	11.903
890	12.0697
900	12.2364
910	12.403
920	12.5697
930	12.7364
940	12.903
950	13.0697
960	13.2364
970	13.403
980	13.5697
990	13.7364
1000	13.903
1010	14.0697
1020	14.2364
1030	14.403
1040	14.5697
1050	14.7364
1060	14.903
1070	15.0697
1080	15.2364
1090	15.403
74
360	3.3272
370	3.49387
380	3.66054
390	3.8272
400	3.99387
410	4.16054
420	4.3272
430	4.49387
440	4.66054
450	4.8272
460	4.99387
470	5.16054
480	5.3272
490	5.49387
500	5.66054
510	5.8272
520	5.99387
530	6.16054
540	6.3272
550	6.49387
560	6.66054
570	6.8272
580	6.99387
590	7.16054
600	7.3272
610	7.49387
620	7.66054
630	7.8272
640	7.99387
650	8.16054
660	8.3272
670	8.49387
680	8.66054
690	8.8272
700	8.99387
710	9.16054
720	9.3272
730	9.49387
740	9.66054
750	9.8272
760	9.99387
770	10.1605
780	10.3272
790	10.4939
800	10.6605
810	10.8272
820	10.9939
830	11.1605
840	11.3272
850	11.4939
860	11.6605
870	11.8272
880	11.9939
890	12.1605
900	12.3272
910	12.4939
920	12.6605
930	12.8272
940	12.9939
950	13.1605
960	13.3272
970	13.4939
980	13.6605
990	13.8272
1000	13.9939
1010	14.1605
1020	14.3272
1030	14.4939
1040	14.6605
1050	14.8272
1060	14.9939
1070	15.1605
1080	15.3272
1090	15.4939
74
360	3.43357
370	3.60023
380	3.7669
390	3.93357
400	4.10023
410	4.2669
420	4.43357
430	4.60023
440	4.7669
450	4.93357
460	5.10023
470	5.2669
480	5.43357
490	5.60023
500	5.7669
510	5.93357
520	6.10023
530	6.2669
540	6.43357
550	6.60023
560	6.7669
570	6.93357
580	7.10023
590	7.2669
600	7.43357
610	7.60023
620	7.7669
630	7.93357
640	8.10023
650	8.2669
660	8.43357
670	8.60023
680	8.7669
690	8.93357
700	9.10023
710	9.2669
720	9.43357
730	9.60023
740	9.7669
750	9.93357
760	10.1002
770	10.2669
780	10.4336
790	10.6002
800	10.7669
810	10.9336
820	11.1002
830	11.2669
840	11.4336
850	11.6002
860	11.7669
870	11.9336
880	12.1002
890	12.2669
900	12.4336
910	12.6002
920	12.7669
930	12.9336
940	13.1002
950	13.2669
960	13.4336
970	13.6002
980	13.7669
990	13.9336
1000	14.1002
1010	14.2669
1020	14.4336
1030	14.6002
1040	14.7669
1050	14.9336
1060	15.1002
1070	15.2669
1080	15.4336
1090	15.6002
74
360	3.50072
370	3.66739
380	3.83405
390	4.00072
400	4.16739
410	4.33405
420	4.50072
430	4.66739
440	4.83405
450	5.00072
460	5.16739
470	5.33405
480	5.50072
490	5.66739
500	5.83405
510	6.00072
520	6.16739
530	6.33405
540	6.50072
550	6.66739
560	6.83405
570	7.00072
580	7.16739
590	7.33405
600	7.50072
610	7.66739
620	7.83405
630	8.00072
640	8.16739
650	8.33405
660	8.50072
670	8.66739
680	8.83405
690	9.00072
700	9.16739
710	9.33405
720	9.50072
730	9.66739
740	9.83405
750	10.0007
760	10.1674
770	10.3341
780	10.5007
790	10.6674
800	10.8341
810	11.0007
820	11.1674
830	11.3341
840	11.5007
850	11.6674
860	11.8341
870	12.0007
880	12.1674
890	12.3341
900	12.5007
910	12.6674
920	12.8341
930	13.0007
940	13.1674
950	13.3341
960	13.5007
970	13.6674
980	13.8341
990	14.0007
1000	14.1674
1010	14.3341
1020	14.5007
1030	14.6674
1040	14.8341
1050	15.0007
1060	15.1674
1070	15.3341
1080	15.5007
1090	15.6674
74
360	3.57779
370	3.74445
380	3.91112
390	4.07779
400	4.24445
410	4.41112
420	4.57779
430	4.74445
440	4.91112
450	5.07779
460	5.24445
470	5.41112
480	5.57779
490	5.74445
500	5.91112
510	6.07779
520	6.24445
530	6.41112
540	6.57779
550	6.74445
560	6.91112
570	7.07779
580	7.24445
590	7.41112
600	7.57779
610	7.74445
620	7.91112
630	8.07779
640	8.24445
650	8.41112
660	8.57779
670	8.74445
680	8.91112
690	9.07779
700	9.24445
710	9.41112
720	9.57779
730	9.74445
740	9.91112
750	10.0778
760	10.2445
770	10.4111
780	10.5778
790	10.7445
800	10.9111
810	11.0778
820	11.2445
830	11.4111
840	11.5778
850	11.7445
860	11.9111
870	12.0778
880	12.2445
890	12.4111
900	12.5778
910	12.7445
920	12.9111
930	13.0778
940	13.2445
950	13.4111
960	13.5778
970	13.7445
980	13.9111
990	14.0778
1000	14.2445
1010	14.4111
1020	14.5778
1030	14.7445
1040	14.9111
1050	15.0778
1060	15.2445
1070	15.4111
1080	15.5778
1090	15.7445
74
360	3.68048
370	3.84715
380	4.01382
390	4.18048
400	4.34715
410	4.51382
420	4.68048
430	4.84715
440	5.01382
450	5.18048
460	5.34715
470	5.51382
480	5.68048
490	5.84715
500	6.01382
510	6.18048
520	6.34715
530	6.51382
540	6.68048
550	6.84715
560	7.01382
570	7.18048
580	7.34715
590	7.51382
600	7.68048
610	7.84715
620	8.01382
630	8.18048
640	8.34715
650	8.51382
660	8.68048
670	8.84715
680	9.01382
690	9.18048
700	9.34715
710	9.51382
720	9.68048
730	9.84715
740	10.0138
750	10.1805
760	10.3471
770	10.5138
780	10.6805
790	10.8471
800	11.0138
810	11.1805
820	11.3471
830	11.5138
840	11.6805
850	11.8471
860	12.0138
870	12.1805
880	12.3471
890	12.5138
900	12.6805
910	12.8471
920	13.0138
930	13.1805
940	13.3471
950	13.5138
960	13.6805
970	13.8471
980	14.0138
990	14.1805
1000	14.3471
1010	14.5138
1020	14.6805
1030	14.8471
1040	15.0138
1050	15.1805
1060	15.3471
1070	15.5138
1080	15.6805
1090	15.8471
74
360	3.75082
370	3.91749
380	4.08415
390	4.25082
400	4.41749
410	4.58415
420	4.75082
430	4.91749
440	5.08415
450	5.25082
460	5.41749
470	5.58415
480	5.75082
490	5.91749
500	6.08415
510	6.25082
520	6.41749
530	6.58415
540	6.75082
550	6.91749
560	7.08415
570	7.25082
580	7.41749
590	7.58415
600	7.75082
610	7.91749
620	8.08415
630	8.25082
640	8.41749
650	8.58415
660	8.75082
670	8.91749
680	9.08415
690	9.25082
700	9.41749
710	9.58415
720	9.75082
730	9.91749
740	10.0842
750	10.2508
760	10.4175
770	10.5842
780	10.7508
790	10.9175
800	11.0842
810	11.2508
820	11.4175
830	11.5842
840	11.7508
850	11.9175
860	12.0842
870	12.2508
880	12.4175
890	12.5842
900	12.7508
910	12.9175
920	13.0842
930	13.2508
940	13.4175
950	13.5842
960	13.7508
970	13.9175
980	14.0842
990	14.2508
1000	14.4175
1010	14.5842
1020	14.7508
1030	14.9175
1040	15.0842
1050	15.2508
1060	15.4175
1070	15.5842
1080	15.7508
1090	15.9175
74
360	3.80118
370	3.96784
380	4.13451
390	4.30118
400	4.46784
410	4.63451
420	4.80118
430	4.96784
440	5.13451
450	5.30118
460	5.46784
470	5.63451
480	5.80118
490	5.96784
500	6.13451
510	6.30118
520	6.46784
530	6.63451
540	6.80118
550	6.96784
560	7.13451
570	7.30118
580	7.46784
590	7.63451
600	7.80118
610	7.96784
620	8.13451
630	8.30118
640	8.46784
650	8.63451
660	8.80118
670	8.96784
680	9.13451
690	9.30118
700	9.46784
710	9.63451
720	9.80118
730	9.96784
740	10.1345
750	10.3012
760	10.4678
770	10.6345
780	10.8012
790	10.9678
800	11.1345
810	11.3012
820	11.4678
830	11.6345
840	11.8012
850	11.9678
860	12.1345
870	12.3012
880	12.4678
890	12.6345
900	12.8012
910	12.9678
920	13.1345
930	13.3012
940	13.4678
950	13.6345
960	13.8012
970	13.9678
980	14.1345
990	14.3012
1000	14.4678
1010	14.6345
1020	14.8012
1030	14.9678
1040	15.1345
1050	15.3012
1060	15.4678
1070	15.6345
1080	15.8012
1090	15.9678
74
360	3.8812
370	4.04787
380	4.21453
390	4.3812
400	4.54787
410	4.71453
420	4.8812
430	5.04787
440	5.21453
450	5.3812
460	5.54787
470	5.71453
480	5.8812
490	6.04787
500	6.21453
510	6.3812
520	6.54787
530	6.71453
540	6.8812
550	7.04787
560	7.21453
570	7.3812
580	7.54787
590	7.71453
600	7.8812
610	8.04787
620	8.21453
630	8.3812
640	8.54787
650	8.71453
660	8.8812
670	9.04787
680	9.21453
690	9.3812
700	9.54787
710	9.71453
720	9.8812
730	10.0479
740	10.2145
750	10.3812
760	10.5479
770	10.7145
780	10.8812
790	11.0479
800	11.2145
810	11.3812
820	11.5479
830	11.7145
840	11.8812
850	12.0479
860	12.2145
870	12.3812
880	12.5479
890	12.7145
900	12.8812
910	13.0479
920	13.2145
930	13.3812
940	13.5479
950	13.7145
960	13.8812
970	14.0479
980	14.2145
990	14.3812
1000	14.5479
1010	14.7145
1020	14.8812
1030	15.0479
1040	15.2145
1050	15.3812
1060	15.5479
1070	15.7145
1080	15.8812
1090	16.0479
74
360	3.95048
370	4.11714
380	4.28381
390	4.45048
400	4.61714
410	4.78381
420	4.95048
430	5.11714
440	5.28381
450	5.45048
460	5.61714
470	5.78381
480	5.95048
490	6.11714
500	6.28381
510	6.45048
520	6.61714
530	6.78381
540	6.95048
550	7.11714
560	7.28381
570	7.45048
580	7.61714
590	7.78381
600	7.95048
610	8.11714
620	8.28381
630	8.45048
640	8.61714
650	8.78381
660	8.95048
670	9.11714
680	9.28381
690	9.45048
700	9.61714
710	9.78381
720	9.95048
730	10.1171
740	10.2838
750	10.4505
760	10.6171
770	10.7838
780	10.9505
790	11.1171
800	11.2838
810	11.4505
820	11.6171
830	11.7838
840	11.9505
850	12.1171
860	12.2838
870	12.4505
880	12.6171
890	12.7838
900	12.9505
910	13.1171
920	13.2838
930	13.4505
940	13.6171
950	13.7838
960	13.9505
970	14.1171
980	14.2838
990	14.4505
1000	14.6171
1010	14.7838
1020	14.9505
1030	15.1171
1040	15.2838
1050	15.4505
1060	15.6171
1070	15.7838
1080	15.9505
1090	16.1171
74
360	4.02361
370	4.19027
380	4.35694
390	4.52361
400	4.69027
410	4.85694
420	5.02361
430	5.19027
440	5.35694
450	5.52361
460	5.69027
470	5.85694
480	6.02361
490	6.19027
500	6.35694
510	6.52361
520	6.69027
530	6.85694
540	7.02361
550	7.19027
560	7.35694
570	7.52361
580	7.69027
590	7.85694
600	8.02361
610	8.19027
620	8.35694
630	8.52361
640	8.69027
650	8.85694
660	9.02361
670	9.19027
680	9.35694
690	9.52361
700	9.69027
710	9.85694
720	10.0236
730	10.1903
740	10.3569
750	10.5236
760	10.6903
770	10.8569
780	11.0236
790	11.1903
800	11.3569
810	11.5236
820	11.6903
830	11.8569
840	12.0236
850	12.1903
860	12.3569
870	12.5236
880	12.6903
890	12.8569
900	13.0236
910	13.1903
920	13.3569
930	13.5236
940	13.6903
950	13.8569
960	14.0236
970	14.1903
980	14.3569
990	14.5236
1000	14.6903
1010	14.8569
1020	15.0236
1030	15.1903
1040	15.3569
1050	15.5236
1060	15.6903
1070	15.8569
1080	16.0236
1090	16.1903
74
360	4.10905
370	4.27572
380	4.44238
390	4.60905
400	4.77572
410	4.94238
420	5.10905
430	5.27572
440	5.44238
450	5.60905
460	5.77572
470	5.94238
480	6.10905
490	6.27572
500	6.44238
510	6.60905
520	6.77572
530	6.94238
540	7.10905
550	7.27572
560	7.44238
570	7.60905
580	7.77572
590	7.94238
600	8.10905
610	8.27572
620	8.44238
630	8.60905
640	8.77572
650	8.94238
660	9.10905
670	9.27572
680	9.44238
690	9.60905
700	9.77572
710	9.94238
720	10.109
730	10.2757
740	10.4424
750	10.609
760	10.7757
770	10.9424
780	11.109
790	11.2757
800	11.4424
810	11.609
820	11.7757
830	11.9424
840	12.109
850	12.2757
860	12.4424
870	12.609
880	12.7757
890	12.9424
900	13.109
910	13.2757
920	13.4424
930	13.609
940	13.7757
950	13.9424
960	14.109
970	14.2757
980	14.4424
990	14.609
1000	14.7757
1010	14.9424
1020	15.109
1030	15.2757
1040	15.4424
1050	15.609
1060	15.7757
1070	15.9424
1080	16.109
1090	16.2757
74
360	4.18264
370	4.34931
380	4.51598
390	4.68264
400	4.84931
410	5.01598
420	5.18264
430	5.34931
440	5.51598
450	5.68264
460	5.84931
470	6.01598
480	6.18264
490	6.34931
500	6.51598
510	6.68264
520	6.84931
530	7.01598
540	7.18264
550	7.34931
560	7.51598
570	7.68264
580	7.84931
590	8.01598
600	8.18264
610	8.34931
620	8.51598
630	8.68264
640	8.84931
650	9.01598
660	9.18264
670	9.34931
680	9.51598
690	9.68264
700	9.84931
710	10.016
720	10.1826
730	10.3493
740	10.516
750	10.6826
760	10.8493
770	11.016
780	11.1826
790	11.3493
800	11.516
810	11.6826
820	11.8493
830	12.016
840	12.1826
850	12.3493
860	12.516
870	12.6826
880	12.8493
890	13.016
900	13.1826
910	13.3493
920	13.516
930	13.6826
940	13.8493
950	14.016
960	14.1826
970	14.3493
980	14.516
990	14.6826
1000	14.8493
1010	15.016
1020	15.1826
1030	15.3493
1040	15.516
1050	15.6826
1060	15.8493
1070	16.016
1080	16.1826
1090	16.3493
74
360	4.24354
370	4.41021
380	4.57688
390	4.74354
400	4.91021
410	5.07688
420	5.24354
430	5.41021
440	5.57688
450	5.74354
460	5.91021
470	6.07688
480	6.24354
490	6.41021
500	6.57688
510	6.74354
520	6.91021
530	7.07688
540	7.24354
550	7.41021
560	7.57688
570	7.74354
580	7.91021
590	8.07688
600	8.24354
610	8.41021
620	8.57688
630	8.74354
640	8.91021
650	9.07688
660	9.24354
670	9.41021
680	9.57688
690	9.74354
700	9.91021
710	10.0769
720	10.2435
730	10.4102
740	10.5769
750	10.7435
760	10.9102
770	11.0769
780	11.2435
790	11.4102
800	11.5769
810	11.7435
820	11.9102
830	12.0769
840	12.2435
850	12.4102
860	12.5769
870	12.7435
880	12.9102
890	13.0769
900	13.2435
910	13.4102
920	13.5769
930	13.7435
940	13.9102
950	14.0769
960	14.2435
970	14.4102
980	14.5769
990	14.7435
1000	14.9102
1010	15.0769
1020	15.2435
1030	15.4102
1040	15.5769
1050	15.7435
1060	15.9102
1070	16.0769
1080	16.2435
1090	16.4102
74
360	4.29772
370	4.46438
380	4.63105
390	4.79772
400	4.96438
410	5.13105
420	5.29772
430	5.46438
440	5.63105
450	5.79772
460	5.96438
470	6.13105
480	6.29772
490	6.46438
500	6.63105
510	6.79772
520	6.96438
530	7.13105
540	7.29772
550	7.46438
560	7.63105
570	7.79772
580	7.96438
590	8.13105
600	8.29772
610	8.46438
620	8.63105
630	8.79772
640	8.96438
650	9.13105
660	9.29772
670	9.46438
680	9.63105
690	9.79772
700	9.96438
710	10.1311
720	10.2977
730	10.4644
740	10.6311
750	10.7977
760	10.9644
770	11.1311
780	11.2977
790	11.4644
800	11.6311
810	11.7977
820	11.9644
830	12.1311
840	12.2977
850	12.4644
860	12.6311
870	12.7977
880	12.9644
890	13.1311
900	13.2977
910	13.4644
920	13.6311
930	13.7977
940	13.9644
950	14.1311
960	14.2977
970	14.4644
980	14.6311
990	14.7977
1000	14.9644
1010	15.1311
1020	15.2977
1030	15.4644
1040	15.6311
1050	15.7977
1060	15.9644
1070	16.1311
1080	16.2977
1090	16.4644
74
360	4.37982
370	4.54648
380	4.71315
390	4.87982
400	5.04648
410	5.21315
420	5.37982
430	5.54648
440	5.71315
450	5.87982
460	6.04648
470	6.21315
480	6.37982
490	6.54648
500	6.71315
510	6.87982
520	7.04648
530	7.21315
540	7.37982
550	7.54648
560	7.71315
570	7.87982
580	8.04648
590	8.21315
600	8.37982
610	8.54648
620	8.71315
630	8.87982
640	9.04648
650	9.21315
660	9.37982
670	9.54648
680	9.71315
690	9.87982
700	10.0465
710	10.2131
720	10.3798
730	10.5465
740	10.7131
750	10.8798
760	11.0465
770	11.2131
780	11.3798
790	11.5465
800	11.7131
810	11.8798
820	12.0465
830	12.2131
840	12.3798
850	12.5465
860	12.7131
870	12.8798
880	13.0465
890	13.2131
900	13.3798
910	13.5465
920	13.7131
930	13.8798
940	14.0465
950	14.2131
960	14.3798
970	14.5465
980	14.7131
990	14.8798
1000	15.0465
1010	15.2131
1020	15.3798
1030	15.5465
1040	15.7131
1050	15.8798
1060	16.0465
1070	16.2131
1080	16.3798
1090	16.5465
74
360	4.45269
370	4.61936
380	4.78602
390	4.95269
400	5.11936
410	5.28602
420	5.45269
430	5.61936
440	5.78602
450	5.95269
460	6.11936
470	6.28602
480	6.45269
490	6.61936
500	6.78602
510	6.95269
520	7.11936
530	7.28602
540	7.45269
550	7.61936
560	7.78602
570	7.95269
580	8.11936
590	8.28602
600	8.45269
610	8.61936
620	8.78602
630	8.95269
640	9.11936
650	9.28602
660	9.45269
670	9.61936
680	9.78602
690	9.95269
700	10.1194
710	10.286
720	10.4527
730	10.6194
740	10.786
750	10.9527
760	11.1194
770	11.286
780	11.4527
790	11.6194
800	11.786
810	11.9527
820	12.1194
830	12.286
840	12.4527
850	12.6194
860	12.786
870	12.9527
880	13.1194
890	13.286
900	13.4527
910	13.6194
920	13.786
930	13.9527
940	14.1194
950	14.286
960	14.4527
970	14.6194
980	14.786
990	14.9527
1000	15.1194
1010	15.286
1020	15.4527
1030	15.6194
1040	15.786
1050	15.9527
1060	16.1194
1070	16.286
1080	16.4527
1090	16.6194
74
360	4.51284
370	4.6795
380	4.84617
390	5.01284
400	5.1795
410	5.34617
420	5.51284
430	5.6795
440	5.84617
450	6.01284
460	6.1795
470	6.34617
480	6.51284
490	6.6795
500	6.84617
510	7.01284
520	7.1795
530	7.34617
540	7.51284
550	7.6795
560	7.84617
570	8.01284
580	8.1795
590	8.34617
600	8.51284
610	8.6795
620	8.84617
630	9.01284
640	9.1795
650	9.34617
660	9.51284
670	9.6795
680	9.84617
690	10.0128
700	10.1795
710	10.3462
720	10.5128
730	10.6795
740	10.8462
750	11.0128
760	11.1795
770	11.3462
780	11.5128
790	11.6795
800	11.8462
810	12.0128
820	12.1795
830	12.3462
840	12.5128
850	12.6795
860	12.8462
870	13.0128
880	13.1795
890	13.3462
900	13.5128
910	13.6795
920	13.8462
930	14.0128
940	14.1795
950	14.3462
960	14.5128
970	14.6795
980	14.8462
990	15.0128
1000	15.1795
1010	15.3462
1020	15.5128
1030	15.6795
1040	15.8462
1050	16.0128
1060	16.1795
1070	16.3462
1080	16.5128
1090	16.6795
74
360	4.56605
370	4.73272
380	4.89939
390	5.06605
400	5.23272
410	5.39939
420	5.56605
430	5.73272
440	5.89939
450	6.06605
460	6.23272
470	6.39939
480	6.56605
490	6.73272
500	6.89939
510	7.06605
520	7.23272
530	7.39939
540	7.56605
550	7.73272
560	7.89939
570	8.06605
580	8.23272
590	8.39939
600	8.56605
610	8.73272
620	8.89939
630	9.06605
640	9.23272
650	9.39939
660	9.56605
670	9.73272
680	9.89939
690	10.0661
700	10.2327
710	10.3994
720	10.5661
730	10.7327
740	10.8994
750	11.0661
760	11.2327
770	11.3994
780	11.5661
790	11.7327
800	11.8994
810	12.0661
820	12.2327
830	12.3994
840	12.5661
850	12.7327
860	12.8994
870	13.0661
880	13.2327
890	13.3994
900	13.5661
910	13.7327
920	13.8994
930	14.0661
940	14.2327
950	14.3994
960	14.5661
970	14.7327
980	14.8994
990	15.0661
1000	15.2327
1010	15.3994
1020	15.5661
1030	15.7327
1040	15.8994
1050	16.0661
1060	16.2327
1070	16.3994
1080	16.5661
1090	16.7327
74
360	4.62138
370	4.78805
380	4.95472
390	5.12138
400	5.28805
410	5.45472
420	5.62138
430	5.78805
440	5.95472
450	6.12138
460	6.28805
470	6.45472
480	6.62138
490	6.78805
500	6.95472
510	7.12138
520	7.28805
530	7.45472
540	7.62138
550	7.78805
560	7.95472
570	8.12138
580	8.28805
590	8.45472
600	8.62138
610	8.78805
620	8.95472
630	9.12138
640	9.28805
650	9.45472
660	9.62138
670	9.78805
680	9.95472
690	10.1214
700	10.288
710	10.4547
720	10.6214
730	10.788
740	10.9547
750	11.1214
760	11.288
770	11.4547
780	11.6214
790	11.788
800	11.9547
810	12.1214
820	12.288
830	12.4547
840	12.6214
850	12.788
860	12.9547
870	13.1214
880	13.288
890	13.4547
900	13.6214
910	13.788
920	13.9547
930	14.1214
940	14.288
950	14.4547
960	14.6214
970	14.788
980	14.9547
990	15.1214
1000	15.288
1010	15.4547
1020	15.6214
1030	15.788
1040	15.9547
1050	16.1214
1060	16.288
1070	16.4547
1080	16.6214
1090	16.788
74
360	4.67555
370	4.84221
380	5.00888
390	5.17555
400	5.34221
410	5.50888
420	5.67555
430	5.84221
440	6.00888
450	6.17555
460	6.34221
470	6.50888
480	6.67555
490	6.84221
500	7.00888
510	7.17555
520	7.34221
530	7.50888
540	7.67555
550	7.84221
560	8.00888
570	8.17555
580	8.34221
590	8.50888
600	8.67555
610	8.84221
620	9.00888
630	9.17555
640	9.34221
650	9.50888
660	9.67555
670	9.84221
680	10.0089
690	10.1755
700	10.3422
710	10.5089
720	10.6755
730	10.8422
740	11.0089
750	11.1755
760	11.3422
770	11.5089
780	11.6755
790	11.8422
800	12.0089
810	12.1755
820	12.3422
830	12.5089
840	12.6755
850	12.8422
860	13.0089
870	13.1755
880	13.3422
890	13.5089
900	13.6755
910	13.8422
920	14.0089
930	14.1755
940	14.3422
950	14.5089
960	14.6755
970	14.8422
980	15.0089
990	15.1755
1000	15.3422
1010	15.5089
1020	15.6755
1030	15.8422
1040	16.0089
1050	16.1755
1060	16.3422
1070	16.5089
1080	16.6755
1090	16.8422
74
360	4.72597
370	4.89264
380	5.05931
390	5.22597
400	5.39264
410	5.55931
420	5.72597
430	5.89264
440	6.05931
450	6.22597
460	6.39264
470	6.55931
480	6.72597
490	6.89264
500	7.05931
510	7.22597
520	7.39264
530	7.55931
540	7.72597
550	7.89264
560	8.05931
570	8.22597
580	8.39264
590	8.55931
600	8.72597
610	8.89264
620	9.05931
630	9.22597
640	9.39264
650	9.55931
660	9.72597
670	9.89264
680	10.0593
690	10.226
700	10.3926
710	10.5593
720	10.726
730	10.8926
740	11.0593
750	11.226
760	11.3926
770	11.5593
780	11.726
790	11.8926
800	12.0593
810	12.226
820	12.3926
830	12.5593
840	12.726
850	12.8926
860	13.0593
870	13.226
880	13.3926
890	13.5593
900	13.726
910	13.8926
920	14.0593
930	14.226
940	14.3926
950	14.5593
960	14.726
970	14.8926
980	15.0593
990	15.226
1000	15.3926
1010	15.5593
1020	15.726
1030	15.8926
1040	16.0593
1050	16.226
1060	16.3926
1070	16.5593
1080	16.726
1090	16.8926
74
360	4.79888
370	4.96555
380	5.13221
390	5.29888
400	5.46555
410	5.63221
420	5.79888
430	5.96555
440	6.13221
450	6.29888
460	6.46555
470	6.63221
480	6.79888
490	6.96555
500	7.13221
510	7.29888
520	7.46555
530	7.63221
540	7.79888
550	7.96555
560	8.13221
570	8.29888
580	8.46555
590	8.63221
600	8.79888
610	8.96555
620	9.13221
630	9.29888
640	9.46555
650	9.63221
660	9.79888
670	9.96555
680	10.1322
690	10.2989
700	10.4655
710	10.6322
720	10.7989
730	10.9655
740	11.1322
750	11.2989
760	11.4655
770	11.6322
780	11.7989
790	11.9655
800	12.1322
810	12.2989
820	12.4655
830	12.6322
840	12.7989
850	12.9655
860	13.1322
870	13.2989
880	13.4655
890	13.6322
900	13.7989
910	13.9655
920	14.1322
930	14.2989
940	14.4655
950	14.6322
960	14.7989
970	14.9655
980	15.1322
990	15.2989
1000	15.4655
1010	15.6322
1020	15.7989
1030	15.9655
1040	16.1322
1050	16.2989
1060	16.4655
1070	16.6322
1080	16.7989
1090	16.9655
74
360	4.85773
370	5.02439
380	5.19106
390	5.35773
400	5.52439
410	5.69106
420	5.85773
430	6.02439
440	6.19106
450	6.35773
460	6.52439
470	6.69106
480	6.85773
490	7.02439
500	7.19106
510	7.35773
520	7.52439
530	7.69106
540	7.85773
550	8.02439
560	8.19106
570	8.35773
580	8.52439
590	8.69106
600	8.85773
610	9.02439
620	9.19106
630	9.35773
640	9.52439
650	9.69106
660	9.85773
670	10.0244
680	10.1911
690	10.3577
700	10.5244
710	10.6911
720	10.8577
730	11.0244
740	11.1911
750	11.3577
760	11.5244
770	11.6911
780	11.8577
790	12.0244
800	12.1911
810	12.3577
820	12.5244
830	12.6911
840	12.8577
850	13.0244
860	13.1911
870	13.3577
880	13.5244
890	13.6911
900	13.8577
910	14.0244
920	14.1911
930	14.3577
940	14.5244
950	14.6911
960	14.8577
970	15.0244
980	15.1911
990	15.3577
1000	15.5244
1010	15.6911
1020	15.8577
1030	16.0244
1040	16.1911
1050	16.3577
1060	16.5244
1070	16.6911
1080	16.8577
1090	17.0244
74
360	4.91756
370	5.08422
380	5.25089
390	5.41756
400	5.58422
410	5.75089
420	5.91756
430	6.08422
440	6.25089
450	6.41756
460	6.58422
470	6.75089
480	6.91756
490	7.08422
500	7.25089
510	7.41756
520	7.58422
530	7.75089
540	7.91756
550	8.08422
560	8.25089
570	8.41756
580	8.58422
590	8.75089
600	8.91756
610	9.08422
620	9.25089
630	9.41756
640	9.58422
650	9.75089
660	9.91756
670	10.0842
680	10.2509
690	10.4176
700	10.5842
710	10.7509
720	10.9176
730	11.0842
740	11.2509
750	11.4176
760	11.5842
770	11.7509
780	11.9176
790	12.0842
800	12.2509
810	12.4176
820	12.5842
830	12.7509
840	12.9176
850	13.0842
860	13.2509
870	13.4176
880	13.5842
890	13.7509
900	13.9176
910	14.0842
920	14.2509
930	14.4176
940	14.5842
950	14.7509
960	14.9176
970	15.0842
980	15.2509
990	15.4176
1000	15.5842
1010	15.7509
1020	15.9176
1030	16.0842
1040	16.2509
1050	16.4176
1060	16.5842
1070	16.7509
1080	16.9176
1090	17.0842
74
360	5.05167
370	5.21833
380	5.385
390	5.55167
400	5.71833
410	5.885
420	6.05167
430	6.21833
440	6.385
450	6.55167
460	6.71833
470	6.885
480	7.05167
490	7.21833
500	7.385
510	7.55167
520	7.71833
530	7.885
540	8.05167
550	8.21833
560	8.385
570	8.55167
580	8.71833
590	8.885
600	9.05167
610	9.21833
620	9.385
630	9.55167
640	9.71833
650	9.885
660	10.0517
670	10.2183
680	10.385
690	10.5517
700	10.7183
710	10.885
720	11.0517
730	11.2183
740	11.385
750	11.5517
760	11.7183
770	11.885
780	12.0517
790	12.2183
800	12.385
810	12.5517
820	12.7183
830	12.885
840	13.0517
850	13.2183
860	13.385
870	13.5517
880	13.7183
890	13.885
900	14.0517
910	14.2183
920	14.385
930	14.5517
940	14.7183
950	14.885
960	15.0517
970	15.2183
980	15.385
990	15.5517
1000	15.7183
1010	15.885
1020	16.0517
1030	16.2183
1040	16.385
1050	16.5517
1060	16.7183
1070	16.885
1080	17.0517
1090	17.2183
74
360	5.12358
370	5.29025
380	5.45692
390	5.62358
400	5.79025
410	5.95692
420	6.12358
430	6.29025
440	6.45692
450	6.62358
460	6.79025
470	6.95692
480	7.12358
490	7.29025
500	7.45692
510	7.62358
520	7.79025
530	7.95692
540	8.12358
550	8.29025
560	8.45692
570	8.62358
580	8.79025
590	8.95692
600	9.12358
610	9.29025
620	9.45692
630	9.62358
640	9.79025
650	9.95692
660	10.1236
670	10.2902
680	10.4569
690	10.6236
700	10.7902
710	10.9569
720	11.1236
730	11.2902
740	11.4569
750	11.6236
760	11.7902
770	11.9569
780	12.1236
790	12.2902
800	12.4569
810	12.6236
820	12.7902
830	12.9569
840	13.1236
850	13.2902
860	13.4569
870	13.6236
880	13.7902
890	13.9569
900	14.1236
910	14.2902
920	14.4569
930	14.6236
940	14.7902
950	14.9569
960	15.1236
970	15.2902
980	15.4569
990	15.6236
1000	15.7902
1010	15.9569
1020	16.1236
1030	16.2902
1040	16.4569
1050	16.6236
1060	16.7902
1070	16.9569
1080	17.1236
1090	17.2902
74
360	5.1822
370	5.34886
380	5.51553
390	5.6822
400	5.84886
410	6.01553
420	6.1822
430	6.34886
440	6.51553
450	6.6822
460	6.84886
470	7.01553
480	7.1822
490	7.34886
500	7.51553
510	7.6822
520	7.84886
530	8.01553
540	8.1822
550	8.34886
560	8.51553
570	8.6822
580	8.84886
590	9.01553
600	9.1822
610	9.34886
620	9.51553
630	9.6822
640	9.84886
650	10.0155
660	10.1822
670	10.3489
680	10.5155
690	10.6822
700	10.8489
710	11.0155
720	11.1822
730	11.3489
740	11.5155
750	11.6822
760	11.8489
770	12.0155
780	12.1822
790	12.3489
800	12.5155
810	12.6822
820	12.8489
830	13.0155
840	13.1822
850	13.3489
860	13.5155
870	13.6822
880	13.8489
890	14.0155
900	14.1822
910	14.3489
920	14.5155
930	14.6822
940	14.8489
950	15.0155
960	15.1822
970	15.3489
980	15.5155
990	15.6822
1000	15.8489
1010	16.0155
1020	16.1822
1030	16.3489
1040	16.5155
1050	16.6822
1060	16.8489
1070	17.0155
1080	17.1822
1090	17.3489
74
360	5.23451
370	5.40118
380	5.56785
390	5.73451
400	5.90118
410	6.06785
420	6.23451
430	6.40118
440	6.56785
450	6.73451
460	6.90118
470	7.06785
480	7.23451
490	7.40118
500	7.56785
510	7.73451
520	7.90118
530	8.06785
540	8.23451
550	8.40118
560	8.56785
570	8.73451
580	8.90118
590	9.06785
600	9.23451
610	9.40118
620	9.56785
630	9.73451
640	9.90118
650	10.0678
660	10.2345
670	10.4012
680	10.5678
690	10.7345
700	10.9012
710	11.0678
720	11.2345
730	11.4012
740	11.5678
750	11.7345
760	11.9012
770	12.0678
780	12.2345
790	12.4012
800	12.5678
810	12.7345
820	12.9012
830	13.0678
840	13.2345
850	13.4012
860	13.5678
870	13.7345
880	13.9012
890	14.0678
900	14.2345
910	14.4012
920	14.5678
930	14.7345
940	14.9012
950	15.0678
960	15.2345
970	15.4012
980	15.5678
990	15.7345
1000	15.9012
1010	16.0678
1020	16.2345
1030	16.4012
1040	16.5678
1050	16.7345
1060	16.9012
1070	17.0678
1080	17.2345
1090	17.4012
74
360	5.32749
370	5.49415
380	5.66082
390	5.82749
400	5.99415
410	6.16082
420	6.32749
430	6.49415
440	6.66082
450	6.82749
460	6.99415
470	7.16082
480	7.32749
490	7.49415
500	7.66082
510	7.82749
520	7.99415
530	8.16082
540	8.32749
550	8.49415
560	8.66082
570	8.82749
580	8.99415
590	9.16082
600	9.32749
610	9.49415
620	9.66082
630	9.82749
640	9.99415
650	10.1608
660	10.3275
670	10.4942
680	10.6608
690	10.8275
700	10.9942
710	11.1608
720	11.3275
730	11.4942
740	11.6608
750	11.8275
760	11.9942
770	12.1608
780	12.3275
790	12.4942
800	12.6608
810	12.8275
820	12.9942
830	13.1608
840	13.3275
850	13.4942
860	13.6608
870	13.8275
880	13.9942
890	14.1608
900	14.3275
910	14.4942
920	14.6608
930	14.8275
940	14.9942
950	15.1608
960	15.3275
970	15.4942
980	15.6608
990	15.8275
1000	15.9942
1010	16.1608
1020	16.3275
1030	16.4942
1040	16.6608
1050	16.8275
1060	16.9942
1070	17.1608
1080	17.3275
1090	17.4942
74
360	5.39642
370	5.56309
380	5.72975
390	5.89642
400	6.06309
410	6.22975
420	6.39642
430	6.56309
440	6.72975
450	6.89642
460	7.06309
470	7.22975
480	7.39642
490	7.56309
500	7.72975
510	7.89642
520	8.06309
530	8.22975
540	8.39642
550	8.56309
560	8.72975
570	8.89642
580	9.06309
590	9.22975
600	9.39642
610	9.56309
620	9.72975
630	9.89642
640	10.0631
650	10.2298
660	10.3964
670	10.5631
680	10.7298
690	10.8964
700	11.0631
710	11.2298
720	11.3964
730	11.5631
740	11.7298
750	11.8964
760	12.0631
770	12.2298
780	12.3964
790	12.5631
800	12.7298
810	12.8964
820	13.0631
830	13.2298
840	13.3964
850	13.5631
860	13.7298
870	13.8964
880	14.0631
890	14.2298
900	14.3964
910	14.5631
920	14.7298
930	14.8964
940	15.0631
950	15.2298
960	15.3964
970	15.5631
980	15.7298
990	15.8964
1000	16.0631
1010	16.2298
1020	16.3964
1030	16.5631
1040	16.7298
1050	16.8964
1060	17.0631
1070	17.2298
1080	17.3964
1090	17.5631
74
360	5.44872
370	5.61539
380	5.78206
390	5.94872
400	6.11539
410	6.28206
420	6.44872
430	6.61539
440	6.78206
450	6.94872
460	7.11539
470	7.28206
480	7.44872
490	7.61539
500	7.78206
510	7.94872
520	8.11539
530	8.28206
540	8.44872
550	8.61539
560	8.78206
570	8.94872
580	9.11539
590	9.28206
600	9.44872
610	9.61539
620	9.78206
630	9.94872
640	10.1154
650	10.2821
660	10.4487
670	10.6154
680	10.7821
690	10.9487
700	11.1154
710	11.2821
720	11.4487
730	11.6154
740	11.7821
750	11.9487
760	12.1154
770	12.2821
780	12.4487
790	12.6154
800	12.7821
810	12.9487
820	13.1154
830	13.2821
840	13.4487
850	13.6154
860	13.7821
870	13.9487
880	14.1154
890	14.2821
900	14.4487
910	14.6154
920	14.7821
930	14.9487
940	15.1154
950	15.2821
960	15.4487
970	15.6154
980	15.7821
990	15.9487
1000	16.1154
1010	16.2821
1020	16.4487
1030	16.6154
1040	16.7821
1050	16.9487
1060	17.1154
1070	17.2821
1080	17.4487
1090	17.6154
74
360	5.78368
370	5.95035
380	6.11701
390	6.28368
400	6.45035
410	6.61701
420	6.78368
430	6.95035
440	7.11701
450	7.28368
460	7.45035
470	7.61701
480	7.78368
490	7.95035
500	8.11701
510	8.28368
520	8.45035
530	8.61701
540	8.78368
550	8.95035
560	9.11701
570	9.28368
580	9.45035
590	9.61701
600	9.78368
610	9.95035
620	10.117
630	10.2837
640	10.4503
650	10.617
660	10.7837
670	10.9503
680	11.117
690	11.2837
700	11.4503
710	11.617
720	11.7837
730	11.9503
740	12.117
750	12.2837
760	12.4503
770	12.617
780	12.7837
790	12.9503
800	13.117
810	13.2837
820	13.4503
830	13.617
840	13.7837
850	13.9503
860	14.117
870	14.2837
880	14.4503
890	14.617
900	14.7837
910	14.9503
920	15.117
930	15.2837
940	15.4503
950	15.617
960	15.7837
970	15.9503
980	16.117
990	16.2837
1000	16.4503
1010	16.617
1020	16.7837
1030	16.9503
1040	17.117
1050	17.2837
1060	17.4503
1070	17.617
1080	17.7837
1090	17.9503
74
360	5.8405
370	6.00717
380	6.17383
390	6.3405
400	6.50717
410	6.67383
420	6.8405
430	7.00717
440	7.17383
450	7.3405
460	7.50717
470	7.67383
480	7.8405
490	8.00717
500	8.17383
510	8.3405
520	8.50717
530	8.67383
540	8.8405
550	9.00717
560	9.17383
570	9.3405
580	9.50717
590	9.67383
600	9.8405
610	10.0072
620	10.1738
630	10.3405
640	10.5072
650	10.6738
660	10.8405
670	11.0072
680	11.1738
690	11.3405
700	11.5072
710	11.6738
720	11.8405
730	12.0072
740	12.1738
750	12.3405
760	12.5072
770	12.6738
780	12.8405
790	13.0072
800	13.1738
810	13.3405
820	13.5072
830	13.6738
840	13.8405
850	14.0072
860	14.1738
870	14.3405
880	14.5072
890	14.6738
900	14.8405
910	15.0072
920	15.1738
930	15.3405
940	15.5072
950	15.6738
960	15.8405
970	16.0072
980	16.1738
990	16.3405
1000	16.5072
1010	16.6738
1020	16.8405
1030	17.0072
1040	17.1738
1050	17.3405
1060	17.5072
1070	17.6738
1080	17.8405
1090	18.0072
74
360	5.89732
370	6.06398
380	6.23065
390	6.39732
400	6.56398
410	6.73065
420	6.89732
430	7.06398
440	7.23065
450	7.39732
460	7.56398
470	7.73065
480	7.89732
490	8.06398
500	8.23065
510	8.39732
520	8.56398
530	8.73065
540	8.89732
550	9.06398
560	9.23065
570	9.39732
580	9.56398
590	9.73065
600	9.89732
610	10.064
620	10.2307
630	10.3973
640	10.564
650	10.7307
660	10.8973
670	11.064
680	11.2307
690	11.3973
700	11.564
710	11.7307
720	11.8973
730	12.064
740	12.2307
750	12.3973
760	12.564
770	12.7307
780	12.8973
790	13.064
800	13.2307
810	13.3973
820	13.564
830	13.7307
840	13.8973
850	14.064
860	14.2307
870	14.3973
880	14.564
890	14.7307
900	14.8973
910	15.064
920	15.2307
930	15.3973
940	15.564
950	15.7307
960	15.8973
970	16.064
980	16.2307
990	16.3973
1000	16.564
1010	16.7307
1020	16.8973
1030	17.064
1040	17.2307
1050	17.3973
1060	17.564
1070	17.7307
1080	17.8973
1090	18.064
74
360	5.98084
370	6.14751
380	6.31417
390	6.48084
400	6.64751
410	6.81417
420	6.98084
430	7.14751
440	7.31417
450	7.48084
460	7.64751
470	7.81417
480	7.98084
490	8.14751
500	8.31417
510	8.48084
520	8.64751
530	8.81417
540	8.98084
550	9.14751
560	9.31417
570	9.48084
580	9.64751
590	9.81417
600	9.98084
610	10.1475
620	10.3142
630	10.4808
640	10.6475
650	10.8142
660	10.9808
670	11.1475
680	11.3142
690	11.4808
700	11.6475
710	11.8142
720	11.9808
730	12.1475
740	12.3142
750	12.4808
760	12.6475
770	12.8142
780	12.9808
790	13.1475
800	13.3142
810	13.4808
820	13.6475
830	13.8142
840	13.9808
850	14.1475
860	14.3142
870	14.4808
880	14.6475
890	14.8142
900	14.9808
910	15.1475
920	15.3142
930	15.4808
940	15.6475
950	15.8142
960	15.9808
970	16.1475
980	16.3142
990	16.4808
1000	16.6475
1010	16.8142
1020	16.9808
1030	17.1475
1040	17.3142
1050	17.4808
1060	17.6475
1070	17.8142
1080	17.9808
1090	18.1475
74
360	6.06437
370	6.23103
380	6.3977
390	6.56437
400	6.73103
410	6.8977
420	7.06437
430	7.23103
440	7.3977
450	7.56437
460	7.73103
470	7.8977
480	8.06437
490	8.23103
500	8.3977
510	8.56437
520	8.73103
530	8.8977
540	9.06437
550	9.23103
560	9.3977
570	9.56437
580	9.73103
590	9.8977
600	10.0644
610	10.231
620	10.3977
630	10.5644
640	10.731
650	10.8977
660	11.0644
670	11.231
680	11.3977
690	11.5644
700	11.731
710	11.8977
720	12.0644
730	12.231
740	12.3977
750	12.5644
760	12.731
770	12.8977
780	13.0644
790	13.231
800	13.3977
810	13.5644
820	13.731
830	13.8977
840	14.0644
850	14.231
860	14.3977
870	14.5644
880	14.731
890	14.8977
900	15.0644
910	15.231
920	15.3977
930	15.5644
940	15.731
950	15.8977
960	16.0644
970	16.231
980	16.3977
990	16.5644
1000	16.731
1010	16.8977
1020	17.0644
1030	17.231
1040	17.3977
1050	17.5644
1060	17.731
1070	17.8977
1080	18.0644
1090	18.231
