143
1
1090	0.0922949
2
1080	0.148362
1090	0.315029
3
1070	0.077618
1080	0.244285
1090	0.410951
4
1060	0.130188
1070	0.296854
1080	0.463521
1090	0.630188
5
1050	0.114413
1060	0.28108
1070	0.447746
1080	0.614413
1090	0.78108
6
1040	0.131082
1050	0.297749
1060	0.464416
1070	0.631082
1080	0.797749
1090	0.964416
7
1030	0.144448
1040	0.311115
1050	0.477782
1060	0.644448
1070	0.811115
1080	0.977782
1090	1.14445
8
1020	0.0790424
1030	0.245709
1040	0.412376
1050	0.579042
1060	0.745709
1070	0.912376
1080	1.07904
1090	1.24571
9
1010	0.146001
1020	0.312668
1030	0.479334
1040	0.646001
1050	0.812668
1060	0.979334
1070	1.146
1080	1.31267
1090	1.47933
10
1000	0.1335
1010	0.300166
1020	0.466833
1030	0.6335
1040	0.747842
1050	0.901832
1060	1.0685
1070	1.23517
1080	1.40183
1090	1.5685
11
990	0.130617
1000	0.297283
1010	0.46395
1020	0.60175
1030	0.675861
1040	0.826117
1050	0.992783
1060	1.15945
1070	1.32612
1080	1.49278
1090	1.65945
12
980	0.166948
990	0.333615
1000	0.497824
1010	0.563018
1020	0.69494
1030	0.861607
1040	1.02827
1050	1.19494
1060	1.36161
1070	1.52827
1080	1.69494
1090	1.86161
13
970	0.154518
980	0.321185
990	0.429755
1000	0.525403
1010	0.684991
1020	0.851658
1030	1.01832
1040	1.18499
1050	1.35166
1060	1.51832
1070	1.68499
1080	1.85166
1090	2.01832
14
960	0.0739345
970	0.240601
980	0.365559
990	0.455754
1000	0.613305
1010	0.779972
1020	0.946638
1030	1.1133
1040	1.27997
1050	1.44664
1060	1.6133
1070	1.77997
1080	1.94664
1090	2.1133
15
950	0.0651118
960	0.21328
970	0.31436
980	0.475952
990	0.640695
1000	0.755485
1010	0.90267
1020	1.06934
1030	1.236
1040	1.40267
1050	1.56934
1060	1.736
1070	1.90267
1080	2.06934
1090	2.14556
16
940	0.0987888
950	0.142415
960	0.24486
970	0.379033
980	0.53668
990	0.659483
1000	0.804762
1010	0.971429
1020	1.1381
1030	1.30476
1040	1.47143
1050	1.6381
1060	1.80476
1070	1.97143
1080	2.13514
1090	2.16226
17
930	0.0464676
940	0.140596
950	0.16682
960	0.24486
970	0.379033
980	0.53668
990	0.659483
1000	0.804762
1010	0.971429
1020	1.1381
1030	1.30476
1040	1.47143
1050	1.6381
1060	1.80476
1070	1.97143
1080	2.13514
1090	2.16226
18
920	0.0681437
930	0.139022
940	0.167699
950	0.227552
960	0.354983
970	0.48914
980	0.634458
990	0.801125
1000	0.967792
1010	1.13446
1020	1.30112
1030	1.46779
1040	1.63446
1050	1.80112
1060	1.96779
1070	2.1344
1080	2.16577
1090	2.26421
19
910	0.0677979
920	0.103169
930	0.164657
940	0.191124
950	0.285597
960	0.413849
970	0.578547
980	0.745214
990	0.91188
1000	1.07855
1010	1.24521
1020	1.41188
1030	1.57855
1040	1.74521
1050	1.91188
1060	2.07855
1070	2.15432
1080	2.22557
1090	2.35996
20
900	0.0486294
910	0.0842244
920	0.145997
930	0.189253
940	0.25594
950	0.39262
960	0.559287
970	0.725954
980	0.89262
990	1.05929
1000	1.22595
1010	1.39262
1020	1.55929
1030	1.72595
1040	1.89262
1050	2.05929
1060	2.15909
1070	2.20823
1080	2.32756
1090	2.49316
21
890	0.0271496
900	0.0895828
910	0.135762
920	0.194961
930	0.261303
940	0.390679
950	0.550524
960	0.711324
970	0.865336
980	1.032
990	1.19867
1000	1.36534
1010	1.532
1020	1.69867
1030	1.86534
1040	2.032
1050	2.1676
1060	2.2054
1070	2.31883
1080	2.46458
1090	2.63124
22
880	0.0225305
890	0.0959177
900	0.120041
910	0.19361
920	0.230334
930	0.34352
940	0.505451
950	0.631593
960	0.795472
970	0.962139
980	1.12881
990	1.29547
1000	1.46214
1010	1.62881
1020	1.79547
1030	1.96214
1040	2.12881
1050	2.18505
1060	2.26459
1070	2.41563
1080	2.58229
1090	2.74896
23
870	0.0277231
880	0.0960453
890	0.122155
900	0.201659
910	0.230711
920	0.335759
930	0.462424
940	0.627831
950	0.794498
960	0.961165
970	1.12783
980	1.2945
990	1.46116
1000	1.62783
1010	1.7945
1020	1.96116
1030	2.12783
1040	2.19079
1050	2.27724
1060	2.4325
1070	2.59917
1080	2.76584
1090	2.9325
24
860	0.0332809
870	0.0734344
880	0.119518
890	0.181979
900	0.223018
910	0.298864
920	0.446181
930	0.612848
940	0.779515
950	0.946181
960	1.11285
970	1.27951
980	1.44618
990	1.61285
1000	1.77951
1010	1.94618
1020	2.11285
1030	2.19027
1040	2.2914
1050	2.45267
1060	2.61933
1070	2.786
1080	2.95267
1090	3.11933
25
850	0.0533309
860	0.0991316
870	0.143319
880	0.205726
890	0.259334
900	0.373281
910	0.53776
920	0.704427
930	0.871094
940	1.03776
950	1.20443
960	1.37109
970	1.53776
980	1.70443
990	1.87109
1000	2.03776
1010	2.13183
1020	2.22934
1030	2.38781
1040	2.55447
1050	2.72114
1060	2.88781
1070	3.05447
1080	3.22114
1090	3.38781
26
840	0.0619416
850	0.0866368
860	0.133468
870	0.231324
880	0.393026
890	0.559693
900	0.724219
910	0.840622
920	0.994142
930	1.16081
940	1.32748
950	1.49414
960	1.66081
970	1.82748
980	1.99218
990	2.05771
1000	2.16979
1010	2.33523
1020	2.50189
1030	2.66856
1040	2.83523
1050	3.00189
1060	3.16856
1070	3.33523
1080	3.50189
1090	3.66856
27
830	0.0347767
840	0.0864691
850	0.146743
860	0.280421
870	0.447088
880	0.598057
890	0.690284
900	0.799552
910	0.963319
920	1.12999
930	1.29665
940	1.46332
950	1.62999
960	1.79665
970	1.96279
980	2.02811
990	2.15799
1000	2.32466
1010	2.49133
1020	2.65799
1030	2.82466
1040	2.99133
1050	3.15799
1060	3.32466
1070	3.49133
1080	3.65799
1090	3.82466
28
820	0.0677343
830	0.117502
840	0.213775
850	0.371953
860	0.452503
870	0.56627
880	0.673749
890	0.754445
900	0.903316
910	1.06998
920	1.23665
930	1.40332
940	1.56998
950	1.73665
960	1.90332
970	1.98157
980	2.0912
990	2.25464
1000	2.42131
1010	2.58797
1020	2.75464
1030	2.92131
1040	3.08797
1050	3.25464
1060	3.42131
1070	3.58797
1080	3.75464
1090	3.92131
29
810	0.0389011
820	0.0958843
830	0.22473
840	0.359271
850	0.440121
860	0.589018
870	0.655156
880	0.743253
890	0.896906
900	1.06357
910	1.23024
920	1.39691
930	1.56357
940	1.73024
950	1.88344
960	1.95617
970	2.09118
980	2.25784
990	2.42451
1000	2.59118
1010	2.75784
1020	2.92451
1030	3.09118
1040	3.25784
1050	3.42451
1060	3.59118
1070	3.75784
1080	3.92451
1090	4.09118
30
800	0.0240894
810	0.0821856
820	0.169533
830	0.309136
840	0.388354
850	0.532924
860	0.636934
870	0.709702
880	0.856926
890	1.02359
900	1.19026
910	1.35693
920	1.52359
930	1.69026
940	1.82808
950	1.91388
960	2.06923
970	2.23589
980	2.40256
990	2.56923
1000	2.73589
1010	2.90256
1020	3.06923
1030	3.23589
1040	3.40256
1050	3.56923
1060	3.73589
1070	3.90256
1080	4.06923
1090	4.23589
31
790	0.0267988
800	0.138911
810	0.162773
820	0.258661
830	0.393315
840	0.545513
850	0.636966
860	0.719682
870	0.873595
880	1.04026
890	1.20693
900	1.3736
910	1.54026
920	1.70693
930	1.78774
940	1.89481
950	2.05882
960	2.22549
970	2.39216
980	2.55882
990	2.72549
1000	2.89216
1010	3.05882
1020	3.22549
1030	3.39216
1040	3.55882
1050	3.72549
1060	3.89216
1070	4.05882
1080	4.22549
1090	4.39216
32
780	0.0266531
790	0.0878067
800	0.148232
810	0.20462
820	0.318549
830	0.476498
840	0.616361
850	0.679085
860	0.819777
870	0.986444
880	1.15311
890	1.31978
900	1.48644
910	1.65311
920	1.74956
930	1.85469
940	2.01835
950	2.18502
960	2.35169
970	2.51835
980	2.68502
990	2.85169
1000	3.01835
1010	3.18502
1020	3.35169
1030	3.51835
1040	3.68502
1050	3.85169
1060	4.01835
1070	4.18502
1080	4.35169
1090	4.51835
33
770	0.0394446
780	0.0878733
790	0.161612
800	0.216009
810	0.348363
820	0.500969
830	0.594212
840	0.735883
850	0.90255
860	1.06922
870	1.23588
880	1.40255
890	1.56922
900	1.66256
910	1.75559
920	1.9146
930	2.08126
940	2.24793
950	2.4146
960	2.58126
970	2.74793
980	2.9146
990	3.08126
1000	3.24793
1010	3.4146
1020	3.58126
1030	3.74793
1040	3.9146
1050	4.08126
1060	4.24793
1070	4.4146
1080	4.58126
1090	4.74793
34
760	0.0495777
770	0.0765401
780	0.153522
790	0.218115
800	0.316948
810	0.459274
820	0.625941
830	0.792608
840	0.959274
850	1.12594
860	1.29261
870	1.45927
880	1.56261
890	1.66874
900	1.83272
910	1.99938
920	2.16605
930	2.33272
940	2.49938
950	2.66605
960	2.83272
970	2.99938
980	3.16605
990	3.33272
1000	3.49938
1010	3.66605
1020	3.83272
1030	3.99938
1040	4.16605
1050	4.33272
1060	4.49938
1070	4.66605
1080	4.83272
1090	4.99938
35
750	0.0439393
760	0.0716632
770	0.127557
780	0.192277
790	0.337337
800	0.504003
810	0.67067
820	0.837337
830	1.004
840	1.17067
850	1.33734
860	1.47582
870	1.55074
880	1.70202
890	1.86869
900	2.03535
910	2.20202
920	2.36869
930	2.53535
940	2.70202
950	2.86869
960	3.03535
970	3.20202
980	3.36869
990	3.53535
1000	3.70202
1010	3.86869
1020	4.03535
1030	4.20202
1040	4.36869
1050	4.53535
1060	4.70202
1070	4.86869
1080	5.03535
1090	5.20202
36
740	0.0190928
750	0.0702908
760	0.0933483
770	0.161213
780	0.298469
790	0.465136
800	0.631803
810	0.798469
820	0.965136
830	1.1318
840	1.29847
850	1.44857
860	1.50395
870	1.6352
880	1.80187
890	1.96854
900	2.1352
910	2.30187
920	2.46854
930	2.6352
940	2.80187
950	2.96854
960	3.1352
970	3.30187
980	3.46854
990	3.6352
1000	3.80187
1010	3.96854
1020	4.1352
1030	4.30187
1040	4.46854
1050	4.6352
1060	4.80187
1070	4.96854
1080	5.1352
1090	5.30187
37
730	0.0249333
740	0.0697425
750	0.109497
760	0.220241
770	0.352736
780	0.504508
790	0.671175
800	0.837842
810	1.00451
820	1.17118
830	1.33724
840	1.41031
850	1.54589
860	1.71256
870	1.87923
880	2.04589
890	2.21256
900	2.37923
910	2.54589
920	2.71256
930	2.87923
940	3.04589
950	3.21256
960	3.37923
970	3.54589
980	3.71256
990	3.87923
1000	4.04589
1010	4.21256
1020	4.37923
1030	4.54589
1040	4.71256
1050	4.87923
1060	5.04589
1070	5.21256
1080	5.37923
1090	5.54589
38
720	0.0299642
730	0.0805097
740	0.128033
750	0.245394
760	0.410577
770	0.577244
780	0.743911
790	0.910577
800	1.07724
810	1.24369
820	1.31507
830	1.42744
840	1.59141
850	1.75808
860	1.92475
870	2.09141
880	2.25808
890	2.42475
900	2.59141
910	2.75808
920	2.92475
930	3.09141
940	3.25808
950	3.42475
960	3.59141
970	3.75808
980	3.92475
990	4.09141
1000	4.25808
1010	4.42475
1020	4.59141
1030	4.75808
1040	4.92475
1050	5.09141
1060	5.25808
1070	5.42475
1080	5.59141
1090	5.75808
39
710	0.0194351
720	0.0722648
730	0.13609
740	0.290258
750	0.456925
760	0.623591
770	0.790258
780	0.956925
790	1.12359
800	1.21376
810	1.32054
820	1.48476
830	1.65143
840	1.81809
850	1.98476
860	2.15143
870	2.31809
880	2.48476
890	2.65143
900	2.81809
910	2.98476
920	3.15143
930	3.31809
940	3.48476
950	3.65143
960	3.81809
970	3.98476
980	4.15143
990	4.31809
1000	4.48476
1010	4.65143
1020	4.81809
1030	4.98476
1040	5.15143
1050	5.31809
1060	5.48476
1070	5.65143
1080	5.81809
1090	5.98476
40
700	0.0199356
710	0.0504522
720	0.162539
730	0.328176
740	0.494843
750	0.661509
760	0.828176
770	0.994843
780	1.11375
790	1.19523
800	1.3504
810	1.51707
820	1.68374
830	1.8504
840	2.01707
850	2.18374
860	2.3504
870	2.51707
880	2.68374
890	2.8504
900	3.01707
910	3.18374
920	3.3504
930	3.51707
940	3.68374
950	3.8504
960	4.01707
970	4.18374
980	4.3504
990	4.51707
1000	4.68374
1010	4.8504
1020	5.01707
1030	5.18374
1040	5.3504
1050	5.51707
1060	5.68374
1070	5.8504
1080	6.01707
1090	6.18374
41
690	0.0190915
700	0.0730005
710	0.201783
720	0.334818
730	0.491044
740	0.657711
750	0.824378
760	0.991044
770	1.0886
780	1.19067
790	1.34777
800	1.51443
810	1.6811
820	1.84777
830	2.01443
840	2.1811
850	2.34777
860	2.51443
870	2.6811
880	2.84777
890	3.01443
900	3.1811
910	3.34777
920	3.51443
930	3.6811
940	3.84777
950	4.01443
960	4.1811
970	4.34777
980	4.51443
990	4.6811
1000	4.84777
1010	5.01443
1020	5.1811
1030	5.34777
1040	5.51443
1050	5.6811
1060	5.84777
1070	6.01443
1080	6.1811
1090	6.34777
42
680	0.0391202
690	0.125422
700	0.220803
710	0.31085
720	0.465464
730	0.63213
740	0.798797
750	0.965464
760	1.05581
770	1.16267
780	1.32511
790	1.49177
800	1.65844
810	1.82511
820	1.99177
830	2.15844
840	2.32511
850	2.49177
860	2.65844
870	2.82511
880	2.99177
890	3.15844
900	3.32511
910	3.49177
920	3.65844
930	3.82511
940	3.99177
950	4.15844
960	4.32511
970	4.49177
980	4.65844
990	4.82511
1000	4.99177
1010	5.15844
1020	5.32511
1030	5.49177
1040	5.65844
1050	5.82511
1060	5.99177
1070	6.15844
1080	6.32511
1090	6.49177
43
670	0.0332108
680	0.10583
690	0.219212
700	0.383488
710	0.550155
720	0.716822
730	0.883457
740	0.956944
750	1.07157
760	1.23616
770	1.40283
780	1.5695
790	1.73616
800	1.90283
810	2.0695
820	2.23616
830	2.40283
840	2.5695
850	2.73616
860	2.90283
870	3.0695
880	3.23616
890	3.40283
900	3.5695
910	3.73616
920	3.90283
930	4.0695
940	4.23616
950	4.40283
960	4.5695
970	4.73616
980	4.90283
990	5.0695
1000	5.23616
1010	5.40283
1020	5.5695
1030	5.73616
1040	5.90283
1050	6.0695
1060	6.23616
1070	6.40283
1080	6.5695
1090	6.73616
44
660	0.0197483
670	0.0939729
680	0.239048
690	0.405714
700	0.572381
710	0.732629
720	0.84076
730	0.987503
740	1.15417
750	1.32084
760	1.4875
770	1.65417
780	1.82084
790	1.9875
800	2.15417
810	2.32084
820	2.4875
830	2.65417
840	2.82084
850	2.9875
860	3.15417
870	3.32084
880	3.4875
890	3.65417
900	3.82084
910	3.9875
920	4.15417
930	4.32084
940	4.4875
950	4.65417
960	4.82084
970	4.9875
980	5.15417
990	5.32084
1000	5.4875
1010	5.65417
1020	5.82084
1030	5.9875
1040	6.15417
1050	6.32084
1060	6.4875
1070	6.65417
1080	6.82084
1090	6.9875
45
650	0.055345
660	0.180538
670	0.346789
680	0.468693
690	0.62037
700	0.787037
710	0.953703
720	1.12037
730	1.28704
740	1.4537
750	1.62037
760	1.78704
770	1.9537
780	2.12037
790	2.28704
800	2.4537
810	2.62037
820	2.78704
830	2.9537
840	3.12037
850	3.28704
860	3.4537
870	3.62037
880	3.78704
890	3.9537
900	4.12037
910	4.28704
920	4.4537
930	4.62037
940	4.78704
950	4.9537
960	5.12037
970	5.28704
980	5.4537
990	5.62037
1000	5.78704
1010	5.9537
1020	6.12037
1030	6.28704
1040	6.4537
1050	6.62037
1060	6.78704
1070	6.9537
1080	7.12037
1090	7.28704
46
640	0.0936344
650	0.229781
660	0.396448
670	0.563115
680	0.729781
690	0.896448
700	1.06311
710	1.22978
720	1.39645
730	1.56311
740	1.72978
750	1.89645
760	2.06311
770	2.22978
780	2.39645
790	2.56311
800	2.72978
810	2.89645
820	3.06311
830	3.22978
840	3.39645
850	3.56311
860	3.72978
870	3.89645
880	4.06311
890	4.22978
900	4.39645
910	4.56311
920	4.72978
930	4.89645
940	5.06311
950	5.22978
960	5.39645
970	5.56311
980	5.72978
990	5.89645
1000	6.06311
1010	6.22978
1020	6.39645
1030	6.56311
1040	6.72978
1050	6.89645
1060	7.06311
1070	7.22978
1080	7.39645
1090	7.56311
47
630	0.0958668
640	0.260021
650	0.426688
660	0.593355
670	0.760021
680	0.926688
690	1.09335
700	1.26002
710	1.42669
720	1.59335
730	1.76002
740	1.92669
750	2.09335
760	2.26002
770	2.42669
780	2.59335
790	2.76002
800	2.92669
810	3.09335
820	3.26002
830	3.42669
840	3.59335
850	3.76002
860	3.92669
870	4.09335
880	4.26002
890	4.42669
900	4.59335
910	4.76002
920	4.92669
930	5.09335
940	5.26002
950	5.42669
960	5.59335
970	5.76002
980	5.92669
990	6.09335
1000	6.26002
1010	6.42669
1020	6.59335
1030	6.76002
1040	6.92669
1050	7.09335
1060	7.26002
1070	7.42669
1080	7.59335
1090	7.76002
48
620	0.034936
630	0.194905
640	0.361572
650	0.528238
660	0.694905
670	0.861572
680	1.02824
690	1.19491
700	1.36157
710	1.52824
720	1.69491
730	1.86157
740	2.02824
750	2.19491
760	2.36157
770	2.52824
780	2.69491
790	2.86157
800	3.02824
810	3.19491
820	3.36157
830	3.52824
840	3.69491
850	3.86157
860	4.02824
870	4.19491
880	4.36157
890	4.52824
900	4.69491
910	4.86157
920	5.02824
930	5.19491
940	5.36157
950	5.52824
960	5.69491
970	5.86157
980	6.02824
990	6.19491
1000	6.36157
1010	6.52824
1020	6.69491
1030	6.86157
1040	7.02824
1050	7.19491
1060	7.36157
1070	7.52824
1080	7.69491
1090	7.86157
49
610	0.118223
620	0.284889
630	0.403805
640	0.491495
650	0.648068
660	0.814735
670	0.981401
680	1.14807
690	1.31473
700	1.4814
710	1.64807
720	1.81473
730	1.9814
740	2.14807
750	2.31473
760	2.4814
770	2.64807
780	2.81473
790	2.9814
800	3.14807
810	3.31473
820	3.4814
830	3.64807
840	3.81473
850	3.9814
860	4.14807
870	4.31473
880	4.4814
890	4.64807
900	4.81473
910	4.9814
920	5.14807
930	5.31473
940	5.4814
950	5.64807
960	5.81473
970	5.9814
980	6.14807
990	6.31473
1000	6.4814
1010	6.64807
1020	6.81473
1030	6.9814
1040	7.14807
1050	7.31473
1060	7.4814
1070	7.64807
1080	7.81473
1090	7.9814
50
600	0.125058
610	0.29059
620	0.362389
630	0.449496
640	0.605233
650	0.7719
660	0.938567
670	1.10523
680	1.2719
690	1.43857
700	1.60523
710	1.7719
720	1.93857
730	2.10523
740	2.2719
750	2.43857
760	2.60523
770	2.7719
780	2.93857
790	3.10523
800	3.2719
810	3.43857
820	3.60523
830	3.7719
840	3.93857
850	4.10523
860	4.2719
870	4.43857
880	4.60523
890	4.7719
900	4.93857
910	5.10523
920	5.2719
930	5.43857
940	5.60523
950	5.7719
960	5.93857
970	6.10523
980	6.2719
990	6.43857
1000	6.60523
1010	6.7719
1020	6.93857
1030	7.10523
1040	7.2719
1050	7.43857
1060	7.60523
1070	7.7719
1080	7.93857
1090	8.10523
51
590	0.0988798
600	0.26164
610	0.345178
620	0.41461
630	0.561581
640	0.728247
650	0.894914
660	1.06158
670	1.22825
680	1.39491
690	1.56158
700	1.72825
710	1.89491
720	2.06158
730	2.22825
740	2.39491
750	2.56158
760	2.72825
770	2.89491
780	3.06158
790	3.22825
800	3.39491
810	3.56158
820	3.72825
830	3.89491
840	4.06158
850	4.22825
860	4.39491
870	4.56158
880	4.72825
890	4.89491
900	5.06158
910	5.22825
920	5.39491
930	5.56158
940	5.72825
950	5.89491
960	6.06158
970	6.22825
980	6.39491
990	6.56158
1000	6.72825
1010	6.89491
1020	7.06158
1030	7.22825
1040	7.39491
1050	7.56158
1060	7.72825
1070	7.89491
1080	8.06158
1090	8.22825
52
580	0.102141
590	0.202278
600	0.291147
610	0.392121
620	0.553405
630	0.720072
640	0.886738
650	1.0534
660	1.22007
670	1.38674
680	1.5534
690	1.72007
700	1.88674
710	2.0534
720	2.22007
730	2.38674
740	2.5534
750	2.72007
760	2.88674
770	3.0534
780	3.22007
790	3.38674
800	3.5534
810	3.72007
820	3.88674
830	4.0534
840	4.22007
850	4.38674
860	4.5534
870	4.72007
880	4.88674
890	5.0534
900	5.22007
910	5.38674
920	5.5534
930	5.72007
940	5.88674
950	6.0534
960	6.22007
970	6.38674
980	6.5534
990	6.72007
1000	6.88674
1010	7.0534
1020	7.22007
1030	7.38674
1040	7.5534
1050	7.72007
1060	7.88674
1070	8.0534
1080	8.22007
1090	8.38674
53
570	0.050059
580	0.152677
590	0.247533
600	0.361538
610	0.526725
620	0.693391
630	0.860058
640	1.02672
650	1.19339
660	1.36006
670	1.52672
680	1.69339
690	1.86006
700	2.02672
710	2.19339
720	2.36006
730	2.52672
740	2.69339
750	2.86006
760	3.02672
770	3.19339
780	3.36006
790	3.52672
800	3.69339
810	3.86006
820	4.02672
830	4.19339
840	4.36006
850	4.52672
860	4.69339
870	4.86006
880	5.02672
890	5.19339
900	5.36006
910	5.52672
920	5.69339
930	5.86006
940	6.02672
950	6.19339
960	6.36006
970	6.52672
980	6.69339
990	6.86006
1000	7.02672
1010	7.19339
1020	7.36006
1030	7.52672
1040	7.69339
1050	7.86006
1060	8.02672
1070	8.19339
1080	8.36006
1090	8.52672
54
560	0.0795864
570	0.168681
580	0.326253
590	0.492919
600	0.659586
610	0.826253
620	0.992919
630	1.15959
640	1.32625
650	1.49292
660	1.65959
670	1.82625
680	1.99292
690	2.15959
700	2.32625
710	2.49292
720	2.65959
730	2.82625
740	2.99292
750	3.15959
760	3.32625
770	3.49292
780	3.65959
790	3.82625
800	3.99292
810	4.15959
820	4.32625
830	4.49292
840	4.65959
850	4.82625
860	4.99292
870	5.15959
880	5.32625
890	5.49292
900	5.65959
910	5.82625
920	5.99292
930	6.15959
940	6.32625
950	6.49292
960	6.65959
970	6.82625
980	6.99292
990	7.15959
1000	7.32625
1010	7.49292
1020	7.65959
1030	7.82625
1040	7.99292
1050	8.15959
1060	8.32625
1070	8.49292
1080	8.65959
1090	8.82625
55
550	0.0939635
560	0.257193
570	0.423859
580	0.590526
590	0.757193
600	0.923859
610	1.09053
620	1.25719
630	1.42386
640	1.59053
650	1.75719
660	1.92386
670	2.09053
680	2.25719
690	2.42386
700	2.59053
710	2.75719
720	2.92386
730	3.09053
740	3.25719
750	3.42386
760	3.59053
770	3.75719
780	3.92386
790	4.09053
800	4.25719
810	4.42386
820	4.59053
830	4.75719
840	4.92386
850	5.09053
860	5.25719
870	5.42386
880	5.59053
890	5.75719
900	5.92386
910	6.09053
920	6.25719
930	6.42386
940	6.59053
950	6.75719
960	6.92386
970	7.09053
980	7.25719
990	7.42386
1000	7.59053
1010	7.75719
1020	7.92386
1030	8.09053
1040	8.25719
1050	8.42386
1060	8.59053
1070	8.75719
1080	8.92386
1090	9.09053
56
540	0.0583352
550	0.215933
560	0.3826
570	0.549266
580	0.715933
590	0.8826
600	1.04927
610	1.21593
620	1.3826
630	1.54927
640	1.71593
650	1.8826
660	2.04927
670	2.21593
680	2.3826
690	2.54927
700	2.71593
710	2.8826
720	3.04927
730	3.21593
740	3.3826
750	3.54927
760	3.71593
770	3.8826
780	4.04927
790	4.21593
800	4.3826
810	4.54927
820	4.71593
830	4.8826
840	5.04927
850	5.21593
860	5.3826
870	5.54927
880	5.71593
890	5.8826
900	6.04927
910	6.21593
920	6.3826
930	6.54927
940	6.71593
950	6.8826
960	7.04927
970	7.21593
980	7.3826
990	7.54927
1000	7.71593
1010	7.8826
1020	8.04927
1030	8.21593
1040	8.3826
1050	8.54927
1060	8.71593
1070	8.8826
1080	9.04927
1090	9.21593
57
530	0.141289
540	0.307955
550	0.474622
560	0.641289
570	0.807955
580	0.974622
590	1.13764
600	1.29116
610	1.45783
620	1.6245
630	1.79116
640	1.95783
650	2.1245
660	2.29116
670	2.45783
680	2.6245
690	2.79116
700	2.95783
710	3.1245
720	3.29116
730	3.45783
740	3.6245
750	3.79116
760	3.95783
770	4.1245
780	4.29116
790	4.45783
800	4.6245
810	4.79116
820	4.95783
830	5.1245
840	5.29116
850	5.45783
860	5.6245
870	5.79116
880	5.95783
890	6.1245
900	6.29116
910	6.45783
920	6.6245
930	6.79116
940	6.95783
950	7.1245
960	7.29116
970	7.45783
980	7.6245
990	7.79116
1000	7.95783
1010	8.1245
1020	8.29116
1030	8.45783
1040	8.6245
1050	8.79116
1060	8.95783
1070	9.1245
1080	9.29116
1090	9.45783
58
520	0.140334
530	0.307001
540	0.473668
550	0.640334
560	0.807001
570	0.96918
580	1.04308
590	1.17243
600	1.3391
610	1.50576
620	1.67243
630	1.8391
640	2.00576
650	2.17243
660	2.3391
670	2.50576
680	2.67243
690	2.8391
700	3.00576
710	3.17243
720	3.3391
730	3.50576
740	3.67243
750	3.8391
760	4.00576
770	4.17243
780	4.3391
790	4.50576
800	4.67243
810	4.8391
820	5.00576
830	5.17243
840	5.3391
850	5.50576
860	5.67243
870	5.8391
880	6.00576
890	6.17243
900	6.3391
910	6.50576
920	6.67243
930	6.8391
940	7.00576
950	7.17243
960	7.3391
970	7.50576
980	7.67243
990	7.8391
1000	8.00576
1010	8.17243
1020	8.3391
1030	8.50576
1040	8.67243
1050	8.8391
1060	9.00576
1070	9.17243
1080	9.3391
1090	9.50576
59
510	0.0601306
520	0.251325
530	0.417604
540	0.584271
550	0.750938
560	0.911783
570	0.972968
580	1.1039
590	1.27057
600	1.43723
610	1.6039
620	1.77057
630	1.93723
640	2.1039
650	2.27057
660	2.43723
670	2.6039
680	2.77057
690	2.93723
700	3.1039
710	3.27057
720	3.43723
730	3.6039
740	3.77057
750	3.93723
760	4.1039
770	4.27057
780	4.43723
790	4.6039
800	4.77057
810	4.93723
820	5.1039
830	5.27057
840	5.43723
850	5.6039
860	5.77057
870	5.93723
880	6.1039
890	6.27057
900	6.43723
910	6.6039
920	6.77057
930	6.93723
940	7.1039
950	7.27057
960	7.43723
970	7.6039
980	7.77057
990	7.93723
1000	8.1039
1010	8.27057
1020	8.43723
1030	8.6039
1040	8.77057
1050	8.93723
1060	9.1039
1070	9.27057
1080	9.43723
1090	9.6039
60
500	0.0302024
510	0.0686533
520	0.251325
530	0.417604
540	0.584271
550	0.750938
560	0.911783
570	0.972968
580	1.1039
590	1.27057
600	1.43723
610	1.6039
620	1.77057
630	1.93723
640	2.1039
650	2.27057
660	2.43723
670	2.6039
680	2.77057
690	2.93723
700	3.1039
710	3.27057
720	3.43723
730	3.6039
740	3.77057
750	3.93723
760	4.1039
770	4.27057
780	4.43723
790	4.6039
800	4.77057
810	4.93723
820	5.1039
830	5.27057
840	5.43723
850	5.6039
860	5.77057
870	5.93723
880	6.1039
890	6.27057
900	6.43723
910	6.6039
920	6.77057
930	6.93723
940	7.1039
950	7.27057
960	7.43723
970	7.6039
980	7.77057
990	7.93723
1000	8.1039
1010	8.27057
1020	8.43723
1030	8.6039
1040	8.77057
1050	8.93723
1060	9.1039
1070	9.27057
1080	9.43723
1090	9.6039
61
490	0.0486908
500	0.0727651
510	0.11979
520	0.251325
530	0.417604
540	0.584271
550	0.750938
560	0.911783
570	0.972968
580	1.1039
590	1.27057
600	1.43723
610	1.6039
620	1.77057
630	1.93723
640	2.1039
650	2.27057
660	2.43723
670	2.6039
680	2.77057
690	2.93723
700	3.1039
710	3.27057
720	3.43723
730	3.6039
740	3.77057
750	3.93723
760	4.1039
770	4.27057
780	4.43723
790	4.6039
800	4.77057
810	4.93723
820	5.1039
830	5.27057
840	5.43723
850	5.6039
860	5.77057
870	5.93723
880	6.1039
890	6.27057
900	6.43723
910	6.6039
920	6.77057
930	6.93723
940	7.1039
950	7.27057
960	7.43723
970	7.6039
980	7.77057
990	7.93723
1000	8.1039
1010	8.27057
1020	8.43723
1030	8.6039
1040	8.77057
1050	8.93723
1060	9.1039
1070	9.27057
1080	9.43723
1090	9.6039
62
480	0.0351614
490	0.0757
500	0.117648
510	0.23148
520	0.392091
530	0.558757
540	0.725424
550	0.855227
560	0.935514
570	1.08788
580	1.25454
590	1.42121
600	1.58788
610	1.75454
620	1.92121
630	2.08788
640	2.25454
650	2.42121
660	2.58788
670	2.75454
680	2.92121
690	3.08788
700	3.25454
710	3.42121
720	3.58788
730	3.75454
740	3.92121
750	4.08788
760	4.25454
770	4.42121
780	4.58788
790	4.75454
800	4.92121
810	5.08788
820	5.25454
830	5.42121
840	5.58788
850	5.75454
860	5.92121
870	6.08788
880	6.25454
890	6.42121
900	6.58788
910	6.75454
920	6.92121
930	7.08788
940	7.25454
950	7.42121
960	7.58788
970	7.75454
980	7.92121
990	8.08788
1000	8.25454
1010	8.42121
1020	8.58788
1030	8.75454
1040	8.92121
1050	9.08788
1060	9.25454
1070	9.42121
1080	9.58788
1090	9.75454
63
470	0.0484079
480	0.0721444
490	0.0916442
500	0.148517
510	0.277381
520	0.444024
530	0.610691
540	0.777358
550	0.863952
560	0.967979
570	1.12972
580	1.29638
590	1.46305
600	1.62972
610	1.79638
620	1.96305
630	2.12972
640	2.29638
650	2.46305
660	2.62972
670	2.79638
680	2.96305
690	3.12972
700	3.29638
710	3.46305
720	3.62972
730	3.79638
740	3.96305
750	4.12972
760	4.29638
770	4.46305
780	4.62972
790	4.79638
800	4.96305
810	5.12972
820	5.29638
830	5.46305
840	5.62972
850	5.79638
860	5.96305
870	6.12972
880	6.29638
890	6.46305
900	6.62972
910	6.79638
920	6.96305
930	7.12972
940	7.29638
950	7.46305
960	7.62972
970	7.79638
980	7.96305
990	8.12972
1000	8.29638
1010	8.46305
1020	8.62972
1030	8.79638
1040	8.96305
1050	9.12972
1060	9.29638
1070	9.46305
1080	9.62972
1090	9.79638
64
460	0.0575962
470	0.0827137
480	0.111151
490	0.172646
500	0.296297
510	0.462814
520	0.629481
530	0.774491
540	0.860517
550	1.01187
560	1.17853
570	1.3452
580	1.51187
590	1.67853
600	1.8452
610	2.01187
620	2.17853
630	2.3452
640	2.51187
650	2.67853
660	2.8452
670	3.01187
680	3.17853
690	3.3452
700	3.51187
710	3.67853
720	3.8452
730	4.01187
740	4.17853
750	4.3452
760	4.51187
770	4.67853
780	4.8452
790	5.01187
800	5.17853
810	5.3452
820	5.51187
830	5.67853
840	5.8452
850	6.01187
860	6.17853
870	6.3452
880	6.51187
890	6.67853
900	6.8452
910	7.01187
920	7.17853
930	7.3452
940	7.51187
950	7.67853
960	7.8452
970	8.01187
980	8.17853
990	8.3452
1000	8.51187
1010	8.67853
1020	8.8452
1030	9.01187
1040	9.17853
1050	9.3452
1060	9.51187
1070	9.67853
1080	9.8452
1090	10.0119
65
450	0.0543353
460	0.0798533
470	0.109166
480	0.204667
490	0.361876
500	0.528542
510	0.65629
520	0.742498
530	0.871261
540	1.03741
550	1.20408
560	1.37075
570	1.53741
580	1.70408
590	1.87075
600	2.03741
610	2.20408
620	2.37075
630	2.53741
640	2.70408
650	2.87075
660	3.03741
670	3.20408
680	3.37075
690	3.53741
700	3.70408
710	3.87075
720	4.03741
730	4.20408
740	4.37075
750	4.53741
760	4.70408
770	4.87075
780	5.03741
790	5.20408
800	5.37075
810	5.53741
820	5.70408
830	5.87075
840	6.03741
850	6.20408
860	6.37075
870	6.53741
880	6.70408
890	6.87075
900	7.03741
910	7.20408
920	7.37075
930	7.53741
940	7.70408
950	7.87075
960	8.03741
970	8.20408
980	8.37075
990	8.53741
1000	8.70408
1010	8.87075
1020	9.03741
1030	9.20408
1040	9.37075
1050	9.53741
1060	9.70408
1070	9.87075
1080	10.0374
1090	10.2041
66
440	0.058345
450	0.0866326
460	0.152744
470	0.296258
480	0.442279
490	0.557777
500	0.647521
510	0.76724
520	0.933588
530	1.10025
540	1.26692
550	1.43359
560	1.60025
570	1.76692
580	1.93359
590	2.10025
600	2.26692
610	2.43359
620	2.60025
630	2.76692
640	2.93359
650	3.10025
660	3.26692
670	3.43359
680	3.60025
690	3.76692
700	3.93359
710	4.10025
720	4.26692
730	4.43359
740	4.60025
750	4.76692
760	4.93359
770	5.10025
780	5.26692
790	5.43359
800	5.60025
810	5.76692
820	5.93359
830	6.10025
840	6.26692
850	6.43359
860	6.60025
870	6.76692
880	6.93359
890	7.10025
900	7.26692
910	7.43359
920	7.60025
930	7.76692
940	7.93359
950	8.10025
960	8.26692
970	8.43359
980	8.60025
990	8.76692
1000	8.93359
1010	9.10025
1020	9.26692
1030	9.43359
1040	9.60025
1050	9.76692
1060	9.93359
1070	10.1003
1080	10.2669
1090	10.4336
67
430	0.0467142
440	0.10337
450	0.174266
460	0.300821
470	0.371781
480	0.518976
490	0.605705
500	0.709621
510	0.873071
520	1.03974
530	1.2064
540	1.37307
550	1.53974
560	1.7064
570	1.87307
580	2.03974
590	2.2064
600	2.37307
610	2.53974
620	2.7064
630	2.87307
640	3.03974
650	3.2064
660	3.37307
670	3.53974
680	3.7064
690	3.87307
700	4.03974
710	4.2064
720	4.37307
730	4.53974
740	4.7064
750	4.87307
760	5.03974
770	5.2064
780	5.37307
790	5.53974
800	5.7064
810	5.87307
820	6.03974
830	6.2064
840	6.37307
850	6.53974
860	6.7064
870	6.87307
880	7.03974
890	7.2064
900	7.37307
910	7.53974
920	7.7064
930	7.87307
940	8.03974
950	8.2064
960	8.37307
970	8.53974
980	8.7064
990	8.87307
1000	9.03974
1010	9.2064
1020	9.37307
1030	9.53974
1040	9.7064
1050	9.87307
1060	10.0397
1070	10.2064
1080	10.3731
1090	10.5397
68
420	0.0363863
430	0.096759
440	0.19345
450	0.273152
460	0.404197
470	0.481762
480	0.625655
490	0.792322
500	0.958989
510	1.12566
520	1.29232
530	1.45899
540	1.62566
550	1.79232
560	1.95899
570	2.12566
580	2.29232
590	2.45899
600	2.62566
610	2.79232
620	2.95899
630	3.12566
640	3.29232
650	3.45899
660	3.62566
670	3.79232
680	3.95899
690	4.12566
700	4.29232
710	4.45899
720	4.62566
730	4.79232
740	4.95899
750	5.12566
760	5.29232
770	5.45899
780	5.62566
790	5.79232
800	5.95899
810	6.12566
820	6.29232
830	6.45899
840	6.62566
850	6.79232
860	6.95899
870	7.12566
880	7.29232
890	7.45899
900	7.62566
910	7.79232
920	7.95899
930	8.12566
940	8.29232
950	8.45899
960	8.62566
970	8.79232
980	8.95899
990	9.12566
1000	9.29232
1010	9.45899
1020	9.62566
1030	9.79232
1040	9.95899
1050	10.1257
1060	10.2923
1070	10.459
1080	10.6257
1090	10.7923
69
410	0.0386042
420	0.113095
430	0.152763
440	0.276614
450	0.349275
460	0.497704
470	0.66437
480	0.831037
490	0.997704
500	1.16437
510	1.33104
520	1.4977
530	1.66437
540	1.83104
550	1.9977
560	2.16437
570	2.33104
580	2.4977
590	2.66437
600	2.83104
610	2.9977
620	3.16437
630	3.33104
640	3.4977
650	3.66437
660	3.83104
670	3.9977
680	4.16437
690	4.33104
700	4.4977
710	4.66437
720	4.83104
730	4.9977
740	5.16437
750	5.33104
760	5.4977
770	5.66437
780	5.83104
790	5.9977
800	6.16437
810	6.33104
820	6.4977
830	6.66437
840	6.83104
850	6.9977
860	7.16437
870	7.33104
880	7.4977
890	7.66437
900	7.83104
910	7.9977
920	8.16437
930	8.33104
940	8.4977
950	8.66437
960	8.83104
970	8.9977
980	9.16437
990	9.33104
1000	9.4977
1010	9.66437
1020	9.83104
1030	9.9977
1040	10.1644
1050	10.331
1060	10.4977
1070	10.6644
1080	10.831
1090	10.9977
70
400	0.0369592
410	0.0892097
420	0.139417
430	0.1968
440	0.281618
450	0.384226
460	0.547612
470	0.714279
480	0.880945
490	1.04761
500	1.21428
510	1.38095
520	1.54761
530	1.71428
540	1.88095
550	2.04761
560	2.21428
570	2.38095
580	2.54761
590	2.71428
600	2.88095
610	3.04761
620	3.21428
630	3.38095
640	3.54761
650	3.71428
660	3.88095
670	4.04761
680	4.21428
690	4.38095
700	4.54761
710	4.71428
720	4.88095
730	5.04761
740	5.21428
750	5.38095
760	5.54761
770	5.71428
780	5.88095
790	6.04761
800	6.21428
810	6.38095
820	6.54761
830	6.71428
840	6.88095
850	7.04761
860	7.21428
870	7.38095
880	7.54761
890	7.71428
900	7.88095
910	8.04761
920	8.21428
930	8.38095
940	8.54761
950	8.71428
960	8.88095
970	9.04761
980	9.21428
990	9.38095
1000	9.54761
1010	9.71428
1020	9.88095
1030	10.0476
1040	10.2143
1050	10.3809
1060	10.5476
1070	10.7143
1080	10.8809
1090	11.0476
71
390	0.0228702
400	0.0696801
410	0.139823
420	0.185154
430	0.247595
440	0.403303
450	0.56978
460	0.736446
470	0.903113
480	1.06978
490	1.23645
500	1.40311
510	1.56978
520	1.73645
530	1.90311
540	2.06978
550	2.23645
560	2.40311
570	2.56978
580	2.73645
590	2.90311
600	3.06978
610	3.23645
620	3.40311
630	3.56978
640	3.73645
650	3.90311
660	4.06978
670	4.23645
680	4.40311
690	4.56978
700	4.73645
710	4.90311
720	5.06978
730	5.23645
740	5.40311
750	5.56978
760	5.73645
770	5.90311
780	6.06978
790	6.23645
800	6.40311
810	6.56978
820	6.73645
830	6.90311
840	7.06978
850	7.23645
860	7.40311
870	7.56978
880	7.73645
890	7.90311
900	8.06978
910	8.23645
920	8.40311
930	8.56978
940	8.73645
950	8.90311
960	9.06978
970	9.23645
980	9.40311
990	9.56978
1000	9.73645
1010	9.90311
1020	10.0698
1030	10.2364
1040	10.4031
1050	10.5698
1060	10.7364
1070	10.9031
1080	11.0698
1090	11.2364
72
380	0.0212228
390	0.077079
400	0.103777
410	0.172151
420	0.219262
430	0.281686
440	0.403303
450	0.56978
460	0.736446
470	0.903113
480	1.06978
490	1.23645
500	1.40311
510	1.56978
520	1.73645
530	1.90311
540	2.06978
550	2.23645
560	2.40311
570	2.56978
580	2.73645
590	2.90311
600	3.06978
610	3.23645
620	3.40311
630	3.56978
640	3.73645
650	3.90311
660	4.06978
670	4.23645
680	4.40311
690	4.56978
700	4.73645
710	4.90311
720	5.06978
730	5.23645
740	5.40311
750	5.56978
760	5.73645
770	5.90311
780	6.06978
790	6.23645
800	6.40311
810	6.56978
820	6.73645
830	6.90311
840	7.06978
850	7.23645
860	7.40311
870	7.56978
880	7.73645
890	7.90311
900	8.06978
910	8.23645
920	8.40311
930	8.56978
940	8.73645
950	8.90311
960	9.06978
970	9.23645
980	9.40311
990	9.56978
1000	9.73645
1010	9.90311
1020	10.0698
1030	10.2364
1040	10.4031
1050	10.5698
1060	10.7364
1070	10.9031
1080	11.0698
1090	11.2364
73
370	0.00837509
380	0.0313361
390	0.0808668
400	0.122146
410	0.176041
420	0.230844
430	0.312086
440	0.463009
450	0.629676
460	0.796342
470	0.963009
480	1.12968
490	1.29634
500	1.46301
510	1.62968
520	1.79634
530	1.96301
540	2.12968
550	2.29634
560	2.46301
570	2.62968
580	2.79634
590	2.96301
600	3.12968
610	3.29634
620	3.46301
630	3.62968
640	3.79634
650	3.96301
660	4.12968
670	4.29634
680	4.46301
690	4.62968
700	4.79634
710	4.96301
720	5.12968
730	5.29634
740	5.46301
750	5.62968
760	5.79634
770	5.96301
780	6.12968
790	6.29634
800	6.46301
810	6.62968
820	6.79634
830	6.96301
840	7.12968
850	7.29634
860	7.46301
870	7.62968
880	7.79634
890	7.96301
900	8.12968
910	8.29634
920	8.46301
930	8.62968
940	8.79634
950	8.96301
960	9.12968
970	9.29634
980	9.46301
990	9.62968
1000	9.79634
1010	9.96301
1020	10.1297
1030	10.2963
1040	10.463
1050	10.6297
1060	10.7963
1070	10.963
1080	11.1297
1090	11.2963
74
360	0
370	0.0220922
380	0.0355922
390	0.0846798
400	0.129514
410	0.182152
420	0.244976
430	0.375466
440	0.542132
450	0.708799
460	0.875466
470	1.04213
480	1.2088
490	1.37547
500	1.54213
510	1.7088
520	1.87547
530	2.04213
540	2.2088
550	2.37547
560	2.54213
570	2.7088
580	2.87547
590	3.04213
600	3.2088
610	3.37547
620	3.54213
630	3.7088
640	3.87547
650	4.04213
660	4.2088
670	4.37547
680	4.54213
690	4.7088
700	4.87547
710	5.04213
720	5.2088
730	5.37547
740	5.54213
750	5.7088
760	5.87547
770	6.04213
780	6.2088
790	6.37547
800	6.54213
810	6.7088
820	6.87547
830	7.04213
840	7.2088
850	7.37547
860	7.54213
870	7.7088
880	7.87547
890	8.04213
900	8.2088
910	8.37547
920	8.54213
930	8.7088
940	8.87547
950	9.04213
960	9.2088
970	9.37547
980	9.54213
990	9.7088
1000	9.87547
1010	10.0421
1020	10.2088
1030	10.3755
1040	10.5421
1050	10.7088
1060	10.8755
1070	11.0421
1080	11.2088
1090	11.3755
74
360	0.0545496
370	0.0886425
380	0.120277
390	0.151634
400	0.263696
410	0.429213
420	0.59588
430	0.762546
440	0.929213
450	1.09588
460	1.26255
470	1.42921
480	1.59588
490	1.76255
500	1.92921
510	2.09588
520	2.26255
530	2.42921
540	2.59588
550	2.76255
560	2.92921
570	3.09588
580	3.26255
590	3.42921
600	3.59588
610	3.76255
620	3.92921
630	4.09588
640	4.26255
650	4.42921
660	4.59588
670	4.76255
680	4.92921
690	5.09588
700	5.26255
710	5.42921
720	5.59588
730	5.76255
740	5.92921
750	6.09588
760	6.26255
770	6.42921
780	6.59588
790	6.76255
800	6.92921
810	7.09588
820	7.26255
830	7.42921
840	7.59588
850	7.76255
860	7.92921
870	8.09588
880	8.26255
890	8.42921
900	8.59588
910	8.76255
920	8.92921
930	9.09588
940	9.26255
950	9.42921
960	9.59588
970	9.76255
980	9.92921
990	10.0959
1000	10.2625
1010	10.4292
1020	10.5959
1030	10.7625
1040	10.9292
1050	11.0959
1060	11.2625
1070	11.4292
1080	11.5959
1090	11.7625
74
360	0.109089
370	0.160827
380	0.297298
390	0.463949
400	0.630616
410	0.797283
420	0.963949
430	1.13062
440	1.29728
450	1.46395
460	1.63062
470	1.79728
480	1.96395
490	2.13062
500	2.29728
510	2.46395
520	2.63062
530	2.79728
540	2.96395
550	3.13062
560	3.29728
570	3.46395
580	3.63062
590	3.79728
600	3.96395
610	4.13062
620	4.29728
630	4.46395
640	4.63062
650	4.79728
660	4.96395
670	5.13062
680	5.29728
690	5.46395
700	5.63062
710	5.79728
720	5.96395
730	6.13062
740	6.29728
750	6.46395
760	6.63062
770	6.79728
780	6.96395
790	7.13062
800	7.29728
810	7.46395
820	7.63062
830	7.79728
840	7.96395
850	8.13062
860	8.29728
870	8.46395
880	8.63062
890	8.79728
900	8.96395
910	9.13062
920	9.29728
930	9.46395
940	9.63062
950	9.79728
960	9.96395
970	10.1306
980	10.2973
990	10.4639
1000	10.6306
1010	10.7973
1020	10.9639
1030	11.1306
1040	11.2973
1050	11.4639
1060	11.6306
1070	11.7973
1080	11.9639
1090	12.1306
74
360	0.203445
370	0.314312
380	0.477836
390	0.644503
400	0.81117
410	0.977836
420	1.1445
430	1.31117
440	1.47784
450	1.6445
460	1.81117
470	1.97784
480	2.1445
490	2.31117
500	2.47784
510	2.6445
520	2.81117
530	2.97784
540	3.1445
550	3.31117
560	3.47784
570	3.6445
580	3.81117
590	3.97784
600	4.1445
610	4.31117
620	4.47784
630	4.6445
640	4.81117
650	4.97784
660	5.1445
670	5.31117
680	5.47784
690	5.6445
700	5.81117
710	5.97784
720	6.1445
730	6.31117
740	6.47784
750	6.6445
760	6.81117
770	6.97784
780	7.1445
790	7.31117
800	7.47784
810	7.6445
820	7.81117
830	7.97784
840	8.1445
850	8.31117
860	8.47784
870	8.6445
880	8.81117
890	8.97784
900	9.1445
910	9.31117
920	9.47784
930	9.6445
940	9.81117
950	9.97784
960	10.1445
970	10.3112
980	10.4778
990	10.6445
1000	10.8112
1010	10.9778
1020	11.1445
1030	11.3112
1040	11.4778
1050	11.6445
1060	11.8112
1070	11.9778
1080	12.1445
1090	12.3112
74
360	0.341426
370	0.504668
380	0.671335
390	0.838002
400	1.00467
410	1.17134
420	1.338
430	1.50467
440	1.67134
450	1.838
460	2.00467
470	2.17037
480	2.27842
490	2.39418
500	2.55972
510	2.72639
520	2.89306
530	3.05972
540	3.22639
550	3.39306
560	3.55972
570	3.72639
580	3.89306
590	4.05972
600	4.22639
610	4.39306
620	4.55972
630	4.72639
640	4.89306
650	5.05972
660	5.22639
670	5.39306
680	5.55972
690	5.72639
700	5.89306
710	6.05972
720	6.22639
730	6.39306
740	6.55972
750	6.72639
760	6.89306
770	7.05972
780	7.22639
790	7.39306
800	7.55972
810	7.72639
820	7.89306
830	8.05972
840	8.22639
850	8.39306
860	8.55972
870	8.72639
880	8.89306
890	9.05972
900	9.22639
910	9.39306
920	9.55972
930	9.72639
940	9.89306
950	10.0597
960	10.2264
970	10.3931
980	10.5597
990	10.7264
1000	10.8931
1010	11.0597
1020	11.2264
1030	11.3931
1040	11.5597
1050	11.7264
1060	11.8931
1070	12.0597
1080	12.2264
1090	12.3931
74
360	0.470631
370	0.637298
380	0.803965
390	0.970631
400	1.1373
410	1.30396
420	1.47063
430	1.6373
440	1.80396
450	1.97063
460	2.08183
470	2.16986
480	2.3268
490	2.49346
500	2.66013
510	2.8268
520	2.99346
530	3.16013
540	3.3268
550	3.49346
560	3.66013
570	3.8268
580	3.99346
590	4.16013
600	4.3268
610	4.49346
620	4.66013
630	4.8268
640	4.99346
650	5.16013
660	5.3268
670	5.49346
680	5.66013
690	5.8268
700	5.99346
710	6.16013
720	6.3268
730	6.49346
740	6.66013
750	6.8268
760	6.99346
770	7.16013
780	7.3268
790	7.49346
800	7.66013
810	7.8268
820	7.99346
830	8.16013
840	8.3268
850	8.49346
860	8.66013
870	8.8268
880	8.99346
890	9.16013
900	9.3268
910	9.49346
920	9.66013
930	9.8268
940	9.99346
950	10.1601
960	10.3268
970	10.4935
980	10.6601
990	10.8268
1000	10.9935
1010	11.1601
1020	11.3268
1030	11.4935
1040	11.6601
1050	11.8268
1060	11.9935
1070	12.1601
1080	12.3268
1090	12.4935
74
360	0.578166
370	0.734878
380	0.882468
390	1.04913
400	1.2158
410	1.38247
420	1.54913
430	1.7158
440	1.88247
450	2.02336
460	2.09097
470	2.22892
480	2.39558
490	2.56225
500	2.72892
510	2.89558
520	3.06225
530	3.22892
540	3.39558
550	3.56225
560	3.72892
570	3.89558
580	4.06225
590	4.22892
600	4.39558
610	4.56225
620	4.72892
630	4.89558
640	5.06225
650	5.22892
660	5.39558
670	5.56225
680	5.72892
690	5.89558
700	6.06225
710	6.22892
720	6.39558
730	6.56225
740	6.72892
750	6.89558
760	7.06225
770	7.22892
780	7.39558
790	7.56225
800	7.72892
810	7.89558
820	8.06225
830	8.22892
840	8.39558
850	8.56225
860	8.72892
870	8.89558
880	9.06225
890	9.22892
900	9.39558
910	9.56225
920	9.72892
930	9.89558
940	10.0623
950	10.2289
960	10.3956
970	10.5623
980	10.7289
990	10.8956
1000	11.0623
1010	11.2289
1020	11.3956
1030	11.5623
1040	11.7289
1050	11.8956
1060	12.0623
1070	12.2289
1080	12.3956
1090	12.5623
74
360	0.628285
370	0.757908
380	0.924575
390	1.09124
400	1.25791
410	1.42457
420	1.59124
430	1.75791
440	1.92457
450	2.01915
460	2.11801
470	2.27948
480	2.44615
490	2.61282
500	2.77948
510	2.94615
520	3.11282
530	3.27948
540	3.44615
550	3.61282
560	3.77948
570	3.94615
580	4.11282
590	4.27948
600	4.44615
610	4.61282
620	4.77948
630	4.94615
640	5.11282
650	5.27948
660	5.44615
670	5.61282
680	5.77948
690	5.94615
700	6.11282
710	6.27948
720	6.44615
730	6.61282
740	6.77948
750	6.94615
760	7.11282
770	7.27948
780	7.44615
790	7.61282
800	7.77948
810	7.94615
820	8.11282
830	8.27948
840	8.44615
850	8.61282
860	8.77948
870	8.94615
880	9.11282
890	9.27948
900	9.44615
910	9.61282
920	9.77948
930	9.94615
940	10.1128
950	10.2795
960	10.4461
970	10.6128
980	10.7795
990	10.9461
1000	11.1128
1010	11.2795
1020	11.4461
1030	11.6128
1040	11.7795
1050	11.9461
1060	12.1128
1070	12.2795
1080	12.4461
1090	12.6128
74
360	0.694754
370	0.86142
380	1.02809
390	1.19475
400	1.36142
410	1.52809
420	1.69475
430	1.86142
440	1.96897
450	2.07183
460	2.23319
470	2.39986
480	2.56652
490	2.73319
500	2.89986
510	3.06652
520	3.23319
530	3.39986
540	3.56652
550	3.73319
560	3.89986
570	4.06652
580	4.23319
590	4.39986
600	4.56652
610	4.73319
620	4.89986
630	5.06652
640	5.23319
650	5.39986
660	5.56652
670	5.73319
680	5.89986
690	6.06652
700	6.23319
710	6.39986
720	6.56652
730	6.73319
740	6.89986
750	7.06652
760	7.23319
770	7.39986
780	7.56652
790	7.73319
800	7.89986
810	8.06652
820	8.23319
830	8.39986
840	8.56652
850	8.73319
860	8.89986
870	9.06652
880	9.23319
890	9.39986
900	9.56652
910	9.73319
920	9.89986
930	10.0665
940	10.2332
950	10.3999
960	10.5665
970	10.7332
980	10.8999
990	11.0665
1000	11.2332
1010	11.3999
1020	11.5665
1030	11.7332
1040	11.8999
1050	12.0665
1060	12.2332
1070	12.3999
1080	12.5665
1090	12.7332
74
360	0.80875
370	0.975417
380	1.14208
390	1.30875
400	1.47542
410	1.64208
420	1.80875
430	1.92415
440	2.01316
450	2.16958
460	2.33624
470	2.50291
480	2.66958
490	2.83624
500	3.00291
510	3.16958
520	3.33624
530	3.50291
540	3.66958
550	3.83624
560	4.00291
570	4.16958
580	4.33624
590	4.50291
600	4.66958
610	4.83624
620	5.00291
630	5.16958
640	5.33624
650	5.50291
660	5.66958
670	5.83624
680	6.00291
690	6.16958
700	6.33624
710	6.50291
720	6.66958
730	6.83624
740	7.00291
750	7.16958
760	7.33624
770	7.50291
780	7.66958
790	7.83624
800	8.00291
810	8.16958
820	8.33624
830	8.50291
840	8.66958
850	8.83624
860	9.00291
870	9.16958
880	9.33624
890	9.50291
900	9.66958
910	9.83624
920	10.0029
930	10.1696
940	10.3362
950	10.5029
960	10.6696
970	10.8362
980	11.0029
990	11.1696
1000	11.3362
1010	11.5029
1020	11.6696
1030	11.8362
1040	12.0029
1050	12.1696
1060	12.3362
1070	12.5029
1080	12.6696
1090	12.8362
74
360	0.859975
370	1.02664
380	1.19331
390	1.35997
400	1.52664
410	1.69331
420	1.8593
430	1.92864
440	2.069
450	2.23567
460	2.40233
470	2.569
480	2.73567
490	2.90233
500	3.069
510	3.23567
520	3.40233
530	3.569
540	3.73567
550	3.90233
560	4.069
570	4.23567
580	4.40233
590	4.569
600	4.73567
610	4.90233
620	5.069
630	5.23567
640	5.40233
650	5.569
660	5.73567
670	5.90233
680	6.069
690	6.23567
700	6.40233
710	6.569
720	6.73567
730	6.90233
740	7.069
750	7.23567
760	7.40233
770	7.569
780	7.73567
790	7.90233
800	8.069
810	8.23567
820	8.40233
830	8.569
840	8.73567
850	8.90233
860	9.069
870	9.23567
880	9.40233
890	9.569
900	9.73567
910	9.90233
920	10.069
930	10.2357
940	10.4023
950	10.569
960	10.7357
970	10.9023
980	11.069
990	11.2357
1000	11.4023
1010	11.569
1020	11.7357
1030	11.9023
1040	12.069
1050	12.2357
1060	12.4023
1070	12.569
1080	12.7357
1090	12.9023
74
360	1.04591
370	1.21258
380	1.37925
390	1.54591
400	1.71258
410	1.87925
420	2.0014
430	2.09084
440	2.24772
450	2.41439
460	2.58105
470	2.74772
480	2.91439
490	3.08105
500	3.24772
510	3.41439
520	3.58105
530	3.74772
540	3.91439
550	4.08105
560	4.24772
570	4.41439
580	4.58105
590	4.74772
600	4.91439
610	5.08105
620	5.24772
630	5.41439
640	5.58105
650	5.74772
660	5.91439
670	6.08105
680	6.24772
690	6.41439
700	6.58105
710	6.74772
720	6.91439
730	7.08105
740	7.24772
750	7.41439
760	7.58105
770	7.74772
780	7.91439
790	8.08105
800	8.24772
810	8.41439
820	8.58105
830	8.74772
840	8.91439
850	9.08105
860	9.24772
870	9.41439
880	9.58105
890	9.74772
900	9.91439
910	10.0811
920	10.2477
930	10.4144
940	10.5811
950	10.7477
960	10.9144
970	11.0811
980	11.2477
990	11.4144
1000	11.5811
1010	11.7477
1020	11.9144
1030	12.0811
1040	12.2477
1050	12.4144
1060	12.5811
1070	12.7477
1080	12.9144
1090	13.0811
74
360	1.1323
370	1.27394
380	1.3442
390	1.48765
400	1.65431
410	1.82024
420	1.89367
430	2.01007
440	2.17571
450	2.34237
460	2.50904
470	2.67571
480	2.84237
490	3.00904
500	3.17571
510	3.34237
520	3.50904
530	3.67571
540	3.84237
550	4.00904
560	4.17571
570	4.34237
580	4.50904
590	4.67571
600	4.84237
610	5.00904
620	5.17571
630	5.34237
640	5.50904
650	5.67571
660	5.84237
670	6.00904
680	6.17571
690	6.34237
700	6.50904
710	6.67571
720	6.84237
730	7.00904
740	7.17571
750	7.34237
760	7.50904
770	7.67571
780	7.84237
790	8.00904
800	8.17571
810	8.34237
820	8.50904
830	8.67571
840	8.84237
850	9.00904
860	9.17571
870	9.34237
880	9.50904
890	9.67571
900	9.84237
910	10.009
920	10.1757
930	10.3424
940	10.509
950	10.6757
960	10.8424
970	11.009
980	11.1757
990	11.3424
1000	11.509
1010	11.6757
1020	11.8424
1030	12.009
1040	12.1757
1050	12.3424
1060	12.509
1070	12.6757
1080	12.8424
1090	13.009
74
360	1.21117
370	1.32542
380	1.4911
390	1.65777
400	1.76293
410	1.85695
420	2.01687
430	2.18354
440	2.3502
450	2.51687
460	2.68354
470	2.8502
480	3.01687
490	3.18354
500	3.3502
510	3.51687
520	3.68354
530	3.8502
540	4.01687
550	4.18354
560	4.3502
570	4.51687
580	4.68354
590	4.8502
600	5.01687
610	5.18354
620	5.3502
630	5.51687
640	5.68354
650	5.8502
660	6.01687
670	6.18354
680	6.3502
690	6.51687
700	6.68354
710	6.8502
720	7.01687
730	7.18354
740	7.3502
750	7.51687
760	7.68354
770	7.8502
780	8.01687
790	8.18354
800	8.3502
810	8.51687
820	8.68354
830	8.8502
840	9.01687
850	9.18354
860	9.3502
870	9.51687
880	9.68354
890	9.8502
900	10.0169
910	10.1835
920	10.3502
930	10.5169
940	10.6835
950	10.8502
960	11.0169
970	11.1835
980	11.3502
990	11.5169
1000	11.6835
1010	11.8502
1020	12.0169
1030	12.1835
1040	12.3502
1050	12.5169
1060	12.6835
1070	12.8502
1080	13.0169
1090	13.1835
74
360	1.28858
370	1.45377
380	1.62044
390	1.73458
400	1.81007
410	1.95927
420	2.12594
430	2.29261
440	2.45927
450	2.62594
460	2.79261
470	2.95927
480	3.12594
490	3.29261
500	3.45927
510	3.62594
520	3.79261
530	3.95927
540	4.12594
550	4.29261
560	4.45927
570	4.62594
580	4.79261
590	4.95927
600	5.12594
610	5.29261
620	5.45927
630	5.62594
640	5.79261
650	5.95927
660	6.12594
670	6.29261
680	6.45927
690	6.62594
700	6.79261
710	6.95927
720	7.12594
730	7.29261
740	7.45927
750	7.62594
760	7.79261
770	7.95927
780	8.12594
790	8.29261
800	8.45927
810	8.62594
820	8.79261
830	8.95927
840	9.12594
850	9.29261
860	9.45927
870	9.62594
880	9.79261
890	9.95927
900	10.1259
910	10.2926
920	10.4593
930	10.6259
940	10.7926
950	10.9593
960	11.1259
970	11.2926
980	11.4593
990	11.6259
1000	11.7926
1010	11.9593
1020	12.1259
1030	12.2926
1040	12.4593
1050	12.6259
1060	12.7926
1070	12.9593
1080	13.1259
1090	13.2926
74
360	1.3848
370	1.55147
380	1.71813
390	1.80033
400	1.90001
410	2.05984
420	2.22651
430	2.39318
440	2.55984
450	2.72651
460	2.89318
470	3.05984
480	3.22651
490	3.39318
500	3.55984
510	3.72651
520	3.89318
530	4.05984
540	4.22651
550	4.39318
560	4.55984
570	4.72651
580	4.89318
590	5.05984
600	5.22651
610	5.39318
620	5.55984
630	5.72651
640	5.89318
650	6.05984
660	6.22651
670	6.39318
680	6.55984
690	6.72651
700	6.89318
710	7.05984
720	7.22651
730	7.39318
740	7.55984
750	7.72651
760	7.89318
770	8.05984
780	8.22651
790	8.39318
800	8.55984
810	8.72651
820	8.89318
830	9.05984
840	9.22651
850	9.39318
860	9.55984
870	9.72651
880	9.89318
890	10.0598
900	10.2265
910	10.3932
920	10.5598
930	10.7265
940	10.8932
950	11.0598
960	11.2265
970	11.3932
980	11.5598
990	11.7265
1000	11.8932
1010	12.0598
1020	12.2265
1030	12.3932
1040	12.5598
1050	12.7265
1060	12.8932
1070	13.0598
1080	13.2265
1090	13.3932
74
360	1.47854
370	1.64521
380	1.74089
390	1.83771
400	1.99759
410	2.16426
420	2.33093
430	2.49759
440	2.66426
450	2.83093
460	2.99759
470	3.16426
480	3.33093
490	3.49759
500	3.66426
510	3.83093
520	3.99759
530	4.16426
540	4.33093
550	4.49759
560	4.66426
570	4.83093
580	4.99759
590	5.16426
600	5.33093
610	5.49759
620	5.66426
630	5.83093
640	5.99759
650	6.16426
660	6.33093
670	6.49759
680	6.66426
690	6.83093
700	6.99759
710	7.16426
720	7.33093
730	7.49759
740	7.66426
750	7.83093
760	7.99759
770	8.16426
780	8.33093
790	8.49759
800	8.66426
810	8.83093
820	8.99759
830	9.16426
840	9.33093
850	9.49759
860	9.66426
870	9.83093
880	9.99759
890	10.1643
900	10.3309
910	10.4976
920	10.6643
930	10.8309
940	10.9976
950	11.1643
960	11.3309
970	11.4976
980	11.6643
990	11.8309
1000	11.9976
1010	12.1643
1020	12.3309
1030	12.4976
1040	12.6643
1050	12.8309
1060	12.9976
1070	13.1643
1080	13.3309
1090	13.4976
74
360	1.5364
370	1.64563
380	1.73931
390	1.89994
400	2.0666
410	2.23327
420	2.39994
430	2.5666
440	2.73327
450	2.89994
460	3.0666
470	3.23327
480	3.39994
490	3.5666
500	3.73327
510	3.89994
520	4.0666
530	4.23327
540	4.39994
550	4.5666
560	4.73327
570	4.89994
580	5.0666
590	5.23327
600	5.39994
610	5.5666
620	5.73327
630	5.89994
640	6.0666
650	6.23327
660	6.39994
670	6.5666
680	6.73327
690	6.89994
700	7.0666
710	7.23327
720	7.39994
730	7.5666
740	7.73327
750	7.89994
760	8.0666
770	8.23327
780	8.39994
790	8.5666
800	8.73327
810	8.89994
820	9.0666
830	9.23327
840	9.39994
850	9.5666
860	9.73327
870	9.89994
880	10.0666
890	10.2333
900	10.3999
910	10.5666
920	10.7333
930	10.8999
940	11.0666
950	11.2333
960	11.3999
970	11.5666
980	11.7333
990	11.8999
1000	12.0666
1010	12.2333
1020	12.3999
1030	12.5666
1040	12.7333
1050	12.8999
1060	13.0666
1070	13.2333
1080	13.3999
1090	13.5666
74
360	1.59895
370	1.7434
380	1.91007
390	2.07673
400	2.2434
410	2.41007
420	2.57673
430	2.7434
440	2.91007
450	3.07673
460	3.2434
470	3.41007
480	3.57673
490	3.7434
500	3.91007
510	4.07673
520	4.2434
530	4.41007
540	4.57673
550	4.7434
560	4.91007
570	5.07673
580	5.2434
590	5.41007
600	5.57673
610	5.7434
620	5.91007
630	6.07673
640	6.2434
650	6.41007
660	6.57673
670	6.7434
680	6.91007
690	7.07673
700	7.2434
710	7.41007
720	7.57673
730	7.7434
740	7.91007
750	8.07673
760	8.2434
770	8.41007
780	8.57673
790	8.7434
800	8.91007
810	9.07673
820	9.2434
830	9.41007
840	9.57673
850	9.7434
860	9.91007
870	10.0767
880	10.2434
890	10.4101
900	10.5767
910	10.7434
920	10.9101
930	11.0767
940	11.2434
950	11.4101
960	11.5767
970	11.7434
980	11.9101
990	12.0767
1000	12.2434
1010	12.4101
1020	12.5767
1030	12.7434
1040	12.9101
1050	13.0767
1060	13.2434
1070	13.4101
1080	13.5767
1090	13.7434
74
360	1.69746
370	1.85958
380	2.02625
390	2.19291
400	2.35958
410	2.52625
420	2.69291
430	2.85958
440	3.02625
450	3.19291
460	3.35958
470	3.52625
480	3.69291
490	3.85958
500	4.02625
510	4.19291
520	4.35958
530	4.52625
540	4.69291
550	4.85958
560	5.02625
570	5.19291
580	5.35958
590	5.52625
600	5.69291
610	5.85958
620	6.02625
630	6.19291
640	6.35958
650	6.52625
660	6.69291
670	6.85958
680	7.02625
690	7.19291
700	7.35958
710	7.52625
720	7.69291
730	7.85958
740	8.02625
750	8.19291
760	8.35958
770	8.52625
780	8.69291
790	8.85958
800	9.02625
810	9.19291
820	9.35958
830	9.52625
840	9.69291
850	9.85958
860	10.0262
870	10.1929
880	10.3596
890	10.5262
900	10.6929
910	10.8596
920	11.0262
930	11.1929
940	11.3596
950	11.5262
960	11.6929
970	11.8596
980	12.0262
990	12.1929
1000	12.3596
1010	12.5262
1020	12.6929
1030	12.8596
1040	13.0262
1050	13.1929
1060	13.3596
1070	13.5262
1080	13.6929
1090	13.8596
74
360	1.78296
370	1.94963
380	2.1163
390	2.28296
400	2.44963
410	2.6163
420	2.78296
430	2.94963
440	3.1163
450	3.28296
460	3.44963
470	3.6163
480	3.78296
490	3.94963
500	4.1163
510	4.28296
520	4.44963
530	4.6163
540	4.78296
550	4.94963
560	5.1163
570	5.28296
580	5.44963
590	5.6163
600	5.78296
610	5.94963
620	6.1163
630	6.28296
640	6.44963
650	6.6163
660	6.78296
670	6.94963
680	7.1163
690	7.28296
700	7.44963
710	7.6163
720	7.78296
730	7.94963
740	8.1163
750	8.28296
760	8.44963
770	8.6163
780	8.78296
790	8.94963
800	9.1163
810	9.28296
820	9.44963
830	9.6163
840	9.78296
850	9.94963
860	10.1163
870	10.283
880	10.4496
890	10.6163
900	10.783
910	10.9496
920	11.1163
930	11.283
940	11.4496
950	11.6163
960	11.783
970	11.9496
980	12.1163
990	12.283
1000	12.4496
1010	12.6163
1020	12.783
1030	12.9496
1040	13.1163
1050	13.283
1060	13.4496
1070	13.6163
1080	13.783
1090	13.9496
74
360	1.86774
370	2.0344
380	2.20107
390	2.36774
400	2.5344
410	2.70107
420	2.86774
430	3.0344
440	3.20107
450	3.36774
460	3.5344
470	3.70107
480	3.86774
490	4.0344
500	4.20107
510	4.36774
520	4.5344
530	4.70107
540	4.86774
550	5.0344
560	5.20107
570	5.36774
580	5.5344
590	5.70107
600	5.86774
610	6.0344
620	6.20107
630	6.36774
640	6.5344
650	6.70107
660	6.86774
670	7.0344
680	7.20107
690	7.36774
700	7.5344
710	7.70107
720	7.86774
730	8.0344
740	8.20107
750	8.36774
760	8.5344
770	8.70107
780	8.86774
790	9.0344
800	9.20107
810	9.36774
820	9.5344
830	9.70107
840	9.86774
850	10.0344
860	10.2011
870	10.3677
880	10.5344
890	10.7011
900	10.8677
910	11.0344
920	11.2011
930	11.3677
940	11.5344
950	11.7011
960	11.8677
970	12.0344
980	12.2011
990	12.3677
1000	12.5344
1010	12.7011
1020	12.8677
1030	13.0344
1040	13.2011
1050	13.3677
1060	13.5344
1070	13.7011
1080	13.8677
1090	14.0344
74
360	1.92741
370	2.09408
380	2.26075
390	2.42741
400	2.59408
410	2.76075
420	2.92741
430	3.09408
440	3.26075
450	3.42741
460	3.59408
470	3.76075
480	3.92741
490	4.09408
500	4.26075
510	4.42741
520	4.59408
530	4.76075
540	4.92741
550	5.09408
560	5.26075
570	5.42741
580	5.59408
590	5.76075
600	5.92741
610	6.09408
620	6.26075
630	6.42741
640	6.59408
650	6.76075
660	6.92741
670	7.09408
680	7.26075
690	7.42741
700	7.59408
710	7.76075
720	7.92741
730	8.09408
740	8.26075
750	8.42741
760	8.59408
770	8.76075
780	8.92741
790	9.09408
800	9.26075
810	9.42741
820	9.59408
830	9.76075
840	9.92741
850	10.0941
860	10.2607
870	10.4274
880	10.5941
890	10.7607
900	10.9274
910	11.0941
920	11.2607
930	11.4274
940	11.5941
950	11.7607
960	11.9274
970	12.0941
980	12.2607
990	12.4274
1000	12.5941
1010	12.7607
1020	12.9274
1030	13.0941
1040	13.2607
1050	13.4274
1060	13.5941
1070	13.7607
1080	13.9274
1090	14.0941
74
360	2.04748
370	2.21415
380	2.38081
390	2.54748
400	2.71415
410	2.88081
420	3.04748
430	3.21415
440	3.38081
450	3.54748
460	3.71415
470	3.88081
480	4.04748
490	4.21415
500	4.38081
510	4.54748
520	4.71415
530	4.88081
540	5.04748
550	5.21415
560	5.38081
570	5.54748
580	5.71415
590	5.88081
600	6.04748
610	6.21415
620	6.38081
630	6.54748
640	6.71415
650	6.88081
660	7.04748
670	7.21415
680	7.38081
690	7.54748
700	7.71415
710	7.88081
720	8.04748
730	8.21415
740	8.38081
750	8.54748
760	8.71415
770	8.88081
780	9.04748
790	9.21415
800	9.38081
810	9.54748
820	9.71415
830	9.88081
840	10.0475
850	10.2141
860	10.3808
870	10.5475
880	10.7141
890	10.8808
900	11.0475
910	11.2141
920	11.3808
930	11.5475
940	11.7141
950	11.8808
960	12.0475
970	12.2141
980	12.3808
990	12.5475
1000	12.7141
1010	12.8808
1020	13.0475
1030	13.2141
1040	13.3808
1050	13.5475
1060	13.7141
1070	13.8808
1080	14.0475
1090	14.2141
74
360	2.16057
370	2.32724
380	2.49391
390	2.66057
400	2.82724
410	2.99391
420	3.16057
430	3.32724
440	3.49391
450	3.66057
460	3.82724
470	3.99391
480	4.16057
490	4.32724
500	4.49391
510	4.66057
520	4.82724
530	4.99391
540	5.16057
550	5.32724
560	5.49391
570	5.66057
580	5.82724
590	5.99391
600	6.16057
610	6.32724
620	6.49391
630	6.66057
640	6.82724
650	6.99391
660	7.16057
670	7.32724
680	7.49391
690	7.66057
700	7.82724
710	7.99391
720	8.16057
730	8.32724
740	8.49391
750	8.66057
760	8.82724
770	8.99391
780	9.16057
790	9.32724
800	9.49391
810	9.66057
820	9.82724
830	9.99391
840	10.1606
850	10.3272
860	10.4939
870	10.6606
880	10.8272
890	10.9939
900	11.1606
910	11.3272
920	11.4939
930	11.6606
940	11.8272
950	11.9939
960	12.1606
970	12.3272
980	12.4939
990	12.6606
1000	12.8272
1010	12.9939
1020	13.1606
1030	13.3272
1040	13.4939
1050	13.6606
1060	13.8272
1070	13.9939
1080	14.1606
1090	14.3272
74
360	2.25266
370	2.41933
380	2.586
390	2.75266
400	2.91933
410	3.086
420	3.25266
430	3.41933
440	3.586
450	3.75266
460	3.91933
470	4.086
480	4.25266
490	4.41933
500	4.586
510	4.75266
520	4.91933
530	5.086
540	5.25266
550	5.41933
560	5.586
570	5.75266
580	5.91933
590	6.086
600	6.25266
610	6.41933
620	6.586
630	6.75266
640	6.91933
650	7.086
660	7.25266
670	7.41933
680	7.586
690	7.75266
700	7.91933
710	8.086
720	8.25266
730	8.41933
740	8.586
750	8.75266
760	8.91933
770	9.086
780	9.25266
790	9.41933
800	9.586
810	9.75266
820	9.91933
830	10.086
840	10.2527
850	10.4193
860	10.586
870	10.7527
880	10.9193
890	11.086
900	11.2527
910	11.4193
920	11.586
930	11.7527
940	11.9193
950	12.086
960	12.2527
970	12.4193
980	12.586
990	12.7527
1000	12.9193
1010	13.086
1020	13.2527
1030	13.4193
1040	13.586
1050	13.7527
1060	13.9193
1070	14.086
1080	14.2527
1090	14.4193
74
360	2.33069
370	2.49736
380	2.66403
390	2.83069
400	2.99736
410	3.16403
420	3.33069
430	3.49736
440	3.66403
450	3.83069
460	3.99736
470	4.16403
480	4.33069
490	4.49736
500	4.66403
510	4.83069
520	4.99736
530	5.16403
540	5.33069
550	5.49736
560	5.66403
570	5.83069
580	5.99736
590	6.16403
600	6.33069
610	6.49736
620	6.66403
630	6.83069
640	6.99736
650	7.16403
660	7.33069
670	7.49736
680	7.66403
690	7.83069
700	7.99736
710	8.16403
720	8.33069
730	8.49736
740	8.66403
750	8.83069
760	8.99736
770	9.16403
780	9.33069
790	9.49736
800	9.66403
810	9.83069
820	9.99736
830	10.164
840	10.3307
850	10.4974
860	10.664
870	10.8307
880	10.9974
890	11.164
900	11.3307
910	11.4974
920	11.664
930	11.8307
940	11.9974
950	12.164
960	12.3307
970	12.4974
980	12.664
990	12.8307
1000	12.9974
1010	13.164
1020	13.3307
1030	13.4974
1040	13.664
1050	13.8307
1060	13.9974
1070	14.164
1080	14.3307
1090	14.4974
74
360	2.44914
370	2.6158
380	2.78247
390	2.94914
400	3.1158
410	3.28247
420	3.44914
430	3.6158
440	3.78247
450	3.94914
460	4.1158
470	4.28247
480	4.44914
490	4.6158
500	4.78247
510	4.94914
520	5.1158
530	5.28247
540	5.44914
550	5.6158
560	5.78247
570	5.94914
580	6.1158
590	6.28247
600	6.44914
610	6.6158
620	6.78247
630	6.94914
640	7.1158
650	7.28247
660	7.44914
670	7.6158
680	7.78247
690	7.94914
700	8.1158
710	8.28247
720	8.44914
730	8.6158
740	8.78247
750	8.94914
760	9.1158
770	9.28247
780	9.44914
790	9.6158
800	9.78247
810	9.94914
820	10.1158
830	10.2825
840	10.4491
850	10.6158
860	10.7825
870	10.9491
880	11.1158
890	11.2825
900	11.4491
910	11.6158
920	11.7825
930	11.9491
940	12.1158
950	12.2825
960	12.4491
970	12.6158
980	12.7825
990	12.9491
1000	13.1158
1010	13.2825
1020	13.4491
1030	13.6158
1040	13.7825
1050	13.9491
1060	14.1158
1070	14.2825
1080	14.4491
1090	14.6158
74
360	2.54559
370	2.71226
380	2.87892
390	3.04559
400	3.21226
410	3.37892
420	3.54559
430	3.71226
440	3.87892
450	4.04559
460	4.21226
470	4.37892
480	4.54559
490	4.71226
500	4.87892
510	5.04559
520	5.21226
530	5.37892
540	5.54559
550	5.71226
560	5.87892
570	6.04559
580	6.21226
590	6.37892
600	6.54559
610	6.71226
620	6.87892
630	7.04559
640	7.21226
650	7.37892
660	7.54559
670	7.71226
680	7.87892
690	8.04559
700	8.21226
710	8.37892
720	8.54559
730	8.71226
740	8.87892
750	9.04559
760	9.21226
770	9.37892
780	9.54559
790	9.71226
800	9.87892
810	10.0456
820	10.2123
830	10.3789
840	10.5456
850	10.7123
860	10.8789
870	11.0456
880	11.2123
890	11.3789
900	11.5456
910	11.7123
920	11.8789
930	12.0456
940	12.2123
950	12.3789
960	12.5456
970	12.7123
980	12.8789
990	13.0456
1000	13.2123
1010	13.3789
1020	13.5456
1030	13.7123
1040	13.8789
1050	14.0456
1060	14.2123
1070	14.3789
1080	14.5456
1090	14.7123
74
360	2.6399
370	2.80657
380	2.97324
390	3.1399
400	3.30657
410	3.47324
420	3.6399
430	3.80657
440	3.97324
450	4.1399
460	4.30657
470	4.47324
480	4.6399
490	4.80657
500	4.97324
510	5.1399
520	5.30657
530	5.47324
540	5.6399
550	5.80657
560	5.97324
570	6.1399
580	6.30657
590	6.47324
600	6.6399
610	6.80657
620	6.97324
630	7.1399
640	7.30657
650	7.47324
660	7.6399
670	7.80657
680	7.97324
690	8.1399
700	8.30657
710	8.47324
720	8.6399
730	8.80657
740	8.97324
750	9.1399
760	9.30657
770	9.47324
780	9.6399
790	9.80657
800	9.97324
810	10.1399
820	10.3066
830	10.4732
840	10.6399
850	10.8066
860	10.9732
870	11.1399
880	11.3066
890	11.4732
900	11.6399
910	11.8066
920	11.9732
930	12.1399
940	12.3066
950	12.4732
960	12.6399
970	12.8066
980	12.9732
990	13.1399
1000	13.3066
1010	13.4732
1020	13.6399
1030	13.8066
1040	13.9732
1050	14.1399
1060	14.3066
1070	14.4732
1080	14.6399
1090	14.8066
74
360	2.69282
370	2.85949
380	3.02615
390	3.19282
400	3.35949
410	3.52615
420	3.69282
430	3.85949
440	4.02615
450	4.19282
460	4.35949
470	4.52615
480	4.69282
490	4.85949
500	5.02615
510	5.19282
520	5.35949
530	5.52615
540	5.69282
550	5.85949
560	6.02615
570	6.19282
580	6.35949
590	6.52615
600	6.69282
610	6.85949
620	7.02615
630	7.19282
640	7.35949
650	7.52615
660	7.69282
670	7.85949
680	8.02615
690	8.19282
700	8.35949
710	8.52615
720	8.69282
730	8.85949
740	9.02615
750	9.19282
760	9.35949
770	9.52615
780	9.69282
790	9.85949
800	10.0262
810	10.1928
820	10.3595
830	10.5262
840	10.6928
850	10.8595
860	11.0262
870	11.1928
880	11.3595
890	11.5262
900	11.6928
910	11.8595
920	12.0262
930	12.1928
940	12.3595
950	12.5262
960	12.6928
970	12.8595
980	13.0262
990	13.1928
1000	13.3595
1010	13.5262
1020	13.6928
1030	13.8595
1040	14.0262
1050	14.1928
1060	14.3595
1070	14.5262
1080	14.6928
1090	14.8595
74
360	2.74862
370	2.91529
380	3.08195
390	3.24862
400	3.41529
410	3.58195
420	3.74862
430	3.91529
440	4.08195
450	4.24862
460	4.41529
470	4.58195
480	4.74862
490	4.91529
500	5.08195
510	5.24862
520	5.41529
530	5.58195
540	5.74862
550	5.91529
560	6.08195
570	6.24862
580	6.41529
590	6.58195
600	6.74862
610	6.91529
620	7.08195
630	7.24862
640	7.41529
650	7.58195
660	7.74862
670	7.91529
680	8.08195
690	8.24862
700	8.41529
710	8.58195
720	8.74862
730	8.91529
740	9.08195
750	9.24862
760	9.41529
770	9.58195
780	9.74862
790	9.91529
800	10.082
810	10.2486
820	10.4153
830	10.582
840	10.7486
850	10.9153
860	11.082
870	11.2486
880	11.4153
890	11.582
900	11.7486
910	11.9153
920	12.082
930	12.2486
940	12.4153
950	12.582
960	12.7486
970	12.9153
980	13.082
990	13.2486
1000	13.4153
1010	13.582
1020	13.7486
1030	13.9153
1040	14.082
1050	14.2486
1060	14.4153
1070	14.582
1080	14.7486
1090	14.9153
74
360	2.83688
370	3.00354
380	3.17021
390	3.33688
400	3.50354
410	3.67021
420	3.83688
430	4.00354
440	4.17021
450	4.33688
460	4.50354
470	4.67021
480	4.83688
490	5.00354
500	5.17021
510	5.33688
520	5.50354
530	5.67021
540	5.83688
550	6.00354
560	6.17021
570	6.33688
580	6.50354
590	6.67021
600	6.83688
610	7.00354
620	7.17021
630	7.33688
640	7.50354
650	7.67021
660	7.83688
670	8.00354
680	8.17021
690	8.33688
700	8.50354
710	8.67021
720	8.83688
730	9.00354
740	9.17021
750	9.33688
760	9.50354
770	9.67021
780	9.83688
790	10.0035
800	10.1702
810	10.3369
820	10.5035
830	10.6702
840	10.8369
850	11.0035
860	11.1702
870	11.3369
880	11.5035
890	11.6702
900	11.8369
910	12.0035
920	12.1702
930	12.3369
940	12.5035
950	12.6702
960	12.8369
970	13.0035
980	13.1702
990	13.3369
1000	13.5035
1010	13.6702
1020	13.8369
1030	14.0035
1040	14.1702
1050	14.3369
1060	14.5035
1070	14.6702
1080	14.8369
1090	15.0035
74
360	2.94248
370	3.10915
380	3.27582
390	3.44248
400	3.60915
410	3.77582
420	3.94248
430	4.10915
440	4.27582
450	4.44248
460	4.60915
470	4.77582
480	4.94248
490	5.10915
500	5.27582
510	5.44248
520	5.60915
530	5.77582
540	5.94248
550	6.10915
560	6.27582
570	6.44248
580	6.60915
590	6.77582
600	6.94248
610	7.10915
620	7.27582
630	7.44248
640	7.60915
650	7.77582
660	7.94248
670	8.10915
680	8.27582
690	8.44248
700	8.60915
710	8.77582
720	8.94248
730	9.10915
740	9.27582
750	9.44248
760	9.60915
770	9.77582
780	9.94248
790	10.1091
800	10.2758
810	10.4425
820	10.6091
830	10.7758
840	10.9425
850	11.1091
860	11.2758
870	11.4425
880	11.6091
890	11.7758
900	11.9425
910	12.1091
920	12.2758
930	12.4425
940	12.6091
950	12.7758
960	12.9425
970	13.1091
980	13.2758
990	13.4425
1000	13.6091
1010	13.7758
1020	13.9425
1030	14.1091
1040	14.2758
1050	14.4425
1060	14.6091
1070	14.7758
1080	14.9425
1090	15.1091
74
360	3.00216
370	3.16883
380	3.33549
390	3.50216
400	3.66883
410	3.83549
420	4.00216
430	4.16883
440	4.33549
450	4.50216
460	4.66883
470	4.83549
480	5.00216
490	5.16883
500	5.33549
510	5.50216
520	5.66883
530	5.83549
540	6.00216
550	6.16883
560	6.33549
570	6.50216
580	6.66883
590	6.83549
600	7.00216
610	7.16883
620	7.33549
630	7.50216
640	7.66883
650	7.83549
660	8.00216
670	8.16883
680	8.33549
690	8.50216
700	8.66883
710	8.83549
720	9.00216
730	9.16883
740	9.33549
750	9.50216
760	9.66883
770	9.83549
780	10.0022
790	10.1688
800	10.3355
810	10.5022
820	10.6688
830	10.8355
840	11.0022
850	11.1688
860	11.3355
870	11.5022
880	11.6688
890	11.8355
900	12.0022
910	12.1688
920	12.3355
930	12.5022
940	12.6688
950	12.8355
960	13.0022
970	13.1688
980	13.3355
990	13.5022
1000	13.6688
1010	13.8355
1020	14.0022
1030	14.1688
1040	14.3355
1050	14.5022
1060	14.6688
1070	14.8355
1080	15.0022
1090	15.1688
74
360	3.06035
370	3.22702
380	3.39368
390	3.56035
400	3.72702
410	3.89368
420	4.06035
430	4.22702
440	4.39368
450	4.56035
460	4.72702
470	4.89368
480	5.06035
490	5.22702
500	5.39368
510	5.56035
520	5.72702
530	5.89368
540	6.06035
550	6.22702
560	6.39368
570	6.56035
580	6.72702
590	6.89368
600	7.06035
610	7.22702
620	7.39368
630	7.56035
640	7.72702
650	7.89368
660	8.06035
670	8.22702
680	8.39368
690	8.56035
700	8.72702
710	8.89368
720	9.06035
730	9.22702
740	9.39368
750	9.56035
760	9.72702
770	9.89368
780	10.0604
790	10.227
800	10.3937
810	10.5604
820	10.727
830	10.8937
840	11.0604
850	11.227
860	11.3937
870	11.5604
880	11.727
890	11.8937
900	12.0604
910	12.227
920	12.3937
930	12.5604
940	12.727
950	12.8937
960	13.0604
970	13.227
980	13.3937
990	13.5604
1000	13.727
1010	13.8937
1020	14.0604
1030	14.227
1040	14.3937
1050	14.5604
1060	14.727
1070	14.8937
1080	15.0604
1090	15.227
74
360	3.11791
370	3.28458
380	3.45125
390	3.61791
400	3.78458
410	3.95125
420	4.11791
430	4.28458
440	4.45125
450	4.61791
460	4.78458
470	4.95125
480	5.11791
490	5.28458
500	5.45125
510	5.61791
520	5.78458
530	5.95125
540	6.11791
550	6.28458
560	6.45125
570	6.61791
580	6.78458
590	6.95125
600	7.11791
610	7.28458
620	7.45125
630	7.61791
640	7.78458
650	7.95125
660	8.11791
670	8.28458
680	8.45125
690	8.61791
700	8.78458
710	8.95125
720	9.11791
730	9.28458
740	9.45125
750	9.61791
760	9.78458
770	9.95125
780	10.1179
790	10.2846
800	10.4512
810	10.6179
820	10.7846
830	10.9512
840	11.1179
850	11.2846
860	11.4512
870	11.6179
880	11.7846
890	11.9512
900	12.1179
910	12.2846
920	12.4512
930	12.6179
940	12.7846
950	12.9512
960	13.1179
970	13.2846
980	13.4512
990	13.6179
1000	13.7846
1010	13.9512
1020	14.1179
1030	14.2846
1040	14.4512
1050	14.6179
1060	14.7846
1070	14.9512
1080	15.1179
1090	15.2846
74
360	3.27072
370	3.43739
380	3.60405
390	3.77072
400	3.93739
410	4.10405
420	4.27072
430	4.43739
440	4.60405
450	4.77072
460	4.93739
470	5.10405
480	5.27072
490	5.43739
500	5.60405
510	5.77072
520	5.93739
530	6.10405
540	6.27072
550	6.43739
560	6.60405
570	6.77072
580	6.93739
590	7.10405
600	7.27072
610	7.43739
620	7.60405
630	7.77072
640	7.93739
650	8.10405
660	8.27072
670	8.43739
680	8.60405
690	8.77072
700	8.93739
710	9.10405
720	9.27072
730	9.43739
740	9.60405
750	9.77072
760	9.93739
770	10.1041
780	10.2707
790	10.4374
800	10.6041
810	10.7707
820	10.9374
830	11.1041
840	11.2707
850	11.4374
860	11.6041
870	11.7707
880	11.9374
890	12.1041
900	12.2707
910	12.4374
920	12.6041
930	12.7707
940	12.9374
950	13.1041
960	13.2707
970	13.4374
980	13.6041
990	13.7707
1000	13.9374
1010	14.1041
1020	14.2707
1030	14.4374
1040	14.6041
1050	14.7707
1060	14.9374
1070	15.1041
1080	15.2707
1090	15.4374
74
360	3.36565
370	3.53232
380	3.69898
390	3.86565
400	4.03232
410	4.19898
420	4.36565
430	4.53232
440	4.69898
450	4.86565
460	5.03232
470	5.19898
480	5.36565
490	5.53232
500	5.69898
510	5.86565
520	6.03232
530	6.19898
540	6.36565
550	6.53232
560	6.69898
570	6.86565
580	7.03232
590	7.19898
600	7.36565
610	7.53232
620	7.69898
630	7.86565
640	8.03232
650	8.19898
660	8.36565
670	8.53232
680	8.69898
690	8.86565
700	9.03232
710	9.19898
720	9.36565
730	9.53232
740	9.69898
750	9.86565
760	10.0323
770	10.199
780	10.3656
790	10.5323
800	10.699
810	10.8656
820	11.0323
830	11.199
840	11.3656
850	11.5323
860	11.699
870	11.8656
880	12.0323
890	12.199
900	12.3656
910	12.5323
920	12.699
930	12.8656
940	13.0323
950	13.199
960	13.3656
970	13.5323
980	13.699
990	13.8656
1000	14.0323
1010	14.199
1020	14.3656
1030	14.5323
1040	14.699
1050	14.8656
1060	15.0323
1070	15.199
1080	15.3656
1090	15.5323
74
360	3.46977
370	3.63644
380	3.80311
390	3.96977
400	4.13644
410	4.30311
420	4.46977
430	4.63644
440	4.80311
450	4.96977
460	5.13644
470	5.30311
480	5.46977
490	5.63644
500	5.80311
510	5.96977
520	6.13644
530	6.30311
540	6.46977
550	6.63644
560	6.80311
570	6.96977
580	7.13644
590	7.30311
600	7.46977
610	7.63644
620	7.80311
630	7.96977
640	8.13644
650	8.30311
660	8.46977
670	8.63644
680	8.80311
690	8.96977
700	9.13644
710	9.30311
720	9.46977
730	9.63644
740	9.80311
750	9.96977
760	10.1364
770	10.3031
780	10.4698
790	10.6364
800	10.8031
810	10.9698
820	11.1364
830	11.3031
840	11.4698
850	11.6364
860	11.8031
870	11.9698
880	12.1364
890	12.3031
900	12.4698
910	12.6364
920	12.8031
930	12.9698
940	13.1364
950	13.3031
960	13.4698
970	13.6364
980	13.8031
990	13.9698
1000	14.1364
1010	14.3031
1020	14.4698
1030	14.6364
1040	14.8031
1050	14.9698
1060	15.1364
1070	15.3031
1080	15.4698
1090	15.6364
74
360	3.57432
370	3.74099
380	3.90765
390	4.07432
400	4.24099
410	4.40765
420	4.57432
430	4.74099
440	4.90765
450	5.07432
460	5.24099
470	5.40765
480	5.57432
490	5.74099
500	5.90765
510	6.07432
520	6.24099
530	6.40765
540	6.57432
550	6.74099
560	6.90765
570	7.07432
580	7.24099
590	7.40765
600	7.57432
610	7.74099
620	7.90765
630	8.07432
640	8.24099
650	8.40765
660	8.57432
670	8.74099
680	8.90765
690	9.07432
700	9.24099
710	9.40765
720	9.57432
730	9.74099
740	9.90765
750	10.0743
760	10.241
770	10.4077
780	10.5743
790	10.741
800	10.9077
810	11.0743
820	11.241
830	11.4077
840	11.5743
850	11.741
860	11.9077
870	12.0743
880	12.241
890	12.4077
900	12.5743
910	12.741
920	12.9077
930	13.0743
940	13.241
950	13.4077
960	13.5743
970	13.741
980	13.9077
990	14.0743
1000	14.241
1010	14.4077
1020	14.5743
1030	14.741
1040	14.9077
1050	15.0743
1060	15.241
1070	15.4077
1080	15.5743
1090	15.741
74
360	3.68594
370	3.85261
380	4.01928
390	4.18594
400	4.35261
410	4.51928
420	4.68594
430	4.85261
440	5.01928
450	5.18594
460	5.35261
470	5.51928
480	5.68594
490	5.85261
500	6.01928
510	6.18594
520	6.35261
530	6.51928
540	6.68594
550	6.85261
560	7.01928
570	7.18594
580	7.35261
590	7.51928
600	7.68594
610	7.85261
620	8.01928
630	8.18594
640	8.35261
650	8.51928
660	8.68594
670	8.85261
680	9.01928
690	9.18594
700	9.35261
710	9.51928
720	9.68594
730	9.85261
740	10.0193
750	10.1859
760	10.3526
770	10.5193
780	10.6859
790	10.8526
800	11.0193
810	11.1859
820	11.3526
830	11.5193
840	11.6859
850	11.8526
860	12.0193
870	12.1859
880	12.3526
890	12.5193
900	12.6859
910	12.8526
920	13.0193
930	13.1859
940	13.3526
950	13.5193
960	13.6859
970	13.8526
980	14.0193
990	14.1859
1000	14.3526
1010	14.5193
1020	14.6859
1030	14.8526
1040	15.0193
1050	15.1859
1060	15.3526
1070	15.5193
1080	15.6859
1090	15.8526
74
360	3.76932
370	3.93599
380	4.10265
390	4.26932
400	4.43599
410	4.60265
420	4.76932
430	4.93599
440	5.10265
450	5.26932
460	5.43599
470	5.60265
480	5.76932
490	5.93599
500	6.10265
510	6.26932
520	6.43599
530	6.60265
540	6.76932
550	6.93599
560	7.10265
570	7.26932
580	7.43599
590	7.60265
600	7.76932
610	7.93599
620	8.10265
630	8.26932
640	8.43599
650	8.60265
660	8.76932
670	8.93599
680	9.10265
690	9.26932
700	9.43599
710	9.60265
720	9.76932
730	9.93599
740	10.1027
750	10.2693
760	10.436
770	10.6027
780	10.7693
790	10.936
800	11.1027
810	11.2693
820	11.436
830	11.6027
840	11.7693
850	11.936
860	12.1027
870	12.2693
880	12.436
890	12.6027
900	12.7693
910	12.936
920	13.1027
930	13.2693
940	13.436
950	13.6027
960	13.7693
970	13.936
980	14.1027
990	14.2693
1000	14.436
1010	14.6027
1020	14.7693
1030	14.936
1040	15.1027
1050	15.2693
1060	15.436
1070	15.6027
1080	15.7693
1090	15.936
74
360	3.81983
370	3.9865
380	4.15317
390	4.31983
400	4.4865
410	4.65317
420	4.81983
430	4.9865
440	5.15317
450	5.31983
460	5.4865
470	5.65317
480	5.81983
490	5.9865
500	6.15317
510	6.31983
520	6.4865
530	6.65317
540	6.81983
550	6.9865
560	7.15317
570	7.31983
580	7.4865
590	7.65317
600	7.81983
610	7.9865
620	8.15317
630	8.31983
640	8.4865
650	8.65317
660	8.81983
670	8.9865
680	9.15317
690	9.31983
700	9.4865
710	9.65317
720	9.81983
730	9.9865
740	10.1532
750	10.3198
760	10.4865
770	10.6532
780	10.8198
790	10.9865
800	11.1532
810	11.3198
820	11.4865
830	11.6532
840	11.8198
850	11.9865
860	12.1532
870	12.3198
880	12.4865
890	12.6532
900	12.8198
910	12.9865
920	13.1532
930	13.3198
940	13.4865
950	13.6532
960	13.8198
970	13.9865
980	14.1532
990	14.3198
1000	14.4865
1010	14.6532
1020	14.8198
1030	14.9865
1040	15.1532
1050	15.3198
1060	15.4865
1070	15.6532
1080	15.8198
1090	15.9865
74
360	3.89147
370	4.05813
380	4.2248
390	4.39147
400	4.55813
410	4.7248
420	4.89147
430	5.05813
440	5.2248
450	5.39147
460	5.55813
470	5.7248
480	5.89147
490	6.05813
500	6.2248
510	6.39147
520	6.55813
530	6.7248
540	6.89147
550	7.05813
560	7.2248
570	7.39147
580	7.55813
590	7.7248
600	7.89147
610	8.05813
620	8.2248
630	8.39147
640	8.55813
650	8.7248
660	8.89147
670	9.05813
680	9.2248
690	9.39147
700	9.55813
710	9.7248
720	9.89147
730	10.0581
740	10.2248
750	10.3915
760	10.5581
770	10.7248
780	10.8915
790	11.0581
800	11.2248
810	11.3915
820	11.5581
830	11.7248
840	11.8915
850	12.0581
860	12.2248
870	12.3915
880	12.5581
890	12.7248
900	12.8915
910	13.0581
920	13.2248
930	13.3915
940	13.5581
950	13.7248
960	13.8915
970	14.0581
980	14.2248
990	14.3915
1000	14.5581
1010	14.7248
1020	14.8915
1030	15.0581
1040	15.2248
1050	15.3915
1060	15.5581
1070	15.7248
1080	15.8915
1090	16.0581
74
360	3.94275
370	4.10941
380	4.27608
390	4.44275
400	4.60941
410	4.77608
420	4.94275
430	5.10941
440	5.27608
450	5.44275
460	5.60941
470	5.77608
480	5.94275
490	6.10941
500	6.27608
510	6.44275
520	6.60941
530	6.77608
540	6.94275
550	7.10941
560	7.27608
570	7.44275
580	7.60941
590	7.77608
600	7.94275
610	8.10941
620	8.27608
630	8.44275
640	8.60941
650	8.77608
660	8.94275
670	9.10941
680	9.27608
690	9.44275
700	9.60941
710	9.77608
720	9.94275
730	10.1094
740	10.2761
750	10.4427
760	10.6094
770	10.7761
780	10.9427
790	11.1094
800	11.2761
810	11.4427
820	11.6094
830	11.7761
840	11.9427
850	12.1094
860	12.2761
870	12.4427
880	12.6094
890	12.7761
900	12.9427
910	13.1094
920	13.2761
930	13.4427
940	13.6094
950	13.7761
960	13.9427
970	14.1094
980	14.2761
990	14.4427
1000	14.6094
1010	14.7761
1020	14.9427
1030	15.1094
1040	15.2761
1050	15.4427
1060	15.6094
1070	15.7761
1080	15.9427
1090	16.1094
74
360	4.00958
370	4.17625
380	4.34291
390	4.50958
400	4.67625
410	4.84291
420	5.00958
430	5.17625
440	5.34291
450	5.50958
460	5.67625
470	5.84291
480	6.00958
490	6.17625
500	6.34291
510	6.50958
520	6.67625
530	6.84291
540	7.00958
550	7.17625
560	7.34291
570	7.50958
580	7.67625
590	7.84291
600	8.00958
610	8.17625
620	8.34291
630	8.50958
640	8.67625
650	8.84291
660	9.00958
670	9.17625
680	9.34291
690	9.50958
700	9.67625
710	9.84291
720	10.0096
730	10.1762
740	10.3429
750	10.5096
760	10.6762
770	10.8429
780	11.0096
790	11.1762
800	11.3429
810	11.5096
820	11.6762
830	11.8429
840	12.0096
850	12.1762
860	12.3429
870	12.5096
880	12.6762
890	12.8429
900	13.0096
910	13.1762
920	13.3429
930	13.5096
940	13.6762
950	13.8429
960	14.0096
970	14.1762
980	14.3429
990	14.5096
1000	14.6762
1010	14.8429
1020	15.0096
1030	15.1762
1040	15.3429
1050	15.5096
1060	15.6762
1070	15.8429
1080	16.0096
1090	16.1762
74
360	4.06417
370	4.23083
380	4.3975
390	4.56417
400	4.73083
410	4.8975
420	5.06417
430	5.23083
440	5.3975
450	5.56417
460	5.73083
470	5.8975
480	6.06417
490	6.23083
500	6.3975
510	6.56417
520	6.73083
530	6.8975
540	7.06417
550	7.23083
560	7.3975
570	7.56417
580	7.73083
590	7.8975
600	8.06417
610	8.23083
620	8.3975
630	8.56417
640	8.73083
650	8.8975
660	9.06417
670	9.23083
680	9.3975
690	9.56417
700	9.73083
710	9.8975
720	10.0642
730	10.2308
740	10.3975
750	10.5642
760	10.7308
770	10.8975
780	11.0642
790	11.2308
800	11.3975
810	11.5642
820	11.7308
830	11.8975
840	12.0642
850	12.2308
860	12.3975
870	12.5642
880	12.7308
890	12.8975
900	13.0642
910	13.2308
920	13.3975
930	13.5642
940	13.7308
950	13.8975
960	14.0642
970	14.2308
980	14.3975
990	14.5642
1000	14.7308
1010	14.8975
1020	15.0642
1030	15.2308
1040	15.3975
1050	15.5642
1060	15.7308
1070	15.8975
1080	16.0642
1090	16.2308
74
360	4.13393
370	4.3006
380	4.46727
390	4.63393
400	4.8006
410	4.96727
420	5.13393
430	5.3006
440	5.46727
450	5.63393
460	5.8006
470	5.96727
480	6.13393
490	6.3006
500	6.46727
510	6.63393
520	6.8006
530	6.96727
540	7.13393
550	7.3006
560	7.46727
570	7.63393
580	7.8006
590	7.96727
600	8.13393
610	8.3006
620	8.46727
630	8.63393
640	8.8006
650	8.96727
660	9.13393
670	9.3006
680	9.46727
690	9.63393
700	9.8006
710	9.96727
720	10.1339
730	10.3006
740	10.4673
750	10.6339
760	10.8006
770	10.9673
780	11.1339
790	11.3006
800	11.4673
810	11.6339
820	11.8006
830	11.9673
840	12.1339
850	12.3006
860	12.4673
870	12.6339
880	12.8006
890	12.9673
900	13.1339
910	13.3006
920	13.4673
930	13.6339
940	13.8006
950	13.9673
960	14.1339
970	14.3006
980	14.4673
990	14.6339
1000	14.8006
1010	14.9673
1020	15.1339
1030	15.3006
1040	15.4673
1050	15.6339
1060	15.8006
1070	15.9673
1080	16.1339
1090	16.3006
74
360	4.18734
370	4.354
380	4.52067
390	4.68734
400	4.854
410	5.02067
420	5.18734
430	5.354
440	5.52067
450	5.68734
460	5.854
470	6.02067
480	6.18734
490	6.354
500	6.52067
510	6.68734
520	6.854
530	7.02067
540	7.18734
550	7.354
560	7.52067
570	7.68734
580	7.854
590	8.02067
600	8.18734
610	8.354
620	8.52067
630	8.68734
640	8.854
650	9.02067
660	9.18734
670	9.354
680	9.52067
690	9.68734
700	9.854
710	10.0207
720	10.1873
730	10.354
740	10.5207
750	10.6873
760	10.854
770	11.0207
780	11.1873
790	11.354
800	11.5207
810	11.6873
820	11.854
830	12.0207
840	12.1873
850	12.354
860	12.5207
870	12.6873
880	12.854
890	13.0207
900	13.1873
910	13.354
920	13.5207
930	13.6873
940	13.854
950	14.0207
960	14.1873
970	14.354
980	14.5207
990	14.6873
1000	14.854
1010	15.0207
1020	15.1873
1030	15.354
1040	15.5207
1050	15.6873
1060	15.854
1070	16.0207
1080	16.1873
1090	16.354
74
360	4.24938
370	4.41604
380	4.58271
390	4.74938
400	4.91604
410	5.08271
420	5.24938
430	5.41604
440	5.58271
450	5.74938
460	5.91604
470	6.08271
480	6.24938
490	6.41604
500	6.58271
510	6.74938
520	6.91604
530	7.08271
540	7.24938
550	7.41604
560	7.58271
570	7.74938
580	7.91604
590	8.08271
600	8.24938
610	8.41604
620	8.58271
630	8.74938
640	8.91604
650	9.08271
660	9.24938
670	9.41604
680	9.58271
690	9.74938
700	9.91604
710	10.0827
720	10.2494
730	10.416
740	10.5827
750	10.7494
760	10.916
770	11.0827
780	11.2494
790	11.416
800	11.5827
810	11.7494
820	11.916
830	12.0827
840	12.2494
850	12.416
860	12.5827
870	12.7494
880	12.916
890	13.0827
900	13.2494
910	13.416
920	13.5827
930	13.7494
940	13.916
950	14.0827
960	14.2494
970	14.416
980	14.5827
990	14.7494
1000	14.916
1010	15.0827
1020	15.2494
1030	15.416
1040	15.5827
1050	15.7494
1060	15.916
1070	16.0827
1080	16.2494
1090	16.416
74
360	4.36055
370	4.52722
380	4.69388
390	4.86055
400	5.02722
410	5.19388
420	5.36055
430	5.52722
440	5.69388
450	5.86055
460	6.02722
470	6.19388
480	6.36055
490	6.52722
500	6.69388
510	6.86055
520	7.02722
530	7.19388
540	7.36055
550	7.52722
560	7.69388
570	7.86055
580	8.02722
590	8.19388
600	8.36055
610	8.52722
620	8.69388
630	8.86055
640	9.02722
650	9.19388
660	9.36055
670	9.52722
680	9.69388
690	9.86055
700	10.0272
710	10.1939
720	10.3605
730	10.5272
740	10.6939
750	10.8605
760	11.0272
770	11.1939
780	11.3605
790	11.5272
800	11.6939
810	11.8605
820	12.0272
830	12.1939
840	12.3605
850	12.5272
860	12.6939
870	12.8605
880	13.0272
890	13.1939
900	13.3605
910	13.5272
920	13.6939
930	13.8605
940	14.0272
950	14.1939
960	14.3605
970	14.5272
980	14.6939
990	14.8605
1000	15.0272
1010	15.1939
1020	15.3605
1030	15.5272
1040	15.6939
1050	15.8605
1060	16.0272
1070	16.1939
1080	16.3605
1090	16.5272
74
360	4.47308
370	4.63975
380	4.80642
390	4.97308
400	5.13975
410	5.30642
420	5.47308
430	5.63975
440	5.80642
450	5.97308
460	6.13975
470	6.30642
480	6.47308
490	6.63975
500	6.80642
510	6.97308
520	7.13975
530	7.30642
540	7.47308
550	7.63975
560	7.80642
570	7.97308
580	8.13975
590	8.30642
600	8.47308
610	8.63975
620	8.80642
630	8.97308
640	9.13975
650	9.30642
660	9.47308
670	9.63975
680	9.80642
690	9.97308
700	10.1397
710	10.3064
720	10.4731
730	10.6397
740	10.8064
750	10.9731
760	11.1397
770	11.3064
780	11.4731
790	11.6397
800	11.8064
810	11.9731
820	12.1397
830	12.3064
840	12.4731
850	12.6397
860	12.8064
870	12.9731
880	13.1397
890	13.3064
900	13.4731
910	13.6397
920	13.8064
930	13.9731
940	14.1397
950	14.3064
960	14.4731
970	14.6397
980	14.8064
990	14.9731
1000	15.1397
1010	15.3064
1020	15.4731
1030	15.6397
1040	15.8064
1050	15.9731
1060	16.1397
1070	16.3064
1080	16.4731
1090	16.6397
74
360	4.54513
370	4.7118
380	4.87847
390	5.04513
400	5.2118
410	5.37847
420	5.54513
430	5.7118
440	5.87847
450	6.04513
460	6.2118
470	6.37847
480	6.54513
490	6.7118
500	6.87847
510	7.04513
520	7.2118
530	7.37847
540	7.54513
550	7.7118
560	7.87847
570	8.04513
580	8.2118
590	8.37847
600	8.54513
610	8.7118
620	8.87847
630	9.04513
640	9.2118
650	9.37847
660	9.54513
670	9.7118
680	9.87847
690	10.0451
700	10.2118
710	10.3785
720	10.5451
730	10.7118
740	10.8785
750	11.0451
760	11.2118
770	11.3785
780	11.5451
790	11.7118
800	11.8785
810	12.0451
820	12.2118
830	12.3785
840	12.5451
850	12.7118
860	12.8785
870	13.0451
880	13.2118
890	13.3785
900	13.5451
910	13.7118
920	13.8785
930	14.0451
940	14.2118
950	14.3785
960	14.5451
970	14.7118
980	14.8785
990	15.0451
1000	15.2118
1010	15.3785
1020	15.5451
1030	15.7118
1040	15.8785
1050	16.0451
1060	16.2118
1070	16.3785
1080	16.5451
1090	16.7118
74
360	4.63723
370	4.8039
380	4.97056
390	5.13723
400	5.3039
410	5.47056
420	5.63723
430	5.8039
440	5.97056
450	6.13723
460	6.3039
470	6.47056
480	6.63723
490	6.8039
500	6.97056
510	7.13723
520	7.3039
530	7.47056
540	7.63723
550	7.8039
560	7.97056
570	8.13723
580	8.3039
590	8.47056
600	8.63723
610	8.8039
620	8.97056
630	9.13723
640	9.3039
650	9.47056
660	9.63723
670	9.8039
680	9.97056
690	10.1372
700	10.3039
710	10.4706
720	10.6372
730	10.8039
740	10.9706
750	11.1372
760	11.3039
770	11.4706
780	11.6372
790	11.8039
800	11.9706
810	12.1372
820	12.3039
830	12.4706
840	12.6372
850	12.8039
860	12.9706
870	13.1372
880	13.3039
890	13.4706
900	13.6372
910	13.8039
920	13.9706
930	14.1372
940	14.3039
950	14.4706
960	14.6372
970	14.8039
980	14.9706
990	15.1372
1000	15.3039
1010	15.4706
1020	15.6372
1030	15.8039
1040	15.9706
1050	16.1372
1060	16.3039
1070	16.4706
1080	16.6372
1090	16.8039
74
360	4.6968
370	4.86347
380	5.03013
390	5.1968
400	5.36347
410	5.53013
420	5.6968
430	5.86347
440	6.03013
450	6.1968
460	6.36347
470	6.53013
480	6.6968
490	6.86347
500	7.03013
510	7.1968
520	7.36347
530	7.53013
540	7.6968
550	7.86347
560	8.03013
570	8.1968
580	8.36347
590	8.53013
600	8.6968
610	8.86347
620	9.03013
630	9.1968
640	9.36347
650	9.53013
660	9.6968
670	9.86347
680	10.0301
690	10.1968
700	10.3635
710	10.5301
720	10.6968
730	10.8635
740	11.0301
750	11.1968
760	11.3635
770	11.5301
780	11.6968
790	11.8635
800	12.0301
810	12.1968
820	12.3635
830	12.5301
840	12.6968
850	12.8635
860	13.0301
870	13.1968
880	13.3635
890	13.5301
900	13.6968
910	13.8635
920	14.0301
930	14.1968
940	14.3635
950	14.5301
960	14.6968
970	14.8635
980	15.0301
990	15.1968
1000	15.3635
1010	15.5301
1020	15.6968
1030	15.8635
1040	16.0301
1050	16.1968
1060	16.3635
1070	16.5301
1080	16.6968
1090	16.8635
74
360	4.78346
370	4.95012
380	5.11679
390	5.28346
400	5.45012
410	5.61679
420	5.78346
430	5.95012
440	6.11679
450	6.28346
460	6.45012
470	6.61679
480	6.78346
490	6.95012
500	7.11679
510	7.28346
520	7.45012
530	7.61679
540	7.78346
550	7.95012
560	8.11679
570	8.28346
580	8.45012
590	8.61679
600	8.78346
610	8.95012
620	9.11679
630	9.28346
640	9.45012
650	9.61679
660	9.78346
670	9.95012
680	10.1168
690	10.2835
700	10.4501
710	10.6168
720	10.7835
730	10.9501
740	11.1168
750	11.2835
760	11.4501
770	11.6168
780	11.7835
790	11.9501
800	12.1168
810	12.2835
820	12.4501
830	12.6168
840	12.7835
850	12.9501
860	13.1168
870	13.2835
880	13.4501
890	13.6168
900	13.7835
910	13.9501
920	14.1168
930	14.2835
940	14.4501
950	14.6168
960	14.7835
970	14.9501
980	15.1168
990	15.2835
1000	15.4501
1010	15.6168
1020	15.7835
1030	15.9501
1040	16.1168
1050	16.2835
1060	16.4501
1070	16.6168
1080	16.7835
1090	16.9501
74
360	4.90738
370	5.07405
380	5.24071
390	5.40738
400	5.57405
410	5.74071
420	5.90738
430	6.07405
440	6.24071
450	6.40738
460	6.57405
470	6.74071
480	6.90738
490	7.07405
500	7.24071
510	7.40738
520	7.57405
530	7.74071
540	7.90738
550	8.07405
560	8.24071
570	8.40738
580	8.57405
590	8.74071
600	8.90738
610	9.07405
620	9.24071
630	9.40738
640	9.57405
650	9.74071
660	9.90738
670	10.074
680	10.2407
690	10.4074
700	10.574
710	10.7407
720	10.9074
730	11.074
740	11.2407
750	11.4074
760	11.574
770	11.7407
780	11.9074
790	12.074
800	12.2407
810	12.4074
820	12.574
830	12.7407
840	12.9074
850	13.074
860	13.2407
870	13.4074
880	13.574
890	13.7407
900	13.9074
910	14.074
920	14.2407
930	14.4074
940	14.574
950	14.7407
960	14.9074
970	15.074
980	15.2407
990	15.4074
1000	15.574
1010	15.7407
1020	15.9074
1030	16.074
1040	16.2407
1050	16.4074
1060	16.574
1070	16.7407
1080	16.9074
1090	17.074
74
360	4.97018
370	5.13685
380	5.30351
390	5.47018
400	5.63685
410	5.80351
420	5.97018
430	6.13685
440	6.30351
450	6.47018
460	6.63685
470	6.80351
480	6.97018
490	7.13685
500	7.30351
510	7.47018
520	7.63685
530	7.80351
540	7.97018
550	8.13685
560	8.30351
570	8.47018
580	8.63685
590	8.80351
600	8.97018
610	9.13685
620	9.30351
630	9.47018
640	9.63685
650	9.80351
660	9.97018
670	10.1368
680	10.3035
690	10.4702
700	10.6368
710	10.8035
720	10.9702
730	11.1368
740	11.3035
750	11.4702
760	11.6368
770	11.8035
780	11.9702
790	12.1368
800	12.3035
810	12.4702
820	12.6368
830	12.8035
840	12.9702
850	13.1368
860	13.3035
870	13.4702
880	13.6368
890	13.8035
900	13.9702
910	14.1368
920	14.3035
930	14.4702
940	14.6368
950	14.8035
960	14.9702
970	15.1368
980	15.3035
990	15.4702
1000	15.6368
1010	15.8035
1020	15.9702
1030	16.1368
1040	16.3035
1050	16.4702
1060	16.6368
1070	16.8035
1080	16.9702
1090	17.1368
74
360	5.06982
370	5.23649
380	5.40316
390	5.56982
400	5.73649
410	5.90316
420	6.06982
430	6.23649
440	6.40316
450	6.56982
460	6.73649
470	6.90316
480	7.06982
490	7.23649
500	7.40316
510	7.56982
520	7.73649
530	7.90316
540	8.06982
550	8.23649
560	8.40316
570	8.56982
580	8.73649
590	8.90316
600	9.06982
610	9.23649
620	9.40316
630	9.56982
640	9.73649
650	9.90316
660	10.0698
670	10.2365
680	10.4032
690	10.5698
700	10.7365
710	10.9032
720	11.0698
730	11.2365
740	11.4032
750	11.5698
760	11.7365
770	11.9032
780	12.0698
790	12.2365
800	12.4032
810	12.5698
820	12.7365
830	12.9032
840	13.0698
850	13.2365
860	13.4032
870	13.5698
880	13.7365
890	13.9032
900	14.0698
910	14.2365
920	14.4032
930	14.5698
940	14.7365
950	14.9032
960	15.0698
970	15.2365
980	15.4032
990	15.5698
1000	15.7365
1010	15.9032
1020	16.0698
1030	16.2365
1040	16.4032
1050	16.5698
1060	16.7365
1070	16.9032
1080	17.0698
1090	17.2365
74
360	5.16131
370	5.32798
380	5.49465
390	5.66131
400	5.82798
410	5.99465
420	6.16131
430	6.32798
440	6.49465
450	6.66131
460	6.82798
470	6.99465
480	7.16131
490	7.32798
500	7.49465
510	7.66131
520	7.82798
530	7.99465
540	8.16131
550	8.32798
560	8.49465
570	8.66131
580	8.82798
590	8.99465
600	9.16131
610	9.32798
620	9.49465
630	9.66131
640	9.82798
650	9.99465
660	10.1613
670	10.328
680	10.4946
690	10.6613
700	10.828
710	10.9946
720	11.1613
730	11.328
740	11.4946
750	11.6613
760	11.828
770	11.9946
780	12.1613
790	12.328
800	12.4946
810	12.6613
820	12.828
830	12.9946
840	13.1613
850	13.328
860	13.4946
870	13.6613
880	13.828
890	13.9946
900	14.1613
910	14.328
920	14.4946
930	14.6613
940	14.828
950	14.9946
960	15.1613
970	15.328
980	15.4946
990	15.6613
1000	15.828
1010	15.9946
1020	16.1613
1030	16.328
1040	16.4946
1050	16.6613
1060	16.828
1070	16.9946
1080	17.1613
1090	17.328
74
360	5.2509
370	5.41756
380	5.58423
390	5.7509
400	5.91756
410	6.08423
420	6.2509
430	6.41756
440	6.58423
450	6.7509
460	6.91756
470	7.08423
480	7.2509
490	7.41756
500	7.58423
510	7.7509
520	7.91756
530	8.08423
540	8.2509
550	8.41756
560	8.58423
570	8.7509
580	8.91756
590	9.08423
600	9.2509
610	9.41756
620	9.58423
630	9.7509
640	9.91756
650	10.0842
660	10.2509
670	10.4176
680	10.5842
690	10.7509
700	10.9176
710	11.0842
720	11.2509
730	11.4176
740	11.5842
750	11.7509
760	11.9176
770	12.0842
780	12.2509
790	12.4176
800	12.5842
810	12.7509
820	12.9176
830	13.0842
840	13.2509
850	13.4176
860	13.5842
870	13.7509
880	13.9176
890	14.0842
900	14.2509
910	14.4176
920	14.5842
930	14.7509
940	14.9176
950	15.0842
960	15.2509
970	15.4176
980	15.5842
990	15.7509
1000	15.9176
1010	16.0842
1020	16.2509
1030	16.4176
1040	16.5842
1050	16.7509
1060	16.9176
1070	17.0842
1080	17.2509
1090	17.4176
74
360	5.33221
370	5.49888
380	5.66554
390	5.83221
400	5.99888
410	6.16554
420	6.33221
430	6.49888
440	6.66554
450	6.83221
460	6.99888
470	7.16554
480	7.33221
490	7.49888
500	7.66554
510	7.83221
520	7.99888
530	8.16554
540	8.33221
550	8.49888
560	8.66554
570	8.83221
580	8.99888
590	9.16554
600	9.33221
610	9.49888
620	9.66554
630	9.83221
640	9.99888
650	10.1655
660	10.3322
670	10.4989
680	10.6655
690	10.8322
700	10.9989
710	11.1655
720	11.3322
730	11.4989
740	11.6655
750	11.8322
760	11.9989
770	12.1655
780	12.3322
790	12.4989
800	12.6655
810	12.8322
820	12.9989
830	13.1655
840	13.3322
850	13.4989
860	13.6655
870	13.8322
880	13.9989
890	14.1655
900	14.3322
910	14.4989
920	14.6655
930	14.8322
940	14.9989
950	15.1655
960	15.3322
970	15.4989
980	15.6655
990	15.8322
1000	15.9989
1010	16.1655
1020	16.3322
1030	16.4989
1040	16.6655
1050	16.8322
1060	16.9989
1070	17.1655
1080	17.3322
1090	17.4989
74
360	5.40008
370	5.56675
380	5.73341
390	5.90008
400	6.06675
410	6.23341
420	6.40008
430	6.56675
440	6.73341
450	6.90008
460	7.06675
470	7.23341
480	7.40008
490	7.56675
500	7.73341
510	7.90008
520	8.06675
530	8.23341
540	8.40008
550	8.56675
560	8.73341
570	8.90008
580	9.06675
590	9.23341
600	9.40008
610	9.56675
620	9.73341
630	9.90008
640	10.0667
650	10.2334
660	10.4001
670	10.5667
680	10.7334
690	10.9001
700	11.0667
710	11.2334
720	11.4001
730	11.5667
740	11.7334
750	11.9001
760	12.0667
770	12.2334
780	12.4001
790	12.5667
800	12.7334
810	12.9001
820	13.0667
830	13.2334
840	13.4001
850	13.5667
860	13.7334
870	13.9001
880	14.0667
890	14.2334
900	14.4001
910	14.5667
920	14.7334
930	14.9001
940	15.0667
950	15.2334
960	15.4001
970	15.5667
980	15.7334
990	15.9001
1000	16.0667
1010	16.2334
1020	16.4001
1030	16.5667
1040	16.7334
1050	16.9001
1060	17.0667
1070	17.2334
1080	17.4001
1090	17.5667
74
360	5.49022
370	5.65688
380	5.82355
390	5.99022
400	6.15688
410	6.32355
420	6.49022
430	6.65688
440	6.82355
450	6.99022
460	7.15688
470	7.32355
480	7.49022
490	7.65688
500	7.82355
510	7.99022
520	8.15688
530	8.32355
540	8.49022
550	8.65688
560	8.82355
570	8.99022
580	9.15688
590	9.32355
600	9.49022
610	9.65688
620	9.82355
630	9.99022
640	10.1569
650	10.3236
660	10.4902
670	10.6569
680	10.8236
690	10.9902
700	11.1569
710	11.3236
720	11.4902
730	11.6569
740	11.8236
750	11.9902
760	12.1569
770	12.3236
780	12.4902
790	12.6569
800	12.8236
810	12.9902
820	13.1569
830	13.3236
840	13.4902
850	13.6569
860	13.8236
870	13.9902
880	14.1569
890	14.3236
900	14.4902
910	14.6569
920	14.8236
930	14.9902
940	15.1569
950	15.3236
960	15.4902
970	15.6569
980	15.8236
990	15.9902
1000	16.1569
1010	16.3236
1020	16.4902
1030	16.6569
1040	16.8236
1050	16.9902
1060	17.1569
1070	17.3236
1080	17.4902
1090	17.6569
74
360	5.59951
370	5.76617
380	5.93284
390	6.09951
400	6.26617
410	6.43284
420	6.59951
430	6.76617
440	6.93284
450	7.09951
460	7.26617
470	7.43284
480	7.59951
490	7.76617
500	7.93284
510	8.09951
520	8.26617
530	8.43284
540	8.59951
550	8.76617
560	8.93284
570	9.09951
580	9.26617
590	9.43284
600	9.59951
610	9.76617
620	9.93284
630	10.0995
640	10.2662
650	10.4328
660	10.5995
670	10.7662
680	10.9328
690	11.0995
700	11.2662
710	11.4328
720	11.5995
730	11.7662
740	11.9328
750	12.0995
760	12.2662
770	12.4328
780	12.5995
790	12.7662
800	12.9328
810	13.0995
820	13.2662
830	13.4328
840	13.5995
850	13.7662
860	13.9328
870	14.0995
880	14.2662
890	14.4328
900	14.5995
910	14.7662
920	14.9328
930	15.0995
940	15.2662
950	15.4328
960	15.5995
970	15.7662
980	15.9328
990	16.0995
1000	16.2662
1010	16.4328
1020	16.5995
1030	16.7662
1040	16.9328
1050	17.0995
1060	17.2662
1070	17.4328
1080	17.5995
1090	17.7662
74
360	5.6651
370	5.83177
380	5.99844
390	6.1651
400	6.33177
410	6.49844
420	6.6651
430	6.83177
440	6.99844
450	7.1651
460	7.33177
470	7.49844
480	7.6651
490	7.83177
500	7.99844
510	8.1651
520	8.33177
530	8.49844
540	8.6651
550	8.83177
560	8.99844
570	9.1651
580	9.33177
590	9.49844
600	9.6651
610	9.83177
620	9.99844
630	10.1651
640	10.3318
650	10.4984
660	10.6651
670	10.8318
680	10.9984
690	11.1651
700	11.3318
710	11.4984
720	11.6651
730	11.8318
740	11.9984
750	12.1651
760	12.3318
770	12.4984
780	12.6651
790	12.8318
800	12.9984
810	13.1651
820	13.3318
830	13.4984
840	13.6651
850	13.8318
860	13.9984
870	14.1651
880	14.3318
890	14.4984
900	14.6651
910	14.8318
920	14.9984
930	15.1651
940	15.3318
950	15.4984
960	15.6651
970	15.8318
980	15.9984
990	16.1651
1000	16.3318
1010	16.4984
1020	16.6651
1030	16.8318
1040	16.9984
1050	17.1651
1060	17.3318
1070	17.4984
1080	17.6651
1090	17.8318
74
360	5.74257
370	5.90924
380	6.07591
390	6.24257
400	6.40924
410	6.57591
420	6.74257
430	6.90924
440	7.07591
450	7.24257
460	7.40924
470	7.57591
480	7.74257
490	7.90924
500	8.07591
510	8.24257
520	8.40924
530	8.57591
540	8.74257
550	8.90924
560	9.07591
570	9.24257
580	9.40924
590	9.57591
600	9.74257
610	9.90924
620	10.0759
630	10.2426
640	10.4092
650	10.5759
660	10.7426
670	10.9092
680	11.0759
690	11.2426
700	11.4092
710	11.5759
720	11.7426
730	11.9092
740	12.0759
750	12.2426
760	12.4092
770	12.5759
780	12.7426
790	12.9092
800	13.0759
810	13.2426
820	13.4092
830	13.5759
840	13.7426
850	13.9092
860	14.0759
870	14.2426
880	14.4092
890	14.5759
900	14.7426
910	14.9092
920	15.0759
930	15.2426
940	15.4092
950	15.5759
960	15.7426
970	15.9092
980	16.0759
990	16.2426
1000	16.4092
1010	16.5759
1020	16.7426
1030	16.9092
1040	17.0759
1050	17.2426
1060	17.4092
1070	17.5759
1080	17.7426
1090	17.9092
74
360	5.79639
370	5.96306
380	6.12973
390	6.29639
400	6.46306
410	6.62973
420	6.79639
430	6.96306
440	7.12973
450	7.29639
460	7.46306
470	7.62973
480	7.79639
490	7.96306
500	8.12973
510	8.29639
520	8.46306
530	8.62973
540	8.79639
550	8.96306
560	9.12973
570	9.29639
580	9.46306
590	9.62973
600	9.79639
610	9.96306
620	10.1297
630	10.2964
640	10.4631
650	10.6297
660	10.7964
670	10.9631
680	11.1297
690	11.2964
700	11.4631
710	11.6297
720	11.7964
730	11.9631
740	12.1297
750	12.2964
760	12.4631
770	12.6297
780	12.7964
790	12.9631
800	13.1297
810	13.2964
820	13.4631
830	13.6297
840	13.7964
850	13.9631
860	14.1297
870	14.2964
880	14.4631
890	14.6297
900	14.7964
910	14.9631
920	15.1297
930	15.2964
940	15.4631
950	15.6297
960	15.7964
970	15.9631
980	16.1297
990	16.2964
1000	16.4631
1010	16.6297
1020	16.7964
1030	16.9631
1040	17.1297
1050	17.2964
1060	17.4631
1070	17.6297
1080	17.7964
1090	17.9631
74
360	6.01621
370	6.18287
380	6.34954
390	6.51621
400	6.68287
410	6.84954
420	7.01621
430	7.18287
440	7.34954
450	7.51621
460	7.68287
470	7.84954
480	8.01621
490	8.18287
500	8.34954
510	8.51621
520	8.68287
530	8.84954
540	9.01621
550	9.18287
560	9.34954
570	9.51621
580	9.68287
590	9.84954
600	10.0162
610	10.1829
620	10.3495
630	10.5162
640	10.6829
650	10.8495
660	11.0162
670	11.1829
680	11.3495
690	11.5162
700	11.6829
710	11.8495
720	12.0162
730	12.1829
740	12.3495
750	12.5162
760	12.6829
770	12.8495
780	13.0162
790	13.1829
800	13.3495
810	13.5162
820	13.6829
830	13.8495
840	14.0162
850	14.1829
860	14.3495
870	14.5162
880	14.6829
890	14.8495
900	15.0162
910	15.1829
920	15.3495
930	15.5162
940	15.6829
950	15.8495
960	16.0162
970	16.1829
980	16.3495
990	16.5162
1000	16.6829
1010	16.8495
1020	17.0162
1030	17.1829
1040	17.3495
1050	17.5162
1060	17.6829
1070	17.8495
1080	18.0162
1090	18.1829
