144
1
1090	0.144306
2
1080	0.144688
1090	0.311354
3
1070	0.145069
1080	0.311736
1090	0.478403
4
1060	0.145451
1070	0.312118
1080	0.478785
1090	0.645451
5
1050	0.145833
1060	0.3125
1070	0.479166
1080	0.645833
1090	0.8125
6
1040	0.146215
1050	0.312882
1060	0.479548
1070	0.646215
1080	0.812882
1090	0.979548
7
1030	0.146597
1040	0.313263
1050	0.47993
1060	0.646597
1070	0.813263
1080	0.97993
1090	1.1466
8
1020	0.146979
1030	0.313645
1040	0.480312
1050	0.646979
1060	0.813645
1070	0.980312
1080	1.14698
1090	1.31365
9
1010	0.14736
1020	0.314027
1030	0.480694
1040	0.64736
1050	0.814027
1060	0.980694
1070	1.14736
1080	1.31403
1090	1.48069
10
1000	0.147742
1010	0.314409
1020	0.481076
1030	0.647742
1040	0.814409
1050	0.981076
1060	1.14774
1070	1.31441
1080	1.48108
1090	1.64774
11
990	0.148124
1000	0.314791
1010	0.481457
1020	0.648124
1030	0.814791
1040	0.981457
1050	1.14812
1060	1.31479
1070	1.48146
1080	1.64812
1090	1.81479
12
980	0.148506
990	0.315173
1000	0.481839
1010	0.648506
1020	0.815173
1030	0.981839
1040	1.14851
1050	1.31517
1060	1.48184
1070	1.64851
1080	1.81517
1090	1.98184
13
970	0.148888
980	0.315554
990	0.482221
1000	0.648888
1010	0.815554
1020	0.982221
1030	1.14889
1040	1.31555
1050	1.48222
1060	1.64889
1070	1.81555
1080	1.98222
1090	2.14889
14
960	0.14927
970	0.315936
980	0.482603
990	0.64927
1000	0.815936
1010	0.982603
1020	1.14927
1030	1.31594
1040	1.4826
1050	1.64927
1060	1.81594
1070	1.9826
1080	2.14927
1090	2.31594
15
950	0.149651
960	0.316318
970	0.482985
980	0.649651
990	0.816318
1000	0.982985
1010	1.14965
1020	1.31632
1030	1.48298
1040	1.64965
1050	1.81632
1060	1.98298
1070	2.14965
1080	2.31632
1090	2.48298
16
940	0.150033
950	0.3167
960	0.483367
970	0.650033
980	0.8167
990	0.983367
1000	1.15003
1010	1.3167
1020	1.48337
1030	1.65003
1040	1.8167
1050	1.98337
1060	2.15003
1070	2.3167
1080	2.48337
1090	2.65003
17
930	0.150415
940	0.317082
950	0.483748
960	0.650415
970	0.817082
980	0.983748
990	1.15041
1000	1.31708
1010	1.48375
1020	1.65041
1030	1.81708
1040	1.98375
1050	2.15041
1060	2.31708
1070	2.48375
1080	2.65041
1090	2.81708
18
920	0.150797
930	0.317463
940	0.48413
950	0.650797
960	0.817463
970	0.98413
980	1.1508
990	1.31746
1000	1.48413
1010	1.6508
1020	1.81746
1030	1.98413
1040	2.1508
1050	2.31746
1060	2.48413
1070	2.6508
1080	2.81746
1090	2.98413
19
910	0.151179
920	0.317845
930	0.484512
940	0.651179
950	0.817845
960	0.984512
970	1.15118
980	1.31785
990	1.48451
1000	1.65118
1010	1.81785
1020	1.98451
1030	2.15118
1040	2.31785
1050	2.48451
1060	2.65118
1070	2.81785
1080	2.98451
1090	3.15118
20
900	0.15156
910	0.318227
920	0.484894
930	0.65156
940	0.818227
950	0.984894
960	1.15156
970	1.31823
980	1.48489
990	1.65156
1000	1.81823
1010	1.98489
1020	2.15156
1030	2.31823
1040	2.48489
1050	2.65156
1060	2.81823
1070	2.98489
1080	3.15156
1090	3.31823
21
890	0.151942
900	0.318609
910	0.485276
920	0.651942
930	0.818609
940	0.985276
950	1.15194
960	1.31861
970	1.48528
980	1.65194
990	1.81861
1000	1.98528
1010	2.15194
1020	2.31861
1030	2.48528
1040	2.65194
1050	2.81861
1060	2.98528
1070	3.15194
1080	3.31861
1090	3.48528
22
880	0.152324
890	0.318991
900	0.485657
910	0.652324
920	0.818991
930	0.985657
940	1.15232
950	1.31899
960	1.48566
970	1.65232
980	1.81899
990	1.98566
1000	2.15232
1010	2.31899
1020	2.48566
1030	2.65232
1040	2.81899
1050	2.98566
1060	3.15232
1070	3.31899
1080	3.48566
1090	3.65232
23
870	0.152706
880	0.319373
890	0.486039
900	0.652706
910	0.819373
920	0.986039
930	1.15271
940	1.31937
950	1.48604
960	1.65271
970	1.81937
980	1.98604
990	2.15271
1000	2.31937
1010	2.48604
1020	2.65271
1030	2.81937
1040	2.98604
1050	3.15271
1060	3.31937
1070	3.48604
1080	3.65271
1090	3.81937
24
860	0.153088
870	0.319754
880	0.486421
890	0.653088
900	0.819754
910	0.986421
920	1.15309
930	1.31975
940	1.48642
950	1.65309
960	1.81975
970	1.98642
980	2.15309
990	2.31975
1000	2.48642
1010	2.65309
1020	2.81975
1030	2.98642
1040	3.15309
1050	3.31975
1060	3.48642
1070	3.65309
1080	3.81975
1090	3.98642
25
850	0.15347
860	0.320136
870	0.486803
880	0.65347
890	0.820136
900	0.986803
910	1.15347
920	1.32014
930	1.4868
940	1.65347
950	1.82014
960	1.9868
970	2.15347
980	2.32014
990	2.4868
1000	2.65347
1010	2.82014
1020	2.9868
1030	3.15347
1040	3.32014
1050	3.4868
1060	3.65347
1070	3.82014
1080	3.9868
1090	4.15347
26
840	0.153851
850	0.320518
860	0.487185
870	0.653851
880	0.820518
890	0.987185
900	1.15385
910	1.32052
920	1.48718
930	1.65385
940	1.82052
950	1.98718
960	2.15385
970	2.32052
980	2.48718
990	2.65385
1000	2.82052
1010	2.98718
1020	3.15385
1030	3.32052
1040	3.48718
1050	3.65385
1060	3.82052
1070	3.98718
1080	4.15385
1090	4.32052
27
830	0.154233
840	0.3209
850	0.487567
860	0.654233
870	0.8209
880	0.987567
890	1.15423
900	1.3209
910	1.48757
920	1.65423
930	1.8209
940	1.98757
950	2.15423
960	2.3209
970	2.48757
980	2.65423
990	2.8209
1000	2.98757
1010	3.15423
1020	3.3209
1030	3.48757
1040	3.65423
1050	3.8209
1060	3.98757
1070	4.15423
1080	4.3209
1090	4.48757
28
820	0.154615
830	0.321282
840	0.487948
850	0.654615
860	0.821282
870	0.987948
880	1.15462
890	1.32128
900	1.48795
910	1.65462
920	1.82128
930	1.98795
940	2.15462
950	2.32128
960	2.48795
970	2.65462
980	2.82128
990	2.98795
1000	3.15462
1010	3.32128
1020	3.48795
1030	3.65462
1040	3.82128
1050	3.98795
1060	4.15462
1070	4.32128
1080	4.48795
1090	4.70026
29
810	0.154997
820	0.321664
830	0.48833
840	0.654997
850	0.821664
860	0.98833
870	1.155
880	1.32166
890	1.48833
900	1.655
910	1.82166
920	1.98833
930	2.155
940	2.32166
950	2.48833
960	2.655
970	2.82166
980	2.98833
990	3.155
1000	3.32166
1010	3.48833
1020	3.655
1030	3.82166
1040	3.98833
1050	4.155
1060	4.32166
1070	4.48833
1080	4.655
1090	4.82166
30
800	0.155379
810	0.322045
820	0.488712
830	0.655379
840	0.822045
850	0.988712
860	1.15538
870	1.32205
880	1.48871
890	1.65538
900	1.82205
910	1.98871
920	2.15538
930	2.32205
940	2.48871
950	2.65538
960	2.82205
970	2.98871
980	3.15538
990	3.32205
1000	3.48871
1010	3.65538
1020	3.82205
1030	3.98871
1040	4.15538
1050	4.32205
1060	4.48871
1070	4.65538
1080	4.82205
1090	4.98871
31
790	0.155761
800	0.322427
810	0.489094
820	0.655761
830	0.822427
840	0.989094
850	1.15576
860	1.32243
870	1.48909
880	1.65576
890	1.82243
900	1.98909
910	2.15576
920	2.32243
930	2.48909
940	2.65576
950	2.82243
960	2.98909
970	3.15576
980	3.32243
990	3.48909
1000	3.65576
1010	3.82243
1020	3.98909
1030	4.15576
1040	4.32243
1050	4.58038
1060	4.74705
1070	4.91372
1080	5.08038
1090	5.24705
32
780	0.156142
790	0.322809
800	0.489476
810	0.656142
820	0.822809
830	0.989476
840	1.15614
850	1.32281
860	1.48948
870	1.65614
880	1.82281
890	1.98948
900	2.15614
910	2.32281
920	2.48948
930	2.65614
940	2.82281
950	2.98948
960	3.15614
970	3.32281
980	3.48948
990	3.65614
1000	3.82281
1010	3.98948
1020	4.15614
1030	4.32281
1040	4.48948
1050	4.65614
1060	4.82281
1070	4.98948
1080	5.15614
1090	5.32281
33
770	0.156524
780	0.323191
790	0.489858
800	0.656524
810	0.823191
820	0.989858
830	1.15652
840	1.32319
850	1.48986
860	1.65652
870	1.82319
880	1.98986
890	2.15652
900	2.32319
910	2.48986
920	2.65652
930	2.82319
940	2.98986
950	3.15652
960	3.32319
970	3.48986
980	3.65652
990	3.82319
1000	3.98986
1010	4.15652
1020	4.32319
1030	4.48986
1040	4.65652
1050	4.82319
1060	4.98986
1070	5.15652
1080	5.32319
1090	5.48986
34
760	0.156906
770	0.323573
780	0.490239
790	0.656906
800	0.823573
810	0.990239
820	1.15691
830	1.32357
840	1.49024
850	1.65691
860	1.82357
870	1.99024
880	2.15691
890	2.32357
900	2.49024
910	2.65691
920	2.82357
930	2.99024
940	3.15691
950	3.32357
960	3.49024
970	3.65691
980	3.82357
990	3.99024
1000	4.15691
1010	4.32357
1020	4.49024
1030	4.67973
1040	4.8464
1050	5.01306
1060	5.17973
1070	5.3464
1080	5.51306
1090	5.67973
35
750	0.157288
760	0.323954
770	0.490621
780	0.657288
790	0.823954
800	0.990621
810	1.15729
820	1.32395
830	1.49062
840	1.65729
850	1.82395
860	1.99062
870	2.15729
880	2.32395
890	2.49062
900	2.65729
910	2.82395
920	2.99062
930	3.15729
940	3.32395
950	3.49062
960	3.65729
970	3.82395
980	3.99062
990	4.15729
1000	4.32395
1010	4.49062
1020	4.68011
1030	4.84678
1040	5.01344
1050	5.18011
1060	5.34678
1070	5.51344
1080	5.68011
1090	5.84678
36
740	0.15767
750	0.324336
760	0.491003
770	0.65767
780	0.824336
790	0.991003
800	1.15767
810	1.32434
820	1.491
830	1.65767
840	1.82434
850	1.991
860	2.15767
870	2.32434
880	2.491
890	2.65767
900	2.82434
910	2.991
920	3.15767
930	3.32434
940	3.491
950	3.65767
960	3.82434
970	3.991
980	4.15767
990	4.32434
1000	4.58229
1010	4.74896
1020	4.91563
1030	5.08229
1040	5.24896
1050	5.41563
1060	5.58229
1070	5.74896
1080	5.91563
1090	6.08229
37
730	0.158051
740	0.324718
750	0.491385
760	0.658051
770	0.824718
780	0.991385
790	1.15805
800	1.32472
810	1.49138
820	1.65805
830	1.82472
840	1.99138
850	2.15805
860	2.32472
870	2.49138
880	2.65805
890	2.82472
900	2.99138
910	3.15805
920	3.32472
930	3.49138
940	3.65805
950	3.82472
960	3.99138
970	4.15805
980	4.32472
990	4.49138
1000	4.65805
1010	4.82472
1020	4.99138
1030	5.15805
1040	5.32472
1050	5.49138
1060	5.65805
1070	5.82472
1080	5.99138
1090	6.15805
38
720	0.158433
730	0.3251
740	0.491767
750	0.658433
760	0.8251
770	0.991767
780	1.15843
790	1.3251
800	1.49177
810	1.65843
820	1.8251
830	1.99177
840	2.15843
850	2.3251
860	2.49177
870	2.65843
880	2.8251
890	2.99177
900	3.15843
910	3.3251
920	3.49177
930	3.65843
940	3.8251
950	3.99177
960	4.15843
970	4.3251
980	4.6287
990	4.79537
1000	4.96204
1010	5.1287
1020	5.29537
1030	5.46204
1040	5.6287
1050	5.79537
1060	5.96204
1070	6.1287
1080	6.29537
1090	6.46204
39
710	0.158815
720	0.325482
730	0.492148
740	0.658815
750	0.825482
760	0.992148
770	1.15882
780	1.32548
790	1.49215
800	1.65882
810	1.82548
820	1.99215
830	2.15882
840	2.32548
850	2.49215
860	2.65882
870	2.82548
880	2.99215
890	3.15882
900	3.32548
910	3.49215
920	3.65882
930	3.82548
940	3.99215
950	4.15882
960	4.32548
970	4.49215
980	4.70446
990	4.87113
1000	5.03779
1010	5.20446
1020	5.37113
1030	5.53779
1040	5.70446
1050	5.87113
1060	6.03779
1070	6.20446
1080	6.37113
1090	6.53779
40
700	0.159197
710	0.325864
720	0.49253
730	0.659197
740	0.825864
750	0.99253
760	1.1592
770	1.32586
780	1.49253
790	1.6592
800	1.82586
810	1.99253
820	2.1592
830	2.32586
840	2.49253
850	2.6592
860	2.82586
870	2.99253
880	3.1592
890	3.32586
900	3.49253
910	3.6592
920	3.82586
930	3.99253
940	4.1592
950	4.32586
960	4.49253
970	4.6592
980	4.82586
990	4.99253
1000	5.1592
1010	5.32586
1020	5.49253
1030	5.6592
1040	5.82586
1050	5.99253
1060	6.1592
1070	6.32586
1080	6.49253
1090	6.6592
41
690	0.159579
700	0.326245
710	0.492912
720	0.659579
730	0.826245
740	0.992912
750	1.15958
760	1.32625
770	1.49291
780	1.65958
790	1.82625
800	1.99291
810	2.15958
820	2.32625
830	2.49291
840	2.65958
850	2.82625
860	2.99291
870	3.15958
880	3.32625
890	3.49291
900	3.65958
910	3.82625
920	3.99291
930	4.15958
940	4.32625
950	4.49291
960	4.65958
970	4.82625
980	4.99291
990	5.15958
1000	5.32625
1010	5.49291
1020	5.65958
1030	5.82625
1040	5.99291
1050	6.15958
1060	6.32625
1070	6.49291
1080	6.65958
1090	6.82625
42
680	0.159961
690	0.326627
700	0.493294
710	0.659961
720	0.826627
730	0.993294
740	1.15996
750	1.32663
760	1.49329
770	1.65996
780	1.82663
790	1.99329
800	2.15996
810	2.32663
820	2.49329
830	2.65996
840	2.82663
850	2.99329
860	3.15996
870	3.32663
880	3.49329
890	3.65996
900	3.82663
910	3.99329
920	4.15996
930	4.32663
940	4.49329
950	4.65996
960	4.82663
970	4.99329
980	5.15996
990	5.32663
1000	5.49329
1010	5.65996
1020	5.82663
1030	5.99329
1040	6.15996
1050	6.32663
1060	6.49329
1070	6.65996
1080	6.82663
1090	6.99329
43
670	0.160342
680	0.327009
690	0.493676
700	0.660342
710	0.827009
720	0.993676
730	1.16034
740	1.32701
750	1.49368
760	1.66034
770	1.82701
780	1.99368
790	2.16034
800	2.32701
810	2.49368
820	2.66034
830	2.82701
840	2.99368
850	3.16034
860	3.32701
870	3.49368
880	3.66034
890	3.82701
900	3.99368
910	4.16034
920	4.32701
930	4.56214
940	4.72881
950	4.89548
960	5.06214
970	5.22881
980	5.39548
990	5.56214
1000	5.72881
1010	5.89548
1020	6.06214
1030	6.22881
1040	6.39548
1050	6.56214
1060	6.72881
1070	6.89548
1080	7.06214
1090	7.22881
44
660	0.160724
670	0.327391
680	0.494058
690	0.660724
700	0.827391
710	0.994058
720	1.16072
730	1.32739
740	1.49406
750	1.66072
760	1.82739
770	1.99406
780	2.16072
790	2.32739
800	2.49406
810	2.66072
820	2.82739
830	2.99406
840	3.16072
850	3.32739
860	3.49406
870	3.66072
880	3.82739
890	3.99406
900	4.16072
910	4.32739
920	4.49406
930	4.66072
940	4.82739
950	4.99406
960	5.16072
970	5.32739
980	5.49406
990	5.66072
1000	5.82739
1010	5.99406
1020	6.16072
1030	6.32739
1040	6.49406
1050	6.66072
1060	6.82739
1070	6.99406
1080	7.16072
1090	7.32739
45
650	0.161106
660	0.327773
670	0.494439
680	0.661106
690	0.827773
700	0.994439
710	1.16111
720	1.32777
730	1.49444
740	1.66111
750	1.82777
760	1.99444
770	2.16111
780	2.32777
790	2.49444
800	2.66111
810	2.82777
820	2.99444
830	3.16111
840	3.32777
850	3.49444
860	3.66111
870	3.82777
880	3.99444
890	4.16111
900	4.32777
910	4.49444
920	4.66111
930	4.82777
940	4.99444
950	5.16111
960	5.32777
970	5.49444
980	5.66111
990	5.82777
1000	5.99444
1010	6.16111
1020	6.32777
1030	6.49444
1040	6.66111
1050	6.82777
1060	6.99444
1070	7.16111
1080	7.32777
1090	7.49444
46
640	0.161488
650	0.328155
660	0.494821
670	0.661488
680	0.828155
690	0.994821
700	1.16149
710	1.32815
720	1.49482
730	1.66149
740	1.82815
750	1.99482
760	2.16149
770	2.32815
780	2.49482
790	2.66149
800	2.82815
810	2.99482
820	3.16149
830	3.32815
840	3.49482
850	3.66149
860	3.82815
870	3.99482
880	4.16149
890	4.32815
900	4.49482
910	4.68431
920	4.85098
930	5.01764
940	5.18431
950	5.35098
960	5.51764
970	5.68431
980	5.85098
990	6.01764
1000	6.18431
1010	6.35098
1020	6.51764
1030	6.68431
1040	6.85098
1050	7.01764
1060	7.18431
1070	7.35098
1080	7.51764
1090	7.68431
47
630	0.16187
640	0.328536
650	0.495203
660	0.66187
670	0.828536
680	0.995203
690	1.16187
700	1.32854
710	1.4952
720	1.66187
730	1.82854
740	1.9952
750	2.16187
760	2.32854
770	2.4952
780	2.66187
790	2.82854
800	2.9952
810	3.16187
820	3.32854
830	3.4952
840	3.66187
850	3.82854
860	3.9952
870	4.16187
880	4.32854
890	4.56367
900	4.73034
910	4.897
920	5.06367
930	5.23034
940	5.397
950	5.56367
960	5.73034
970	5.897
980	6.06367
990	6.23034
1000	6.397
1010	6.56367
1020	6.73034
1030	6.897
1040	7.06367
1050	7.23034
1060	7.397
1070	7.56367
1080	7.73034
1090	7.897
48
620	0.162252
630	0.328918
640	0.495585
650	0.662252
660	0.828918
670	0.995585
680	1.16225
690	1.32892
700	1.49558
710	1.66225
720	1.82892
730	1.99558
740	2.16225
750	2.32892
760	2.49558
770	2.66225
780	2.82892
790	2.99558
800	3.16225
810	3.32892
820	3.49558
830	3.66225
840	3.82892
850	3.99558
860	4.16225
870	4.32892
880	4.56405
890	4.73072
900	4.89739
910	5.06405
920	5.23072
930	5.39739
940	5.56405
950	5.73072
960	5.89739
970	6.06405
980	6.23072
990	6.39739
1000	6.56405
1010	6.73072
1020	6.89739
1030	7.06405
1040	7.23072
1050	7.39739
1060	7.56405
1070	7.73072
1080	7.89739
1090	8.06405
49
610	0.162633
620	0.3293
630	0.495967
640	0.662633
650	0.8293
660	0.995967
670	1.16263
680	1.3293
690	1.49597
700	1.66263
710	1.8293
720	1.99597
730	2.16263
740	2.3293
750	2.49597
760	2.66263
770	2.8293
780	2.99597
790	3.16263
800	3.3293
810	3.49597
820	3.66263
830	3.8293
840	3.99597
850	4.16263
860	4.3293
870	4.49597
880	4.70828
890	4.87495
900	5.04161
910	5.20828
920	5.37495
930	5.54161
940	5.70828
950	5.87495
960	6.04161
970	6.20828
980	6.37495
990	6.54161
1000	6.70828
1010	6.87495
1020	7.04161
1030	7.20828
1040	7.37495
1050	7.54161
1060	7.70828
1070	7.87495
1080	8.04161
1090	8.20828
50
600	0.163015
610	0.329682
620	0.496349
630	0.663015
640	0.829682
650	0.996349
660	1.16302
670	1.32968
680	1.49635
690	1.66302
700	1.82968
710	1.99635
720	2.16302
730	2.32968
740	2.49635
750	2.66302
760	2.82968
770	2.99635
780	3.16302
790	3.32968
800	3.49635
810	3.66302
820	3.82968
830	3.99635
840	4.16302
850	4.32968
860	4.49635
870	4.70866
880	4.87533
890	5.04199
900	5.20866
910	5.37533
920	5.54199
930	5.70866
940	5.87533
950	6.04199
960	6.20866
970	6.37533
980	6.54199
990	6.70866
1000	6.87533
1010	7.04199
1020	7.20866
1030	7.37533
1040	7.54199
1050	7.70866
1060	7.87533
1070	8.04199
1080	8.20866
1090	8.37533
51
590	0.163397
600	0.330064
610	0.49673
620	0.663397
630	0.830064
640	0.99673
650	1.1634
660	1.33006
670	1.49673
680	1.6634
690	1.83006
700	1.99673
710	2.1634
720	2.33006
730	2.49673
740	2.6634
750	2.83006
760	2.99673
770	3.1634
780	3.33006
790	3.49673
800	3.6634
810	3.83006
820	3.99673
830	4.1634
840	4.33006
850	4.49673
860	4.70904
870	4.87571
880	5.04238
890	5.20904
900	5.37571
910	5.54238
920	5.70904
930	5.87571
940	6.04238
950	6.20904
960	6.37571
970	6.54238
980	6.70904
990	6.87571
1000	7.04238
1010	7.20904
1020	7.37571
1030	7.54238
1040	7.70904
1050	7.87571
1060	8.04238
1070	8.20904
1080	8.37571
1090	8.54238
52
580	0.163779
590	0.330446
600	0.497112
610	0.663779
620	0.830446
630	0.997112
640	1.16378
650	1.33045
660	1.49711
670	1.66378
680	1.83045
690	1.99711
700	2.16378
710	2.33045
720	2.49711
730	2.66378
740	2.83045
750	2.99711
760	3.16378
770	3.33045
780	3.49711
790	3.66378
800	3.83045
810	3.99711
820	4.16378
830	4.33045
840	4.49711
850	4.6866
860	4.85327
870	5.01993
880	5.1866
890	5.35327
900	5.51993
910	5.6866
920	5.85327
930	6.01993
940	6.1866
950	6.35327
960	6.51993
970	6.6866
980	6.85327
990	7.01993
1000	7.1866
1010	7.35327
1020	7.51993
1030	7.6866
1040	7.85327
1050	8.01993
1060	8.1866
1070	8.35327
1080	8.51993
1090	8.6866
53
570	0.164161
580	0.330827
590	0.497494
600	0.664161
610	0.830827
620	0.997494
630	1.16416
640	1.33083
650	1.49749
660	1.66416
670	1.83083
680	1.99749
690	2.16416
700	2.33083
710	2.49749
720	2.66416
730	2.83083
740	2.99749
750	3.16416
760	3.33083
770	3.49749
780	3.66416
790	3.83083
800	3.99749
810	4.16416
820	4.33083
830	4.56596
840	4.73263
850	4.8993
860	5.06596
870	5.23263
880	5.3993
890	5.56596
900	5.73263
910	5.8993
920	6.06596
930	6.23263
940	6.3993
950	6.56596
960	6.73263
970	6.8993
980	7.06596
990	7.23263
1000	7.3993
1010	7.56596
1020	7.73263
1030	7.8993
1040	8.06596
1050	8.23263
1060	8.3993
1070	8.56596
1080	8.73263
1090	8.8993
54
560	0.164542
570	0.331209
580	0.497876
590	0.664542
600	0.831209
610	0.997876
620	1.16454
630	1.33121
640	1.49788
650	1.66454
660	1.83121
670	1.99788
680	2.16454
690	2.33121
700	2.49788
710	2.66454
720	2.83121
730	2.99788
740	3.16454
750	3.33121
760	3.49788
770	3.66454
780	3.83121
790	3.99788
800	4.16454
810	4.33121
820	4.49788
830	4.66454
840	4.83121
850	4.99788
860	5.16454
870	5.33121
880	5.49788
890	5.66454
900	5.83121
910	5.99788
920	6.16454
930	6.33121
940	6.49788
950	6.66454
960	6.83121
970	6.99788
980	7.16454
990	7.33121
1000	7.49788
1010	7.66454
1020	7.83121
1030	7.99788
1040	8.16454
1050	8.33121
1060	8.49788
1070	8.66454
1080	8.83121
1090	8.99788
55
550	0.164924
560	0.331591
570	0.498258
580	0.664924
590	0.831591
600	0.998258
610	1.16492
620	1.33159
630	1.49826
640	1.66492
650	1.83159
660	1.99826
670	2.16492
680	2.33159
690	2.49826
700	2.66492
710	2.83159
720	2.99826
730	3.16492
740	3.33159
750	3.49826
760	3.66492
770	3.83159
780	3.99826
790	4.16492
800	4.33159
810	4.49826
820	4.66492
830	4.83159
840	4.99826
850	5.16492
860	5.33159
870	5.49826
880	5.66492
890	5.83159
900	5.99826
910	6.16492
920	6.33159
930	6.49826
940	6.66492
950	6.83159
960	6.99826
970	7.16492
980	7.33159
990	7.49826
1000	7.66492
1010	7.83159
1020	7.99826
1030	8.16492
1040	8.33159
1050	8.49826
1060	8.66492
1070	8.83159
1080	8.99826
1090	9.16492
56
540	0.165306
550	0.331973
560	0.498639
570	0.665306
580	0.831973
590	0.998639
600	1.16531
610	1.33197
620	1.49864
630	1.66531
640	1.83197
650	1.99864
660	2.16531
670	2.33197
680	2.49864
690	2.66531
700	2.83197
710	2.99864
720	3.16531
730	3.33197
740	3.49864
750	3.66531
760	3.83197
770	3.99864
780	4.16531
790	4.33197
800	4.49864
810	4.66531
820	4.83197
830	4.99864
840	5.16531
850	5.33197
860	5.49864
870	5.66531
880	5.83197
890	5.99864
900	6.16531
910	6.33197
920	6.49864
930	6.66531
940	6.83197
950	6.99864
960	7.16531
970	7.33197
980	7.49864
990	7.66531
1000	7.83197
1010	7.99864
1020	8.16531
1030	8.33197
1040	8.49864
1050	8.66531
1060	8.83197
1070	8.99864
1080	9.16531
1090	9.33197
57
530	0.165688
540	0.332355
550	0.499021
560	0.665688
570	0.832355
580	0.999021
590	1.16569
600	1.33235
610	1.49902
620	1.66569
630	1.83235
640	1.99902
650	2.16569
660	2.33235
670	2.49902
680	2.66569
690	2.83235
700	2.99902
710	3.16569
720	3.33235
730	3.49902
740	3.66569
750	3.83235
760	3.99902
770	4.16569
780	4.33235
790	4.49902
800	4.66569
810	4.83235
820	4.99902
830	5.16569
840	5.33235
850	5.49902
860	5.66569
870	5.83235
880	5.99902
890	6.16569
900	6.33235
910	6.49902
920	6.66569
930	6.83235
940	6.99902
950	7.16569
960	7.33235
970	7.49902
980	7.66569
990	7.83235
1000	7.99902
1010	8.16569
1020	8.33235
1030	8.49902
1040	8.66569
1050	8.83235
1060	8.99902
1070	9.16569
1080	9.33235
1090	9.49902
58
520	0.16607
530	0.332736
540	0.499403
550	0.66607
560	0.832736
570	0.999403
580	1.16607
590	1.33274
600	1.4994
610	1.66607
620	1.83274
630	1.9994
640	2.16607
650	2.33274
660	2.4994
670	2.66607
680	2.83274
690	2.9994
700	3.16607
710	3.33274
720	3.4994
730	3.66607
740	3.83274
750	3.9994
760	4.16607
770	4.33274
780	4.59069
790	4.75736
800	4.92403
810	5.09069
820	5.25736
830	5.42403
840	5.59069
850	5.75736
860	5.92403
870	6.09069
880	6.25736
890	6.42403
900	6.59069
910	6.75736
920	6.92403
930	7.09069
940	7.25736
950	7.42403
960	7.59069
970	7.75736
980	7.92403
990	8.09069
1000	8.25736
1010	8.42403
1020	8.59069
1030	8.75736
1040	8.92403
1050	9.09069
1060	9.25736
1070	9.42403
1080	9.59069
1090	9.75736
59
510	0.166452
520	0.333118
530	0.499785
540	0.666452
550	0.833118
560	0.999785
570	1.16645
580	1.33312
590	1.49978
600	1.66645
610	1.83312
620	1.99978
630	2.16645
640	2.33312
650	2.49978
660	2.66645
670	2.83312
680	2.99978
690	3.16645
700	3.33312
710	3.49978
720	3.66645
730	3.83312
740	3.99978
750	4.16645
760	4.33312
770	4.49978
780	4.66645
790	4.83312
800	4.99978
810	5.16645
820	5.33312
830	5.49978
840	5.66645
850	5.83312
860	5.99978
870	6.16645
880	6.33312
890	6.49978
900	6.66645
910	6.83312
920	6.99978
930	7.16645
940	7.33312
950	7.49978
960	7.66645
970	7.83312
980	7.99978
990	8.16645
1000	8.33312
1010	8.49978
1020	8.66645
1030	8.83312
1040	8.99978
1050	9.16645
1060	9.33312
1070	9.49978
1080	9.66645
1090	9.83312
60
500	0.125071
510	0.291738
520	0.458405
530	0.625071
540	0.791738
550	0.958405
560	1.12507
570	1.29174
580	1.4584
590	1.62507
600	1.79174
610	1.9584
620	2.12507
630	2.29174
640	2.4584
650	2.62507
660	2.79174
670	2.9584
680	3.12507
690	3.29174
700	3.4584
710	3.62507
720	3.79174
730	3.9584
740	4.12507
750	4.29174
760	4.4584
770	4.62507
780	4.79174
790	4.9584
800	5.12507
810	5.29174
820	5.4584
830	5.62507
840	5.79174
850	5.9584
860	6.12507
870	6.29174
880	6.4584
890	6.62507
900	6.79174
910	6.9584
920	7.12507
930	7.29174
940	7.4584
950	7.62507
960	7.79174
970	7.9584
980	8.12507
990	8.29174
1000	8.4584
1010	8.62507
1020	8.79174
1030	8.9584
1040	9.12507
1050	9.29174
1060	9.4584
1070	9.62507
1080	9.79174
1090	9.9584
61
490	0.125453
500	0.29212
510	0.458786
520	0.625453
530	0.79212
540	0.958786
550	1.12545
560	1.29212
570	1.45879
580	1.62545
590	1.79212
600	1.95879
610	2.12545
620	2.29212
630	2.45879
640	2.62545
650	2.79212
660	2.95879
670	3.12545
680	3.29212
690	3.45879
700	3.62545
710	3.79212
720	3.95879
730	4.12545
740	4.29212
750	4.45879
760	4.64828
770	4.81494
780	4.98161
790	5.14828
800	5.31494
810	5.48161
820	5.64828
830	5.81494
840	5.98161
850	6.14828
860	6.31494
870	6.48161
880	6.64828
890	6.81494
900	6.98161
910	7.14828
920	7.31494
930	7.48161
940	7.64828
950	7.81494
960	7.98161
970	8.14828
980	8.31494
990	8.48161
1000	8.64828
1010	8.81494
1020	8.98161
1030	9.14828
1040	9.31494
1050	9.48161
1060	9.64828
1070	9.81494
1080	9.98161
1090	10.1483
62
480	0.125835
490	0.292502
500	0.459168
510	0.625835
520	0.792502
530	0.959168
540	1.12583
550	1.2925
560	1.45917
570	1.62583
580	1.7925
590	1.95917
600	2.12583
610	2.2925
620	2.45917
630	2.62583
640	2.7925
650	2.95917
660	3.12583
670	3.2925
680	3.45917
690	3.62583
700	3.7925
710	3.95917
720	4.12583
730	4.2925
740	4.45917
750	4.62583
760	4.7925
770	4.95917
780	5.12583
790	5.2925
800	5.45917
810	5.62583
820	5.7925
830	5.95917
840	6.12583
850	6.2925
860	6.45917
870	6.62583
880	6.7925
890	6.95917
900	7.12583
910	7.2925
920	7.45917
930	7.62583
940	7.7925
950	7.95917
960	8.12583
970	8.2925
980	8.45917
990	8.62583
1000	8.7925
1010	8.95917
1020	9.12583
1030	9.2925
1040	9.45917
1050	9.62583
1060	9.7925
1070	9.95917
1080	10.1258
1090	10.2925
63
470	0.13514
480	0.301807
490	0.468473
500	0.63514
510	0.801807
520	0.968473
530	1.13514
540	1.30181
550	1.46847
560	1.63514
570	1.80181
580	1.96847
590	2.13514
600	2.30181
610	2.46847
620	2.63514
630	2.80181
640	2.96847
650	3.13514
660	3.30181
670	3.46847
680	3.63514
690	3.80181
700	3.96847
710	4.13514
720	4.30181
730	4.46847
740	4.63514
750	4.80181
760	4.96847
770	5.13514
780	5.30181
790	5.46847
800	5.63514
810	5.80181
820	5.96847
830	6.13514
840	6.30181
850	6.46847
860	6.63514
870	6.80181
880	6.96847
890	7.13514
900	7.30181
910	7.46847
920	7.63514
930	7.80181
940	7.96847
950	8.13514
960	8.30181
970	8.46847
980	8.63514
990	8.80181
1000	8.96847
1010	9.13514
1020	9.30181
1030	9.46847
1040	9.63514
1050	9.80181
1060	9.96847
1070	10.1351
1080	10.3018
1090	10.4685
64
460	0.157938
470	0.324605
480	0.491271
490	0.657938
500	0.824605
510	0.991271
520	1.15794
530	1.3246
540	1.49127
550	1.65794
560	1.8246
570	1.99127
580	2.15794
590	2.3246
600	2.49127
610	2.65794
620	2.8246
630	2.99127
640	3.15794
650	3.3246
660	3.49127
670	3.65794
680	3.8246
690	3.99127
700	4.15794
710	4.3246
720	4.49127
730	4.65794
740	4.8246
750	4.99127
760	5.15794
770	5.3246
780	5.49127
790	5.65794
800	5.8246
810	5.99127
820	6.15794
830	6.3246
840	6.49127
850	6.65794
860	6.8246
870	6.99127
880	7.15794
890	7.3246
900	7.49127
910	7.65794
920	7.8246
930	7.99127
940	8.15794
950	8.3246
960	8.49127
970	8.65794
980	8.8246
990	8.99127
1000	9.15794
1010	9.3246
1020	9.49127
1030	9.65794
1040	9.8246
1050	9.99127
1060	10.1579
1070	10.3246
1080	10.4913
1090	10.6579
65
450	0.164591
460	0.331257
470	0.497924
480	0.664591
490	0.831257
500	0.997924
510	1.16459
520	1.33126
530	1.49792
540	1.66459
550	1.83126
560	1.99792
570	2.16459
580	2.33126
590	2.49792
600	2.66459
610	2.83126
620	2.99792
630	3.16459
640	3.33126
650	3.49792
660	3.66459
670	3.83126
680	3.99792
690	4.16459
700	4.33126
710	4.49792
720	4.66459
730	4.83126
740	4.99792
750	5.16459
760	5.33126
770	5.49792
780	5.66459
790	5.83126
800	5.99792
810	6.16459
820	6.33126
830	6.49792
840	6.66459
850	6.83126
860	6.99792
870	7.16459
880	7.33126
890	7.49792
900	7.66459
910	7.83126
920	7.99792
930	8.16459
940	8.33126
950	8.49792
960	8.66459
970	8.83126
980	8.99792
990	9.16459
1000	9.33126
1010	9.49792
1020	9.66459
1030	9.83126
1040	9.99792
1050	10.1646
1060	10.3313
1070	10.4979
1080	10.6646
1090	10.8313
66
440	0.163994
450	0.330661
460	0.497327
470	0.663994
480	0.830661
490	0.997327
500	1.16399
510	1.33066
520	1.49733
530	1.66399
540	1.83066
550	1.99733
560	2.16399
570	2.33066
580	2.49733
590	2.66399
600	2.83066
610	2.99733
620	3.16399
630	3.33066
640	3.49733
650	3.66399
660	3.83066
670	3.99733
680	4.16399
690	4.33066
700	4.65709
710	4.82375
720	4.99042
730	5.15709
740	5.32375
750	5.49042
760	5.65709
770	5.82375
780	5.99042
790	6.15709
800	6.32375
810	6.49042
820	6.65709
830	6.82375
840	6.99042
850	7.15709
860	7.32375
870	7.49042
880	7.65709
890	7.82375
900	7.99042
910	8.15709
920	8.32375
930	8.49042
940	8.65709
950	8.82375
960	8.99042
970	9.15709
980	9.32375
990	9.49042
1000	9.65709
1010	9.82375
1020	9.99042
1030	10.1571
1040	10.3238
1050	10.4904
1060	10.6571
1070	10.8238
1080	10.9904
1090	11.1571
67
430	0.164376
440	0.331042
450	0.497709
460	0.664376
470	0.831042
480	0.997709
490	1.16438
500	1.33104
510	1.49771
520	1.66438
530	1.83104
540	1.99771
550	2.16438
560	2.33104
570	2.49771
580	2.66438
590	2.83104
600	2.99771
610	3.16438
620	3.33104
630	3.49771
640	3.66438
650	3.83104
660	3.99771
670	4.16438
680	4.33104
690	4.56618
700	4.73284
710	4.89951
720	5.06618
730	5.23284
740	5.39951
750	5.56618
760	5.73284
770	5.89951
780	6.06618
790	6.23284
800	6.39951
810	6.56618
820	6.73284
830	6.89951
840	7.06618
850	7.23284
860	7.39951
870	7.56618
880	7.73284
890	7.89951
900	8.06618
910	8.23284
920	8.39951
930	8.56618
940	8.73284
950	8.89951
960	9.06618
970	9.23284
980	9.39951
990	9.56618
1000	9.73284
1010	9.89951
1020	10.0662
1030	10.2328
1040	10.3995
1050	10.5662
1060	10.7328
1070	10.8995
1080	11.0662
1090	11.2328
68
420	0.164758
430	0.331424
440	0.498091
450	0.664758
460	0.831424
470	0.998091
480	1.16476
490	1.33142
500	1.49809
510	1.66476
520	1.83142
530	1.99809
540	2.16476
550	2.33142
560	2.49809
570	2.66476
580	2.83142
590	2.99809
600	3.16476
610	3.33142
620	3.49809
630	3.66476
640	3.83142
650	3.99809
660	4.16476
670	4.33142
680	4.49809
690	4.68758
700	4.85425
710	5.02091
720	5.18758
730	5.35425
740	5.52091
750	5.68758
760	5.85425
770	6.02091
780	6.18758
790	6.35425
800	6.52091
810	6.68758
820	6.85425
830	7.02091
840	7.18758
850	7.35425
860	7.52091
870	7.68758
880	7.85425
890	8.02091
900	8.18758
910	8.35425
920	8.52091
930	8.68758
940	8.85425
950	9.02091
960	9.18758
970	9.35425
980	9.52091
990	9.68758
1000	9.85425
1010	10.0209
1020	10.1876
1030	10.3542
1040	10.5209
1050	10.6876
1060	10.8542
1070	11.0209
1080	11.1876
1090	11.3542
69
410	0.165139
420	0.331806
430	0.498473
440	0.665139
450	0.831806
460	0.998473
470	1.16514
480	1.33181
490	1.49847
500	1.66514
510	1.83181
520	1.99847
530	2.16514
540	2.33181
550	2.49847
560	2.66514
570	2.83181
580	2.99847
590	3.16514
600	3.33181
610	3.49847
620	3.66514
630	3.83181
640	3.99847
650	4.16514
660	4.33181
670	4.49847
680	4.68796
690	4.85463
700	5.0213
710	5.18796
720	5.35463
730	5.5213
740	5.68796
750	5.85463
760	6.0213
770	6.18796
780	6.35463
790	6.5213
800	6.68796
810	6.85463
820	7.0213
830	7.18796
840	7.35463
850	7.5213
860	7.68796
870	7.85463
880	8.0213
890	8.18796
900	8.35463
910	8.5213
920	8.68796
930	8.85463
940	9.0213
950	9.18796
960	9.35463
970	9.5213
980	9.68796
990	9.85463
1000	10.0213
1010	10.188
1020	10.3546
1030	10.5213
1040	10.688
1050	10.8546
1060	11.0213
1070	11.188
1080	11.3546
1090	11.5213
70
400	0.165521
410	0.332188
420	0.498855
430	0.665521
440	0.832188
450	0.998855
460	1.16552
470	1.33219
480	1.49885
490	1.66552
500	1.83219
510	1.99885
520	2.16552
530	2.33219
540	2.49885
550	2.66552
560	2.83219
570	2.99885
580	3.16552
590	3.33219
600	3.49885
610	3.66552
620	3.83219
630	3.99885
640	4.16552
650	4.33219
660	4.49885
670	4.66552
680	4.83219
690	4.99885
700	5.16552
710	5.33219
720	5.49885
730	5.66552
740	5.83219
750	5.99885
760	6.16552
770	6.33219
780	6.49885
790	6.66552
800	6.83219
810	6.99885
820	7.16552
830	7.33219
840	7.49885
850	7.66552
860	7.83219
870	7.99885
880	8.16552
890	8.33219
900	8.49885
910	8.66552
920	8.83219
930	8.99885
940	9.16552
950	9.33219
960	9.49885
970	9.66552
980	9.83219
990	9.99885
1000	10.1655
1010	10.3322
1020	10.4989
1030	10.6655
1040	10.8322
1050	10.9989
1060	11.1655
1070	11.3322
1080	11.4989
1090	11.6655
71
390	0.165903
400	0.33257
410	0.499236
420	0.665903
430	0.83257
440	0.999236
450	1.1659
460	1.33257
470	1.49924
480	1.6659
490	1.83257
500	1.99924
510	2.1659
520	2.33257
530	2.49924
540	2.6659
550	2.83257
560	2.99924
570	3.1659
580	3.33257
590	3.49924
600	3.6659
610	3.83257
620	3.99924
630	4.1659
640	4.33257
650	4.49924
660	4.68873
670	4.85539
680	5.02206
690	5.18873
700	5.35539
710	5.52206
720	5.68873
730	5.85539
740	6.02206
750	6.18873
760	6.35539
770	6.52206
780	6.68873
790	6.85539
800	7.02206
810	7.18873
820	7.35539
830	7.52206
840	7.68873
850	7.85539
860	8.02206
870	8.18873
880	8.35539
890	8.52206
900	8.68873
910	8.85539
920	9.02206
930	9.18873
940	9.35539
950	9.52206
960	9.68873
970	9.85539
980	10.0221
990	10.1887
1000	10.3554
1010	10.5221
1020	10.6887
1030	10.8554
1040	11.0221
1050	11.1887
1060	11.3554
1070	11.5221
1080	11.6887
1090	11.8554
72
380	0.166285
390	0.332952
400	0.499618
410	0.666285
420	0.832952
430	0.999618
440	1.16628
450	1.33295
460	1.49962
470	1.66628
480	1.83295
490	1.99962
500	2.16628
510	2.33295
520	2.49962
530	2.66628
540	2.83295
550	2.99962
560	3.16628
570	3.33295
580	3.49962
590	3.66628
600	3.83295
610	3.99962
620	4.16628
630	4.33295
640	4.49962
650	4.66628
660	4.83295
670	4.99962
680	5.16628
690	5.33295
700	5.49962
710	5.66628
720	5.83295
730	5.99962
740	6.16628
750	6.33295
760	6.49962
770	6.66628
780	6.83295
790	6.99962
800	7.16628
810	7.33295
820	7.49962
830	7.66628
840	7.83295
850	7.99962
860	8.16628
870	8.33295
880	8.49962
890	8.66628
900	8.83295
910	8.99962
920	9.16628
930	9.33295
940	9.49962
950	9.66628
960	9.83295
970	9.99962
980	10.1663
990	10.333
1000	10.4996
1010	10.6663
1020	10.833
1030	10.9996
1040	11.1663
1050	11.333
1060	11.4996
1070	11.6663
1080	11.833
1090	11.9996
73
370	0.124905
380	0.291571
390	0.458238
400	0.624905
410	0.791571
420	0.958238
430	1.1249
440	1.29157
450	1.45824
460	1.6249
470	1.79157
480	1.95824
490	2.1249
500	2.29157
510	2.45824
520	2.6249
530	2.79157
540	2.95824
550	3.1249
560	3.29157
570	3.45824
580	3.6249
590	3.79157
600	3.95824
610	4.1249
620	4.29157
630	4.45824
640	4.69337
650	4.86004
660	5.02671
670	5.19337
680	5.36004
690	5.52671
700	5.69337
710	5.86004
720	6.02671
730	6.19337
740	6.36004
750	6.52671
760	6.69337
770	6.86004
780	7.02671
790	7.19337
800	7.36004
810	7.52671
820	7.69337
830	7.86004
840	8.02671
850	8.19337
860	8.36004
870	8.52671
880	8.69337
890	8.86004
900	9.02671
910	9.19337
920	9.36004
930	9.52671
940	9.69337
950	9.86004
960	10.0267
970	10.1934
980	10.36
990	10.5267
1000	10.6934
1010	10.86
1020	11.0267
1030	11.1934
1040	11.36
1050	11.5267
1060	11.6934
1070	11.86
1080	12.0267
1090	12.1934
74
360	0
370	0.166667
380	0.333333
390	0.5
400	0.666667
410	0.833333
420	1
430	1.16667
440	1.33333
450	1.5
460	1.66667
470	1.83333
480	2
490	2.16667
500	2.33333
510	2.5
520	2.66667
530	2.83333
540	3
550	3.16667
560	3.33333
570	3.5
580	3.66667
590	3.83333
600	4
610	4.16667
620	4.33333
630	4.54565
640	4.71231
650	4.87898
660	5.04565
670	5.21231
680	5.37898
690	5.54565
700	5.71231
710	5.87898
720	6.04565
730	6.21231
740	6.37898
750	6.54565
760	6.71231
770	6.87898
780	7.04565
790	7.21231
800	7.37898
810	7.54565
820	7.71231
830	7.87898
840	8.04565
850	8.21231
860	8.37898
870	8.54565
880	8.71231
890	8.87898
900	9.04565
910	9.21231
920	9.37898
930	9.54565
940	9.71231
950	9.87898
960	10.0456
970	10.2123
980	10.379
990	10.5456
1000	10.7123
1010	10.879
1020	11.0456
1030	11.2123
1040	11.379
1050	11.5456
1060	11.7123
1070	11.879
1080	12.0456
1090	12.2123
74
360	0.0835242
370	0.250191
380	0.416858
390	0.583524
400	0.750191
410	0.916858
420	1.08352
430	1.25019
440	1.41686
450	1.58352
460	1.75019
470	1.91686
480	2.08352
490	2.25019
500	2.41686
510	2.58352
520	2.75019
530	2.91686
540	3.08352
550	3.25019
560	3.41686
570	3.58352
580	3.75019
590	3.91686
600	4.08352
610	4.25019
620	4.41686
630	4.60635
640	4.77301
650	4.93968
660	5.10635
670	5.27301
680	5.43968
690	5.60635
700	5.77301
710	5.93968
720	6.10635
730	6.27301
740	6.43968
750	6.60635
760	6.77301
770	6.93968
780	7.10635
790	7.27301
800	7.43968
810	7.60635
820	7.77301
830	7.93968
840	8.10635
850	8.27301
860	8.43968
870	8.60635
880	8.77301
890	8.93968
900	9.10635
910	9.27301
920	9.43968
930	9.60635
940	9.77301
950	9.93968
960	10.1063
970	10.273
980	10.4397
990	10.6063
1000	10.773
1010	10.9397
1020	11.1063
1030	11.273
1040	11.4397
1050	11.6063
1060	11.773
1070	11.9397
1080	12.1063
1090	12.273
74
360	0.167048
370	0.333715
380	0.500382
390	0.667048
400	0.833715
410	1.00038
420	1.16705
430	1.33372
440	1.50038
450	1.66705
460	1.83372
470	2.00038
480	2.16705
490	2.33372
500	2.50038
510	2.66705
520	2.83372
530	3.00038
540	3.16705
550	3.33372
560	3.50038
570	3.66705
580	3.83372
590	4.00038
600	4.16705
610	4.33372
620	4.50038
630	4.66705
640	4.83372
650	5.00038
660	5.16705
670	5.33372
680	5.50038
690	5.66705
700	5.83372
710	6.00038
720	6.16705
730	6.33372
740	6.50038
750	6.66705
760	6.83372
770	7.00038
780	7.16705
790	7.33372
800	7.50038
810	7.66705
820	7.83372
830	8.00038
840	8.16705
850	8.33372
860	8.50038
870	8.66705
880	8.83372
890	9.00038
900	9.16705
910	9.33372
920	9.50038
930	9.66705
940	9.83372
950	10.0004
960	10.167
970	10.3337
980	10.5004
990	10.667
1000	10.8337
1010	11.0004
1020	11.167
1030	11.3337
1040	11.5004
1050	11.667
1060	11.8337
1070	12.0004
1080	12.167
1090	12.3337
74
360	0.250573
370	0.417239
380	0.583906
390	0.750573
400	0.917239
410	1.08391
420	1.25057
430	1.41724
440	1.58391
450	1.75057
460	1.91724
470	2.08391
480	2.25057
490	2.41724
500	2.58391
510	2.75057
520	2.91724
530	3.08391
540	3.25057
550	3.41724
560	3.58391
570	3.75057
580	3.91724
590	4.08391
600	4.25057
610	4.41724
620	4.58391
630	4.75057
640	4.91724
650	5.08391
660	5.25057
670	5.41724
680	5.58391
690	5.75057
700	5.91724
710	6.08391
720	6.25057
730	6.41724
740	6.58391
750	6.75057
760	6.91724
770	7.08391
780	7.25057
790	7.41724
800	7.58391
810	7.75057
820	7.91724
830	8.08391
840	8.25057
850	8.41724
860	8.58391
870	8.75057
880	8.91724
890	9.08391
900	9.25057
910	9.41724
920	9.58391
930	9.75057
940	9.91724
950	10.0839
960	10.2506
970	10.4172
980	10.5839
990	10.7506
1000	10.9172
1010	11.0839
1020	11.2506
1030	11.4172
1040	11.5839
1050	11.7506
1060	11.9172
1070	12.0839
1080	12.2506
1090	12.4172
74
360	0.334097
370	0.500764
380	0.66743
390	0.834097
400	1.00076
410	1.16743
420	1.3341
430	1.50076
440	1.66743
450	1.8341
460	2.00076
470	2.16743
480	2.3341
490	2.50076
500	2.66743
510	2.8341
520	3.00076
530	3.16743
540	3.3341
550	3.50076
560	3.66743
570	3.8341
580	4.00076
590	4.16743
600	4.3341
610	4.50076
620	4.7359
630	4.90257
640	5.06923
650	5.2359
660	5.40257
670	5.56923
680	5.7359
690	5.90257
700	6.06923
710	6.2359
720	6.40257
730	6.56923
740	6.7359
750	6.90257
760	7.06923
770	7.2359
780	7.40257
790	7.56923
800	7.7359
810	7.90257
820	8.06923
830	8.2359
840	8.40257
850	8.56923
860	8.7359
870	8.90257
880	9.06923
890	9.2359
900	9.40257
910	9.56923
920	9.7359
930	9.90257
940	10.0692
950	10.2359
960	10.4026
970	10.5692
980	10.7359
990	10.9026
1000	11.0692
1010	11.2359
1020	11.4026
1030	11.5692
1040	11.7359
1050	11.9026
1060	12.0692
1070	12.2359
1080	12.4026
1090	12.5692
74
360	0.417621
370	0.584288
380	0.750955
390	0.917621
400	1.08429
410	1.25095
420	1.41762
430	1.58429
440	1.75095
450	1.91762
460	2.08429
470	2.25095
480	2.41762
490	2.58429
500	2.75095
510	2.91762
520	3.08429
530	3.25095
540	3.41762
550	3.58429
560	3.75095
570	3.91762
580	4.08429
590	4.25095
600	4.41762
610	4.60711
620	4.77378
630	4.94044
640	5.10711
650	5.27378
660	5.44044
670	5.60711
680	5.77378
690	5.94044
700	6.10711
710	6.27378
720	6.44044
730	6.60711
740	6.77378
750	6.94044
760	7.10711
770	7.27378
780	7.44044
790	7.60711
800	7.77378
810	7.94044
820	8.10711
830	8.27378
840	8.44044
850	8.60711
860	8.77378
870	8.94044
880	9.10711
890	9.27378
900	9.44044
910	9.60711
920	9.77378
930	9.94044
940	10.1071
950	10.2738
960	10.4404
970	10.6071
980	10.7738
990	10.9404
1000	11.1071
1010	11.2738
1020	11.4404
1030	11.6071
1040	11.7738
1050	11.9404
1060	12.1071
1070	12.2738
1080	12.4404
1090	12.6071
74
360	0.501145
370	0.667812
380	0.834479
390	1.00115
400	1.16781
410	1.33448
420	1.50115
430	1.66781
440	1.83448
450	2.00115
460	2.16781
470	2.33448
480	2.50115
490	2.66781
500	2.83448
510	3.00115
520	3.16781
530	3.33448
540	3.50115
550	3.66781
560	3.83448
570	4.00115
580	4.16781
590	4.33448
600	4.50115
610	4.69063
620	4.8573
630	5.02397
640	5.19063
650	5.3573
660	5.52397
670	5.69063
680	5.8573
690	6.02397
700	6.19063
710	6.3573
720	6.52397
730	6.69063
740	6.8573
750	7.02397
760	7.19063
770	7.3573
780	7.52397
790	7.69063
800	7.8573
810	8.02397
820	8.19063
830	8.3573
840	8.52397
850	8.69063
860	8.8573
870	9.02397
880	9.19063
890	9.3573
900	9.52397
910	9.69063
920	9.8573
930	10.024
940	10.1906
950	10.3573
960	10.524
970	10.6906
980	10.8573
990	11.024
1000	11.1906
1010	11.3573
1020	11.524
1030	11.6906
1040	11.8573
1050	12.024
1060	12.1906
1070	12.3573
1080	12.524
1090	12.6906
74
360	0.58467
370	0.751336
380	0.918003
390	1.08467
400	1.25134
410	1.418
420	1.58467
430	1.75134
440	1.918
450	2.08467
460	2.25134
470	2.418
480	2.58467
490	2.75134
500	2.918
510	3.08467
520	3.25134
530	3.418
540	3.58467
550	3.75134
560	3.918
570	4.08467
580	4.25134
590	4.418
600	4.58467
610	4.75134
620	4.918
630	5.08467
640	5.25134
650	5.418
660	5.58467
670	5.75134
680	5.918
690	6.08467
700	6.25134
710	6.418
720	6.58467
730	6.75134
740	6.918
750	7.08467
760	7.25134
770	7.418
780	7.58467
790	7.75134
800	7.918
810	8.08467
820	8.25134
830	8.418
840	8.58467
850	8.75134
860	8.918
870	9.08467
880	9.25134
890	9.418
900	9.58467
910	9.75134
920	9.918
930	10.0847
940	10.2513
950	10.418
960	10.5847
970	10.7513
980	10.918
990	11.0847
1000	11.2513
1010	11.418
1020	11.5847
1030	11.7513
1040	11.918
1050	12.0847
1060	12.2513
1070	12.418
1080	12.5847
1090	12.7513
74
360	0.668194
370	0.834861
380	1.00153
390	1.16819
400	1.33486
410	1.50153
420	1.66819
430	1.83486
440	2.00153
450	2.16819
460	2.33486
470	2.50153
480	2.66819
490	2.83486
500	3.00153
510	3.16819
520	3.33486
530	3.50153
540	3.66819
550	3.83486
560	4.00153
570	4.16819
580	4.33486
590	4.50153
600	4.66819
610	4.83486
620	5.00153
630	5.16819
640	5.33486
650	5.50153
660	5.66819
670	5.83486
680	6.00153
690	6.16819
700	6.33486
710	6.50153
720	6.66819
730	6.83486
740	7.00153
750	7.16819
760	7.33486
770	7.50153
780	7.66819
790	7.83486
800	8.00153
810	8.16819
820	8.33486
830	8.50153
840	8.66819
850	8.83486
860	9.00153
870	9.16819
880	9.33486
890	9.50153
900	9.66819
910	9.83486
920	10.0015
930	10.1682
940	10.3349
950	10.5015
960	10.6682
970	10.8349
980	11.0015
990	11.1682
1000	11.3349
1010	11.5015
1020	11.6682
1030	11.8349
1040	12.0015
1050	12.1682
1060	12.3349
1070	12.5015
1080	12.6682
1090	12.8349
74
360	0.751718
370	0.918385
380	1.08505
390	1.25172
400	1.41838
410	1.58505
420	1.75172
430	1.91838
440	2.08505
450	2.25172
460	2.41838
470	2.58505
480	2.75172
490	2.91838
500	3.08505
510	3.25172
520	3.41838
530	3.58505
540	3.75172
550	3.91838
560	4.08505
570	4.25172
580	4.41838
590	4.6307
600	4.79736
610	4.96403
620	5.1307
630	5.29736
640	5.46403
650	5.6307
660	5.79736
670	5.96403
680	6.1307
690	6.29736
700	6.46403
710	6.6307
720	6.79736
730	6.96403
740	7.1307
750	7.29736
760	7.46403
770	7.6307
780	7.79736
790	7.96403
800	8.1307
810	8.29736
820	8.46403
830	8.6307
840	8.79736
850	8.96403
860	9.1307
870	9.29736
880	9.46403
890	9.6307
900	9.79736
910	9.96403
920	10.1307
930	10.2974
940	10.464
950	10.6307
960	10.7974
970	10.964
980	11.1307
990	11.2974
1000	11.464
1010	11.6307
1020	11.7974
1030	11.964
1040	12.1307
1050	12.2974
1060	12.464
1070	12.6307
1080	12.7974
1090	12.964
74
360	0.835242
370	1.00191
380	1.16858
390	1.33524
400	1.50191
410	1.66858
420	1.83524
430	2.00191
440	2.16858
450	2.33524
460	2.50191
470	2.66858
480	2.83524
490	3.00191
500	3.16858
510	3.33524
520	3.50191
530	3.66858
540	3.83524
550	4.00191
560	4.16858
570	4.33524
580	4.50191
590	4.66858
600	4.83524
610	5.00191
620	5.16858
630	5.33524
640	5.50191
650	5.66858
660	5.83524
670	6.00191
680	6.16858
690	6.33524
700	6.50191
710	6.66858
720	6.83524
730	7.00191
740	7.16858
750	7.33524
760	7.50191
770	7.66858
780	7.83524
790	8.00191
800	8.16858
810	8.33524
820	8.50191
830	8.66858
840	8.83524
850	9.00191
860	9.16858
870	9.33524
880	9.50191
890	9.66858
900	9.83524
910	10.0019
920	10.1686
930	10.3352
940	10.5019
950	10.6686
960	10.8352
970	11.0019
980	11.1686
990	11.3352
1000	11.5019
1010	11.6686
1020	11.8352
1030	12.0019
1040	12.1686
1050	12.3352
1060	12.5019
1070	12.6686
1080	12.8352
1090	13.0019
74
360	0.918767
370	1.08543
380	1.2521
390	1.41877
400	1.58543
410	1.7521
420	1.91877
430	2.08543
440	2.2521
450	2.41877
460	2.58543
470	2.7521
480	2.91877
490	3.08543
500	3.2521
510	3.41877
520	3.58543
530	3.7521
540	3.91877
550	4.08543
560	4.2521
570	4.41877
580	4.60826
590	4.77492
600	4.94159
610	5.10826
620	5.27492
630	5.44159
640	5.60826
650	5.77492
660	5.94159
670	6.10826
680	6.27492
690	6.44159
700	6.60826
710	6.77492
720	6.94159
730	7.10826
740	7.27492
750	7.44159
760	7.60826
770	7.77492
780	7.94159
790	8.10826
800	8.27492
810	8.44159
820	8.60826
830	8.77492
840	8.94159
850	9.10826
860	9.27492
870	9.44159
880	9.60826
890	9.77492
900	9.94159
910	10.1083
920	10.2749
930	10.4416
940	10.6083
950	10.7749
960	10.9416
970	11.1083
980	11.2749
990	11.4416
1000	11.6083
1010	11.7749
1020	11.9416
1030	12.1083
1040	12.2749
1050	12.4416
1060	12.6083
1070	12.7749
1080	12.9416
1090	13.1083
74
360	1.00229
370	1.16896
380	1.33562
390	1.50229
400	1.66896
410	1.83562
420	2.00229
430	2.16896
440	2.33562
450	2.50229
460	2.66896
470	2.83562
480	3.00229
490	3.16896
500	3.33562
510	3.50229
520	3.66896
530	3.83562
540	4.00229
550	4.16896
560	4.33562
570	4.50229
580	4.7146
590	4.88127
600	5.04794
610	5.2146
620	5.38127
630	5.54794
640	5.7146
650	5.88127
660	6.04794
670	6.2146
680	6.38127
690	6.54794
700	6.7146
710	6.88127
720	7.04794
730	7.2146
740	7.38127
750	7.54794
760	7.7146
770	7.88127
780	8.04794
790	8.2146
800	8.38127
810	8.54794
820	8.7146
830	8.88127
840	9.04794
850	9.2146
860	9.38127
870	9.54794
880	9.7146
890	9.88127
900	10.0479
910	10.2146
920	10.3813
930	10.5479
940	10.7146
950	10.8813
960	11.0479
970	11.2146
980	11.3813
990	11.5479
1000	11.7146
1010	11.8813
1020	12.0479
1030	12.2146
1040	12.3813
1050	12.5479
1060	12.7146
1070	12.8813
1080	13.0479
1090	13.2146
74
360	1.08582
370	1.25248
380	1.41915
390	1.58582
400	1.75248
410	1.91915
420	2.08582
430	2.25248
440	2.41915
450	2.58582
460	2.75248
470	2.91915
480	3.08582
490	3.25248
500	3.41915
510	3.58582
520	3.75248
530	3.91915
540	4.08582
550	4.25248
560	4.41915
570	4.58582
580	4.75248
590	4.91915
600	5.08582
610	5.25248
620	5.41915
630	5.58582
640	5.75248
650	5.91915
660	6.08582
670	6.25248
680	6.41915
690	6.58582
700	6.75248
710	6.91915
720	7.08582
730	7.25248
740	7.41915
750	7.58582
760	7.75248
770	7.91915
780	8.08582
790	8.25248
800	8.41915
810	8.58582
820	8.75248
830	8.91915
840	9.08582
850	9.25248
860	9.41915
870	9.58582
880	9.75248
890	9.91915
900	10.0858
910	10.2525
920	10.4191
930	10.5858
940	10.7525
950	10.9191
960	11.0858
970	11.2525
980	11.4191
990	11.5858
1000	11.7525
1010	11.9191
1020	12.0858
1030	12.2525
1040	12.4191
1050	12.5858
1060	12.7525
1070	12.9191
1080	13.0858
1090	13.2525
74
360	1.16934
370	1.33601
380	1.50267
390	1.66934
400	1.83601
410	2.00267
420	2.16934
430	2.33601
440	2.50267
450	2.66934
460	2.83601
470	3.00267
480	3.16934
490	3.33601
500	3.50267
510	3.66934
520	3.83601
530	4.00267
540	4.16934
550	4.33601
560	4.50267
570	4.66934
580	4.83601
590	5.00267
600	5.16934
610	5.33601
620	5.50267
630	5.66934
640	5.83601
650	6.00267
660	6.16934
670	6.33601
680	6.50267
690	6.66934
700	6.83601
710	7.00267
720	7.16934
730	7.33601
740	7.50267
750	7.66934
760	7.83601
770	8.00267
780	8.16934
790	8.33601
800	8.50267
810	8.66934
820	8.83601
830	9.00267
840	9.16934
850	9.33601
860	9.50267
870	9.66934
880	9.83601
890	10.0027
900	10.1693
910	10.336
920	10.5027
930	10.6693
940	10.836
950	11.0027
960	11.1693
970	11.336
980	11.5027
990	11.6693
1000	11.836
1010	12.0027
1020	12.1693
1030	12.336
1040	12.5027
1050	12.6693
1060	12.836
1070	13.0027
1080	13.1693
1090	13.336
74
360	1.25286
370	1.41953
380	1.5862
390	1.75286
400	1.91953
410	2.0862
420	2.25286
430	2.41953
440	2.5862
450	2.75286
460	2.91953
470	3.0862
480	3.25286
490	3.41953
500	3.5862
510	3.75286
520	3.91953
530	4.0862
540	4.25286
550	4.41953
560	4.67749
570	4.84415
580	5.01082
590	5.17749
600	5.34415
610	5.51082
620	5.67749
630	5.84415
640	6.01082
650	6.17749
660	6.34415
670	6.51082
680	6.67749
690	6.84415
700	7.01082
710	7.17749
720	7.34415
730	7.51082
740	7.67749
750	7.84415
760	8.01082
770	8.17749
780	8.34415
790	8.51082
800	8.67749
810	8.84415
820	9.01082
830	9.17749
840	9.34415
850	9.51082
860	9.67749
870	9.84415
880	10.0108
890	10.1775
900	10.3442
910	10.5108
920	10.6775
930	10.8442
940	11.0108
950	11.1775
960	11.3442
970	11.5108
980	11.6775
990	11.8442
1000	12.0108
1010	12.1775
1020	12.3442
1030	12.5108
1040	12.6775
1050	12.8442
1060	13.0108
1070	13.1775
1080	13.3442
1090	13.5108
74
360	1.33639
370	1.50305
380	1.66972
390	1.83639
400	2.00305
410	2.16972
420	2.33639
430	2.50305
440	2.66972
450	2.83639
460	3.00305
470	3.16972
480	3.33639
490	3.50305
500	3.66972
510	3.83639
520	4.00305
530	4.16972
540	4.33639
550	4.50305
560	4.71537
570	4.88203
580	5.0487
590	5.21537
600	5.38203
610	5.5487
620	5.71537
630	5.88203
640	6.0487
650	6.21537
660	6.38203
670	6.5487
680	6.71537
690	6.88203
700	7.0487
710	7.21537
720	7.38203
730	7.5487
740	7.71537
750	7.88203
760	8.0487
770	8.21537
780	8.38203
790	8.5487
800	8.71537
810	8.88203
820	9.0487
830	9.21537
840	9.38203
850	9.5487
860	9.71537
870	9.88203
880	10.0487
890	10.2154
900	10.382
910	10.5487
920	10.7154
930	10.882
940	11.0487
950	11.2154
960	11.382
970	11.5487
980	11.7154
990	11.882
1000	12.0487
1010	12.2154
1020	12.382
1030	12.5487
1040	12.7154
1050	12.882
1060	13.0487
1070	13.2154
1080	13.382
1090	13.5487
74
360	1.41991
370	1.58658
380	1.75325
390	1.91991
400	2.08658
410	2.25325
420	2.41991
430	2.58658
440	2.75325
450	2.91991
460	3.08658
470	3.25325
480	3.41991
490	3.58658
500	3.75325
510	3.91991
520	4.08658
530	4.25325
540	4.41991
550	4.58658
560	4.75325
570	4.91991
580	5.08658
590	5.25325
600	5.41991
610	5.58658
620	5.75325
630	5.91991
640	6.08658
650	6.25325
660	6.41991
670	6.58658
680	6.75325
690	6.91991
700	7.08658
710	7.25325
720	7.41991
730	7.58658
740	7.75325
750	7.91991
760	8.08658
770	8.25325
780	8.41991
790	8.58658
800	8.75325
810	8.91991
820	9.08658
830	9.25325
840	9.41991
850	9.58658
860	9.75325
870	9.91991
880	10.0866
890	10.2532
900	10.4199
910	10.5866
920	10.7532
930	10.9199
940	11.0866
950	11.2532
960	11.4199
970	11.5866
980	11.7532
990	11.9199
1000	12.0866
1010	12.2532
1020	12.4199
1030	12.5866
1040	12.7532
1050	12.9199
1060	13.0866
1070	13.2532
1080	13.4199
1090	13.5866
74
360	1.50344
370	1.6701
380	1.83677
390	2.00344
400	2.1701
410	2.33677
420	2.50344
430	2.6701
440	2.83677
450	3.00344
460	3.1701
470	3.33677
480	3.50344
490	3.6701
500	3.83677
510	4.00344
520	4.1701
530	4.33677
540	4.50344
550	4.69293
560	4.85959
570	5.02626
580	5.19293
590	5.35959
600	5.52626
610	5.69293
620	5.85959
630	6.02626
640	6.19293
650	6.35959
660	6.52626
670	6.69293
680	6.85959
690	7.02626
700	7.19293
710	7.35959
720	7.52626
730	7.69293
740	7.85959
750	8.02626
760	8.19293
770	8.35959
780	8.52626
790	8.69293
800	8.85959
810	9.02626
820	9.19293
830	9.35959
840	9.52626
850	9.69293
860	9.85959
870	10.0263
880	10.1929
890	10.3596
900	10.5263
910	10.6929
920	10.8596
930	11.0263
940	11.1929
950	11.3596
960	11.5263
970	11.6929
980	11.8596
990	12.0263
1000	12.1929
1010	12.3596
1020	12.5263
1030	12.6929
1040	12.8596
1050	13.0263
1060	13.1929
1070	13.3596
1080	13.5263
1090	13.6929
74
360	1.58696
370	1.75363
380	1.92029
390	2.08696
400	2.25363
410	2.42029
420	2.58696
430	2.75363
440	2.92029
450	3.08696
460	3.25363
470	3.42029
480	3.58696
490	3.75363
500	3.92029
510	4.08696
520	4.25363
530	4.42029
540	4.58696
550	4.75363
560	4.92029
570	5.08696
580	5.25363
590	5.42029
600	5.58696
610	5.75363
620	5.92029
630	6.08696
640	6.25363
650	6.42029
660	6.58696
670	6.75363
680	6.92029
690	7.08696
700	7.25363
710	7.42029
720	7.58696
730	7.75363
740	7.92029
750	8.08696
760	8.25363
770	8.42029
780	8.58696
790	8.75363
800	8.92029
810	9.08696
820	9.25363
830	9.42029
840	9.58696
850	9.75363
860	9.92029
870	10.087
880	10.2536
890	10.4203
900	10.587
910	10.7536
920	10.9203
930	11.087
940	11.2536
950	11.4203
960	11.587
970	11.7536
980	11.9203
990	12.087
1000	12.2536
1010	12.4203
1020	12.587
1030	12.7536
1040	12.9203
1050	13.087
1060	13.2536
1070	13.4203
1080	13.587
1090	13.7536
74
360	1.67048
370	1.83715
380	2.00382
390	2.17048
400	2.33715
410	2.50382
420	2.67048
430	2.83715
440	3.00382
450	3.17048
460	3.33715
470	3.50382
480	3.67048
490	3.83715
500	4.00382
510	4.17048
520	4.33715
530	4.50382
540	4.73895
550	4.90562
560	5.07229
570	5.23895
580	5.40562
590	5.57229
600	5.73895
610	5.90562
620	6.07229
630	6.23895
640	6.40562
650	6.57229
660	6.73895
670	6.90562
680	7.07229
690	7.23895
700	7.40562
710	7.57229
720	7.73895
730	7.90562
740	8.07229
750	8.23895
760	8.40562
770	8.57229
780	8.73895
790	8.90562
800	9.07229
810	9.23895
820	9.40562
830	9.57229
840	9.73895
850	9.90562
860	10.0723
870	10.239
880	10.4056
890	10.5723
900	10.739
910	10.9056
920	11.0723
930	11.239
940	11.4056
950	11.5723
960	11.739
970	11.9056
980	12.0723
990	12.239
1000	12.4056
1010	12.5723
1020	12.739
1030	12.9056
1040	13.0723
1050	13.239
1060	13.4056
1070	13.5723
1080	13.739
1090	13.9056
74
360	1.75401
370	1.92068
380	2.08734
390	2.25401
400	2.42068
410	2.58734
420	2.75401
430	2.92068
440	3.08734
450	3.25401
460	3.42068
470	3.58734
480	3.75401
490	3.92068
500	4.08734
510	4.25401
520	4.42068
530	4.61017
540	4.77683
550	4.9435
560	5.11017
570	5.27683
580	5.4435
590	5.61017
600	5.77683
610	5.9435
620	6.11017
630	6.27683
640	6.4435
650	6.61017
660	6.77683
670	6.9435
680	7.11017
690	7.27683
700	7.4435
710	7.61017
720	7.77683
730	7.9435
740	8.11017
750	8.27683
760	8.4435
770	8.61017
780	8.77683
790	8.9435
800	9.11017
810	9.27683
820	9.4435
830	9.61017
840	9.77683
850	9.9435
860	10.1102
870	10.2768
880	10.4435
890	10.6102
900	10.7768
910	10.9435
920	11.1102
930	11.2768
940	11.4435
950	11.6102
960	11.7768
970	11.9435
980	12.1102
990	12.2768
1000	12.4435
1010	12.6102
1020	12.7768
1030	12.9435
1040	13.1102
1050	13.2768
1060	13.4435
1070	13.6102
1080	13.7768
1090	13.9435
74
360	1.83753
370	2.0042
380	2.17087
390	2.33753
400	2.5042
410	2.67087
420	2.83753
430	3.0042
440	3.17087
450	3.33753
460	3.5042
470	3.67087
480	3.83753
490	4.0042
500	4.17087
510	4.33753
520	4.5042
530	4.71651
540	4.88318
550	5.04985
560	5.21651
570	5.38318
580	5.54985
590	5.71651
600	5.88318
610	6.04985
620	6.21651
630	6.38318
640	6.54985
650	6.71651
660	6.88318
670	7.04985
680	7.21651
690	7.38318
700	7.54985
710	7.71651
720	7.88318
730	8.04985
740	8.21651
750	8.38318
760	8.54985
770	8.71651
780	8.88318
790	9.04985
800	9.21651
810	9.38318
820	9.54985
830	9.71651
840	9.88318
850	10.0498
860	10.2165
870	10.3832
880	10.5498
890	10.7165
900	10.8832
910	11.0498
920	11.2165
930	11.3832
940	11.5498
950	11.7165
960	11.8832
970	12.0498
980	12.2165
990	12.3832
1000	12.5498
1010	12.7165
1020	12.8832
1030	13.0498
1040	13.2165
1050	13.3832
1060	13.5498
1070	13.7165
1080	13.8832
1090	14.0498
74
360	1.92106
370	2.08772
380	2.25439
390	2.42106
400	2.58772
410	2.75439
420	2.92106
430	3.08772
440	3.25439
450	3.42106
460	3.58772
470	3.75439
480	3.92106
490	4.08772
500	4.25439
510	4.42106
520	4.58772
530	4.75439
540	4.92106
550	5.08772
560	5.25439
570	5.42106
580	5.58772
590	5.75439
600	5.92106
610	6.08772
620	6.25439
630	6.42106
640	6.58772
650	6.75439
660	6.92106
670	7.08772
680	7.25439
690	7.42106
700	7.58772
710	7.75439
720	7.92106
730	8.08772
740	8.25439
750	8.42106
760	8.58772
770	8.75439
780	8.92106
790	9.08772
800	9.25439
810	9.42106
820	9.58772
830	9.75439
840	9.92106
850	10.0877
860	10.2544
870	10.4211
880	10.5877
890	10.7544
900	10.9211
910	11.0877
920	11.2544
930	11.4211
940	11.5877
950	11.7544
960	11.9211
970	12.0877
980	12.2544
990	12.4211
1000	12.5877
1010	12.7544
1020	12.9211
1030	13.0877
1040	13.2544
1050	13.4211
1060	13.5877
1070	13.7544
1080	13.9211
1090	14.0877
74
360	2.00458
370	2.17125
380	2.33792
390	2.50458
400	2.67125
410	2.83792
420	3.00458
430	3.17125
440	3.33792
450	3.50458
460	3.67125
470	3.83792
480	4.00458
490	4.17125
500	4.33792
510	4.50458
520	4.67125
530	4.83792
540	5.00458
550	5.17125
560	5.33792
570	5.50458
580	5.67125
590	5.83792
600	6.00458
610	6.17125
620	6.33792
630	6.50458
640	6.67125
650	6.83792
660	7.00458
670	7.17125
680	7.33792
690	7.50458
700	7.67125
710	7.83792
720	8.00458
730	8.17125
740	8.33792
750	8.50458
760	8.67125
770	8.83792
780	9.00458
790	9.17125
800	9.33792
810	9.50458
820	9.67125
830	9.83792
840	10.0046
850	10.1712
860	10.3379
870	10.5046
880	10.6712
890	10.8379
900	11.0046
910	11.1712
920	11.3379
930	11.5046
940	11.6712
950	11.8379
960	12.0046
970	12.1712
980	12.3379
990	12.5046
1000	12.6712
1010	12.8379
1020	13.0046
1030	13.1712
1040	13.3379
1050	13.5046
1060	13.6712
1070	13.8379
1080	14.0046
1090	14.1712
74
360	2.08811
370	2.25477
380	2.42144
390	2.58811
400	2.75477
410	2.92144
420	3.08811
430	3.25477
440	3.42144
450	3.58811
460	3.75477
470	3.92144
480	4.08811
490	4.25477
500	4.42144
510	4.61093
520	4.7776
530	4.94426
540	5.11093
550	5.2776
560	5.44426
570	5.61093
580	5.7776
590	5.94426
600	6.11093
610	6.2776
620	6.44426
630	6.61093
640	6.7776
650	6.94426
660	7.11093
670	7.2776
680	7.44426
690	7.61093
700	7.7776
710	7.94426
720	8.11093
730	8.2776
740	8.44426
750	8.61093
760	8.7776
770	8.94426
780	9.11093
790	9.2776
800	9.44426
810	9.61093
820	9.7776
830	9.94426
840	10.1109
850	10.2776
860	10.4443
870	10.6109
880	10.7776
890	10.9443
900	11.1109
910	11.2776
920	11.4443
930	11.6109
940	11.7776
950	11.9443
960	12.1109
970	12.2776
980	12.4443
990	12.6109
1000	12.7776
1010	12.9443
1020	13.1109
1030	13.2776
1040	13.4443
1050	13.6109
1060	13.7776
1070	13.9443
1080	14.1109
1090	14.2776
74
360	2.17163
370	2.3383
380	2.50496
390	2.67163
400	2.8383
410	3.00496
420	3.17163
430	3.3383
440	3.50496
450	3.67163
460	3.8383
470	4.00496
480	4.17163
490	4.3383
500	4.6419
510	4.80857
520	4.97523
530	5.1419
540	5.30857
550	5.47523
560	5.6419
570	5.80857
580	5.97523
590	6.1419
600	6.30857
610	6.47523
620	6.6419
630	6.80857
640	6.97523
650	7.1419
660	7.30857
670	7.47523
680	7.6419
690	7.80857
700	7.97523
710	8.1419
720	8.30857
730	8.47523
740	8.6419
750	8.80857
760	8.97523
770	9.1419
780	9.30857
790	9.47523
800	9.6419
810	9.80857
820	9.97523
830	10.1419
840	10.3086
850	10.4752
860	10.6419
870	10.8086
880	10.9752
890	11.1419
900	11.3086
910	11.4752
920	11.6419
930	11.8086
940	11.9752
950	12.1419
960	12.3086
970	12.4752
980	12.6419
990	12.8086
1000	12.9752
1010	13.1419
1020	13.3086
1030	13.4752
1040	13.6419
1050	13.8086
1060	13.9752
1070	14.1419
1080	14.3086
1090	14.4752
74
360	2.25515
370	2.42182
380	2.58849
390	2.75515
400	2.92182
410	3.08849
420	3.25515
430	3.42182
440	3.58849
450	3.75515
460	3.92182
470	4.08849
480	4.25515
490	4.42182
500	4.67978
510	4.84645
520	5.01311
530	5.17978
540	5.34645
550	5.51311
560	5.67978
570	5.84645
580	6.01311
590	6.17978
600	6.34645
610	6.51311
620	6.67978
630	6.84645
640	7.01311
650	7.17978
660	7.34645
670	7.51311
680	7.67978
690	7.84645
700	8.01311
710	8.17978
720	8.34645
730	8.51311
740	8.67978
750	8.84645
760	9.01311
770	9.17978
780	9.34645
790	9.51311
800	9.67978
810	9.84645
820	10.0131
830	10.1798
840	10.3464
850	10.5131
860	10.6798
870	10.8464
880	11.0131
890	11.1798
900	11.3464
910	11.5131
920	11.6798
930	11.8464
940	12.0131
950	12.1798
960	12.3464
970	12.5131
980	12.6798
990	12.8464
1000	13.0131
1010	13.1798
1020	13.3464
1030	13.5131
1040	13.6798
1050	13.8464
1060	14.0131
1070	14.1798
1080	14.3464
1090	14.5131
74
360	2.33868
370	2.50535
380	2.67201
390	2.83868
400	3.00535
410	3.17201
420	3.33868
430	3.50535
440	3.67201
450	3.83868
460	4.00535
470	4.17201
480	4.33868
490	4.50535
500	4.71766
510	4.88432
520	5.05099
530	5.21766
540	5.38432
550	5.55099
560	5.71766
570	5.88432
580	6.05099
590	6.21766
600	6.38432
610	6.55099
620	6.71766
630	6.88432
640	7.05099
650	7.21766
660	7.38432
670	7.55099
680	7.71766
690	7.88432
700	8.05099
710	8.21766
720	8.38432
730	8.55099
740	8.71766
750	8.88432
760	9.05099
770	9.21766
780	9.38432
790	9.55099
800	9.71766
810	9.88432
820	10.051
830	10.2177
840	10.3843
850	10.551
860	10.7177
870	10.8843
880	11.051
890	11.2177
900	11.3843
910	11.551
920	11.7177
930	11.8843
940	12.051
950	12.2177
960	12.3843
970	12.551
980	12.7177
990	12.8843
1000	13.051
1010	13.2177
1020	13.3843
1030	13.551
1040	13.7177
1050	13.8843
1060	14.051
1070	14.2177
1080	14.3843
1090	14.551
74
360	2.4222
370	2.58887
380	2.75554
390	2.9222
400	3.08887
410	3.25554
420	3.4222
430	3.58887
440	3.75554
450	3.9222
460	4.08887
470	4.25554
480	4.4222
490	4.58887
500	4.75554
510	4.9222
520	5.08887
530	5.25554
540	5.4222
550	5.58887
560	5.75554
570	5.9222
580	6.08887
590	6.25554
600	6.4222
610	6.58887
620	6.75554
630	6.9222
640	7.08887
650	7.25554
660	7.4222
670	7.58887
680	7.75554
690	7.9222
700	8.08887
710	8.25554
720	8.4222
730	8.58887
740	8.75554
750	8.9222
760	9.08887
770	9.25554
780	9.4222
790	9.58887
800	9.75554
810	9.9222
820	10.0889
830	10.2555
840	10.4222
850	10.5889
860	10.7555
870	10.9222
880	11.0889
890	11.2555
900	11.4222
910	11.5889
920	11.7555
930	11.9222
940	12.0889
950	12.2555
960	12.4222
970	12.5889
980	12.7555
990	12.9222
1000	13.0889
1010	13.2555
1020	13.4222
1030	13.5889
1040	13.7555
1050	13.9222
1060	14.0889
1070	14.2555
1080	14.4222
1090	14.5889
74
360	2.50573
370	2.67239
380	2.83906
390	3.00573
400	3.17239
410	3.33906
420	3.50573
430	3.67239
440	3.83906
450	4.00573
460	4.17239
470	4.33906
480	4.50573
490	4.74086
500	4.90753
510	5.0742
520	5.24086
530	5.40753
540	5.5742
550	5.74086
560	5.90753
570	6.0742
580	6.24086
590	6.40753
600	6.5742
610	6.74086
620	6.90753
630	7.0742
640	7.24086
650	7.40753
660	7.5742
670	7.74086
680	7.90753
690	8.0742
700	8.24086
710	8.40753
720	8.5742
730	8.74086
740	8.90753
750	9.0742
760	9.24086
770	9.40753
780	9.5742
790	9.74086
800	9.90753
810	10.0742
820	10.2409
830	10.4075
840	10.5742
850	10.7409
860	10.9075
870	11.0742
880	11.2409
890	11.4075
900	11.5742
910	11.7409
920	11.9075
930	12.0742
940	12.2409
950	12.4075
960	12.5742
970	12.7409
980	12.9075
990	13.0742
1000	13.2409
1010	13.4075
1020	13.5742
1030	13.7409
1040	13.9075
1050	14.0742
1060	14.2409
1070	14.4075
1080	14.5742
1090	14.7409
74
360	2.58925
370	2.75592
380	2.92258
390	3.08925
400	3.25592
410	3.42258
420	3.58925
430	3.75592
440	3.92258
450	4.08925
460	4.25592
470	4.42258
480	4.61207
490	4.77874
500	4.94541
510	5.11207
520	5.27874
530	5.44541
540	5.61207
550	5.77874
560	5.94541
570	6.11207
580	6.27874
590	6.44541
600	6.61207
610	6.77874
620	6.94541
630	7.11207
640	7.27874
650	7.44541
660	7.61207
670	7.77874
680	7.94541
690	8.11207
700	8.27874
710	8.44541
720	8.61207
730	8.77874
740	8.94541
750	9.11207
760	9.27874
770	9.44541
780	9.61207
790	9.77874
800	9.94541
810	10.1121
820	10.2787
830	10.4454
840	10.6121
850	10.7787
860	10.9454
870	11.1121
880	11.2787
890	11.4454
900	11.6121
910	11.7787
920	11.9454
930	12.1121
940	12.2787
950	12.4454
960	12.6121
970	12.7787
980	12.9454
990	13.1121
1000	13.2787
1010	13.4454
1020	13.6121
1030	13.7787
1040	13.9454
1050	14.1121
1060	14.2787
1070	14.4454
1080	14.6121
1090	14.7787
74
360	2.67278
370	2.83944
380	3.00611
390	3.17278
400	3.33944
410	3.50611
420	3.67278
430	3.83944
440	4.00611
450	4.17278
460	4.33944
470	4.50611
480	4.74124
490	4.90791
500	5.07458
510	5.24124
520	5.40791
530	5.57458
540	5.74124
550	5.90791
560	6.07458
570	6.24124
580	6.40791
590	6.57458
600	6.74124
610	6.90791
620	7.07458
630	7.24124
640	7.40791
650	7.57458
660	7.74124
670	7.90791
680	8.07458
690	8.24124
700	8.40791
710	8.57458
720	8.74124
730	8.90791
740	9.07458
750	9.24124
760	9.40791
770	9.57458
780	9.74124
790	9.90791
800	10.0746
810	10.2412
820	10.4079
830	10.5746
840	10.7412
850	10.9079
860	11.0746
870	11.2412
880	11.4079
890	11.5746
900	11.7412
910	11.9079
920	12.0746
930	12.2412
940	12.4079
950	12.5746
960	12.7412
970	12.9079
980	13.0746
990	13.2412
1000	13.4079
1010	13.5746
1020	13.7412
1030	13.9079
1040	14.0746
1050	14.2412
1060	14.4079
1070	14.5746
1080	14.7412
1090	14.9079
74
360	2.7563
370	2.92297
380	3.08963
390	3.2563
400	3.42297
410	3.58963
420	3.7563
430	3.92297
440	4.08963
450	4.2563
460	4.42297
470	4.61246
480	4.77912
490	4.94579
500	5.11246
510	5.27912
520	5.44579
530	5.61246
540	5.77912
550	5.94579
560	6.11246
570	6.27912
580	6.44579
590	6.61246
600	6.77912
610	6.94579
620	7.11246
630	7.27912
640	7.44579
650	7.61246
660	7.77912
670	7.94579
680	8.11246
690	8.27912
700	8.44579
710	8.61246
720	8.77912
730	8.94579
740	9.11246
750	9.27912
760	9.44579
770	9.61246
780	9.77912
790	9.94579
800	10.1125
810	10.2791
820	10.4458
830	10.6125
840	10.7791
850	10.9458
860	11.1125
870	11.2791
880	11.4458
890	11.6125
900	11.7791
910	11.9458
920	12.1125
930	12.2791
940	12.4458
950	12.6125
960	12.7791
970	12.9458
980	13.1125
990	13.2791
1000	13.4458
1010	13.6125
1020	13.7791
1030	13.9458
1040	14.1125
1050	14.2791
1060	14.4458
1070	14.6125
1080	14.7791
1090	14.9458
74
360	2.83982
370	3.00649
380	3.17316
390	3.33982
400	3.50649
410	3.67316
420	3.83982
430	4.00649
440	4.17316
450	4.33982
460	4.50649
470	4.69598
480	4.86265
490	5.02931
500	5.19598
510	5.36265
520	5.52931
530	5.69598
540	5.86265
550	6.02931
560	6.19598
570	6.36265
580	6.52931
590	6.69598
600	6.86265
610	7.02931
620	7.19598
630	7.36265
640	7.52931
650	7.69598
660	7.86265
670	8.02931
680	8.19598
690	8.36265
700	8.52931
710	8.69598
720	8.86265
730	9.02931
740	9.19598
750	9.36265
760	9.52931
770	9.69598
780	9.86265
790	10.0293
800	10.196
810	10.3626
820	10.5293
830	10.696
840	10.8626
850	11.0293
860	11.196
870	11.3626
880	11.5293
890	11.696
900	11.8626
910	12.0293
920	12.196
930	12.3626
940	12.5293
950	12.696
960	12.8626
970	13.0293
980	13.196
990	13.3626
1000	13.5293
1010	13.696
1020	13.8626
1030	14.0293
1040	14.196
1050	14.3626
1060	14.5293
1070	14.696
1080	14.8626
1090	15.0293
74
360	2.92335
370	3.09002
380	3.25668
390	3.42335
400	3.59002
410	3.75668
420	3.92335
430	4.09002
440	4.25668
450	4.42335
460	4.59002
470	4.75668
480	4.92335
490	5.09002
500	5.25668
510	5.42335
520	5.59002
530	5.75668
540	5.92335
550	6.09002
560	6.25668
570	6.42335
580	6.59002
590	6.75668
600	6.92335
610	7.09002
620	7.25668
630	7.42335
640	7.59002
650	7.75668
660	7.92335
670	8.09002
680	8.25668
690	8.42335
700	8.59002
710	8.75668
720	8.92335
730	9.09002
740	9.25668
750	9.42335
760	9.59002
770	9.75668
780	9.92335
790	10.09
800	10.2567
810	10.4233
820	10.59
830	10.7567
840	10.9233
850	11.09
860	11.2567
870	11.4233
880	11.59
890	11.7567
900	11.9233
910	12.09
920	12.2567
930	12.4233
940	12.59
950	12.7567
960	12.9233
970	13.09
980	13.2567
990	13.4233
1000	13.59
1010	13.7567
1020	13.9233
1030	14.09
1040	14.2567
1050	14.4233
1060	14.59
1070	14.7567
1080	14.9233
1090	15.09
74
360	3.00687
370	3.17354
380	3.34021
390	3.50687
400	3.67354
410	3.84021
420	4.00687
430	4.17354
440	4.34021
450	4.50687
460	4.67354
470	4.84021
480	5.00687
490	5.17354
500	5.34021
510	5.50687
520	5.67354
530	5.84021
540	6.00687
550	6.17354
560	6.34021
570	6.50687
580	6.67354
590	6.84021
600	7.00687
610	7.17354
620	7.34021
630	7.50687
640	7.67354
650	7.84021
660	8.00687
670	8.17354
680	8.34021
690	8.50687
700	8.67354
710	8.84021
720	9.00687
730	9.17354
740	9.34021
750	9.50687
760	9.67354
770	9.84021
780	10.0069
790	10.1735
800	10.3402
810	10.5069
820	10.6735
830	10.8402
840	11.0069
850	11.1735
860	11.3402
870	11.5069
880	11.6735
890	11.8402
900	12.0069
910	12.1735
920	12.3402
930	12.5069
940	12.6735
950	12.8402
960	13.0069
970	13.1735
980	13.3402
990	13.5069
1000	13.6735
1010	13.8402
1020	14.0069
1030	14.1735
1040	14.3402
1050	14.5069
1060	14.6735
1070	14.8402
1080	15.0069
1090	15.1735
74
360	3.0904
370	3.25706
380	3.42373
390	3.5904
400	3.75706
410	3.92373
420	4.0904
430	4.25706
440	4.42373
450	4.61322
460	4.77989
470	4.94655
480	5.11322
490	5.27989
500	5.44655
510	5.61322
520	5.77989
530	5.94655
540	6.11322
550	6.27989
560	6.44655
570	6.61322
580	6.77989
590	6.94655
600	7.11322
610	7.27989
620	7.44655
630	7.61322
640	7.77989
650	7.94655
660	8.11322
670	8.27989
680	8.44655
690	8.61322
700	8.77989
710	8.94655
720	9.11322
730	9.27989
740	9.44655
750	9.61322
760	9.77989
770	9.94655
780	10.1132
790	10.2799
800	10.4466
810	10.6132
820	10.7799
830	10.9466
840	11.1132
850	11.2799
860	11.4466
870	11.6132
880	11.7799
890	11.9466
900	12.1132
910	12.2799
920	12.4466
930	12.6132
940	12.7799
950	12.9466
960	13.1132
970	13.2799
980	13.4466
990	13.6132
1000	13.7799
1010	13.9466
1020	14.1132
1030	14.2799
1040	14.4466
1050	14.6132
1060	14.7799
1070	14.9466
1080	15.1132
1090	15.2799
74
360	3.17392
370	3.34059
380	3.50725
390	3.67392
400	3.84059
410	4.00725
420	4.17392
430	4.34059
440	4.50725
450	4.69674
460	4.86341
470	5.03008
480	5.19674
490	5.36341
500	5.53008
510	5.69674
520	5.86341
530	6.03008
540	6.19674
550	6.36341
560	6.53008
570	6.69674
580	6.86341
590	7.03008
600	7.19674
610	7.36341
620	7.53008
630	7.69674
640	7.86341
650	8.03008
660	8.19674
670	8.36341
680	8.53008
690	8.69674
700	8.86341
710	9.03008
720	9.19674
730	9.36341
740	9.53008
750	9.69674
760	9.86341
770	10.0301
780	10.1967
790	10.3634
800	10.5301
810	10.6967
820	10.8634
830	11.0301
840	11.1967
850	11.3634
860	11.5301
870	11.6967
880	11.8634
890	12.0301
900	12.1967
910	12.3634
920	12.5301
930	12.6967
940	12.8634
950	13.0301
960	13.1967
970	13.3634
980	13.5301
990	13.6967
1000	13.8634
1010	14.0301
1020	14.1967
1030	14.3634
1040	14.5301
1050	14.6967
1060	14.8634
1070	15.0301
1080	15.1967
1090	15.3634
74
360	3.25745
370	3.42411
380	3.59078
390	3.75745
400	3.92411
410	4.09078
420	4.25745
430	4.42411
440	4.63642
450	4.80309
460	4.96976
470	5.13642
480	5.30309
490	5.46976
500	5.63642
510	5.80309
520	5.96976
530	6.13642
540	6.30309
550	6.46976
560	6.63642
570	6.80309
580	6.96976
590	7.13642
600	7.30309
610	7.46976
620	7.63642
630	7.80309
640	7.96976
650	8.13642
660	8.30309
670	8.46976
680	8.63642
690	8.80309
700	8.96976
710	9.13642
720	9.30309
730	9.46976
740	9.63642
750	9.80309
760	9.96976
770	10.1364
780	10.3031
790	10.4698
800	10.6364
810	10.8031
820	10.9698
830	11.1364
840	11.3031
850	11.4698
860	11.6364
870	11.8031
880	11.9698
890	12.1364
900	12.3031
910	12.4698
920	12.6364
930	12.8031
940	12.9698
950	13.1364
960	13.3031
970	13.4698
980	13.6364
990	13.8031
1000	13.9698
1010	14.1364
1020	14.3031
1030	14.4698
1040	14.6364
1050	14.8031
1060	14.9698
1070	15.1364
1080	15.3031
1090	15.4698
74
360	3.34097
370	3.50764
380	3.6743
390	3.84097
400	4.00764
410	4.1743
420	4.34097
430	4.50764
440	4.6743
450	4.84097
460	5.00764
470	5.1743
480	5.34097
490	5.50764
500	5.6743
510	5.84097
520	6.00764
530	6.1743
540	6.34097
550	6.50764
560	6.6743
570	6.84097
580	7.00764
590	7.1743
600	7.34097
610	7.50764
620	7.6743
630	7.84097
640	8.00764
650	8.1743
660	8.34097
670	8.50764
680	8.6743
690	8.84097
700	9.00764
710	9.1743
720	9.34097
730	9.50764
740	9.6743
750	9.84097
760	10.0076
770	10.1743
780	10.341
790	10.5076
800	10.6743
810	10.841
820	11.0076
830	11.1743
840	11.341
850	11.5076
860	11.6743
870	11.841
880	12.0076
890	12.1743
900	12.341
910	12.5076
920	12.6743
930	12.841
940	13.0076
950	13.1743
960	13.341
970	13.5076
980	13.6743
990	13.841
1000	14.0076
1010	14.1743
1020	14.341
1030	14.5076
1040	14.6743
1050	14.841
1060	15.0076
1070	15.1743
1080	15.341
1090	15.5076
74
360	3.42449
370	3.59116
380	3.75783
390	3.92449
400	4.09116
410	4.25783
420	4.42449
430	4.59116
440	4.75783
450	4.92449
460	5.09116
470	5.25783
480	5.42449
490	5.59116
500	5.75783
510	5.92449
520	6.09116
530	6.25783
540	6.42449
550	6.59116
560	6.75783
570	6.92449
580	7.09116
590	7.25783
600	7.42449
610	7.59116
620	7.75783
630	7.92449
640	8.09116
650	8.25783
660	8.42449
670	8.59116
680	8.75783
690	8.92449
700	9.09116
710	9.25783
720	9.42449
730	9.59116
740	9.75783
750	9.92449
760	10.0912
770	10.2578
780	10.4245
790	10.5912
800	10.7578
810	10.9245
820	11.0912
830	11.2578
840	11.4245
850	11.5912
860	11.7578
870	11.9245
880	12.0912
890	12.2578
900	12.4245
910	12.5912
920	12.7578
930	12.9245
940	13.0912
950	13.2578
960	13.4245
970	13.5912
980	13.7578
990	13.9245
1000	14.0912
1010	14.2578
1020	14.4245
1030	14.5912
1040	14.7578
1050	14.9245
1060	15.0912
1070	15.2578
1080	15.4245
1090	15.5912
74
360	3.50802
370	3.67468
380	3.84135
390	4.00802
400	4.17468
410	4.34135
420	4.50802
430	4.74315
440	4.90982
450	5.07649
460	5.24315
470	5.40982
480	5.57649
490	5.74315
500	5.90982
510	6.07649
520	6.24315
530	6.40982
540	6.57649
550	6.74315
560	6.90982
570	7.07649
580	7.24315
590	7.40982
600	7.57649
610	7.74315
620	7.90982
630	8.07649
640	8.24315
650	8.40982
660	8.57649
670	8.74315
680	8.90982
690	9.07649
700	9.24315
710	9.40982
720	9.57649
730	9.74315
740	9.90982
750	10.0765
760	10.2432
770	10.4098
780	10.5765
790	10.7432
800	10.9098
810	11.0765
820	11.2432
830	11.4098
840	11.5765
850	11.7432
860	11.9098
870	12.0765
880	12.2432
890	12.4098
900	12.5765
910	12.7432
920	12.9098
930	13.0765
940	13.2432
950	13.4098
960	13.5765
970	13.7432
980	13.9098
990	14.0765
1000	14.2432
1010	14.4098
1020	14.5765
1030	14.7432
1040	14.9098
1050	15.0765
1060	15.2432
1070	15.4098
1080	15.5765
1090	15.7432
74
360	3.59154
370	3.75821
380	3.92488
390	4.09154
400	4.25821
410	4.42488
420	4.61437
430	4.78103
440	4.9477
450	5.11437
460	5.28103
470	5.4477
480	5.61437
490	5.78103
500	5.9477
510	6.11437
520	6.28103
530	6.4477
540	6.61437
550	6.78103
560	6.9477
570	7.11437
580	7.28103
590	7.4477
600	7.61437
610	7.78103
620	7.9477
630	8.11437
640	8.28103
650	8.4477
660	8.61437
670	8.78103
680	8.9477
690	9.11437
700	9.28103
710	9.4477
720	9.61437
730	9.78103
740	9.9477
750	10.1144
760	10.281
770	10.4477
780	10.6144
790	10.781
800	10.9477
810	11.1144
820	11.281
830	11.4477
840	11.6144
850	11.781
860	11.9477
870	12.1144
880	12.281
890	12.4477
900	12.6144
910	12.781
920	12.9477
930	13.1144
940	13.281
950	13.4477
960	13.6144
970	13.781
980	13.9477
990	14.1144
1000	14.281
1010	14.4477
1020	14.6144
1030	14.781
1040	14.9477
1050	15.1144
1060	15.281
1070	15.4477
1080	15.6144
1090	15.781
74
360	3.67507
370	3.84173
380	4.0084
390	4.17507
400	4.34173
410	4.5084
420	4.69789
430	4.86456
440	5.03122
450	5.19789
460	5.36456
470	5.53122
480	5.69789
490	5.86456
500	6.03122
510	6.19789
520	6.36456
530	6.53122
540	6.69789
550	6.86456
560	7.03122
570	7.19789
580	7.36456
590	7.53122
600	7.69789
610	7.86456
620	8.03122
630	8.19789
640	8.36456
650	8.53122
660	8.69789
670	8.86456
680	9.03122
690	9.19789
700	9.36456
710	9.53122
720	9.69789
730	9.86456
740	10.0312
750	10.1979
760	10.3646
770	10.5312
780	10.6979
790	10.8646
800	11.0312
810	11.1979
820	11.3646
830	11.5312
840	11.6979
850	11.8646
860	12.0312
870	12.1979
880	12.3646
890	12.5312
900	12.6979
910	12.8646
920	13.0312
930	13.1979
940	13.3646
950	13.5312
960	13.6979
970	13.8646
980	14.0312
990	14.1979
1000	14.3646
1010	14.5312
1020	14.6979
1030	14.8646
1040	15.0312
1050	15.1979
1060	15.3646
1070	15.5312
1080	15.6979
1090	15.8646
74
360	3.75859
370	3.92526
380	4.09192
390	4.25859
400	4.42526
410	4.59192
420	4.75859
430	4.92526
440	5.09192
450	5.25859
460	5.42526
470	5.59192
480	5.75859
490	5.92526
500	6.09192
510	6.25859
520	6.42526
530	6.59192
540	6.75859
550	6.92526
560	7.09192
570	7.25859
580	7.42526
590	7.59192
600	7.75859
610	7.92526
620	8.09192
630	8.25859
640	8.42526
650	8.59192
660	8.75859
670	8.92526
680	9.09192
690	9.25859
700	9.42526
710	9.59192
720	9.75859
730	9.92526
740	10.0919
750	10.2586
760	10.4253
770	10.5919
780	10.7586
790	10.9253
800	11.0919
810	11.2586
820	11.4253
830	11.5919
840	11.7586
850	11.9253
860	12.0919
870	12.2586
880	12.4253
890	12.5919
900	12.7586
910	12.9253
920	13.0919
930	13.2586
940	13.4253
950	13.5919
960	13.7586
970	13.9253
980	14.0919
990	14.2586
1000	14.4253
1010	14.5919
1020	14.7586
1030	14.9253
1040	15.0919
1050	15.2586
1060	15.4253
1070	15.5919
1080	15.7586
1090	15.9253
74
360	3.84212
370	4.00878
380	4.17545
390	4.34212
400	4.50878
410	4.67545
420	4.84212
430	5.00878
440	5.17545
450	5.34212
460	5.50878
470	5.67545
480	5.84212
490	6.00878
500	6.17545
510	6.34212
520	6.50878
530	6.67545
540	6.84212
550	7.00878
560	7.17545
570	7.34212
580	7.50878
590	7.67545
600	7.84212
610	8.00878
620	8.17545
630	8.34212
640	8.50878
650	8.67545
660	8.84212
670	9.00878
680	9.17545
690	9.34212
700	9.50878
710	9.67545
720	9.84212
730	10.0088
740	10.1754
750	10.3421
760	10.5088
770	10.6754
780	10.8421
790	11.0088
800	11.1754
810	11.3421
820	11.5088
830	11.6754
840	11.8421
850	12.0088
860	12.1754
870	12.3421
880	12.5088
890	12.6754
900	12.8421
910	13.0088
920	13.1754
930	13.3421
940	13.5088
950	13.6754
960	13.8421
970	14.0088
980	14.1754
990	14.3421
1000	14.5088
1010	14.6754
1020	14.8421
1030	15.0088
1040	15.1754
1050	15.3421
1060	15.5088
1070	15.6754
1080	15.8421
1090	16.0088
74
360	3.92564
370	4.09231
380	4.25897
390	4.42564
400	4.61513
410	4.7818
420	4.94846
430	5.11513
440	5.2818
450	5.44846
460	5.61513
470	5.7818
480	5.94846
490	6.11513
500	6.2818
510	6.44846
520	6.61513
530	6.7818
540	6.94846
550	7.11513
560	7.2818
570	7.44846
580	7.61513
590	7.7818
600	7.94846
610	8.11513
620	8.2818
630	8.44846
640	8.61513
650	8.7818
660	8.94846
670	9.11513
680	9.2818
690	9.44846
700	9.61513
710	9.7818
720	9.94846
730	10.1151
740	10.2818
750	10.4485
760	10.6151
770	10.7818
780	10.9485
790	11.1151
800	11.2818
810	11.4485
820	11.6151
830	11.7818
840	11.9485
850	12.1151
860	12.2818
870	12.4485
880	12.6151
890	12.7818
900	12.9485
910	13.1151
920	13.2818
930	13.4485
940	13.6151
950	13.7818
960	13.9485
970	14.1151
980	14.2818
990	14.4485
1000	14.6151
1010	14.7818
1020	14.9485
1030	15.1151
1040	15.2818
1050	15.4485
1060	15.6151
1070	15.7818
1080	15.9485
1090	16.1151
74
360	4.00916
370	4.17583
380	4.3425
390	4.50916
400	4.69865
410	4.86532
420	5.03199
430	5.19865
440	5.36532
450	5.53199
460	5.69865
470	5.86532
480	6.03199
490	6.19865
500	6.36532
510	6.53199
520	6.69865
530	6.86532
540	7.03199
550	7.19865
560	7.36532
570	7.53199
580	7.69865
590	7.86532
600	8.03199
610	8.19865
620	8.36532
630	8.53199
640	8.69865
650	8.86532
660	9.03199
670	9.19865
680	9.36532
690	9.53199
700	9.69865
710	9.86532
720	10.032
730	10.1987
740	10.3653
750	10.532
760	10.6987
770	10.8653
780	11.032
790	11.1987
800	11.3653
810	11.532
820	11.6987
830	11.8653
840	12.032
850	12.1987
860	12.3653
870	12.532
880	12.6987
890	12.8653
900	13.032
910	13.1987
920	13.3653
930	13.532
940	13.6987
950	13.8653
960	14.032
970	14.1987
980	14.3653
990	14.532
1000	14.6987
1010	14.8653
1020	15.032
1030	15.1987
1040	15.3653
1050	15.532
1060	15.6987
1070	15.8653
1080	16.032
1090	16.1987
74
360	4.09269
370	4.25935
380	4.42602
390	4.63833
400	4.805
410	4.97167
420	5.13833
430	5.305
440	5.47167
450	5.63833
460	5.805
470	5.97167
480	6.13833
490	6.305
500	6.47167
510	6.63833
520	6.805
530	6.97167
540	7.13833
550	7.305
560	7.47167
570	7.63833
580	7.805
590	7.97167
600	8.13833
610	8.305
620	8.47167
630	8.63833
640	8.805
650	8.97167
660	9.13833
670	9.305
680	9.47167
690	9.63833
700	9.805
710	9.97167
720	10.1383
730	10.305
740	10.4717
750	10.6383
760	10.805
770	10.9717
780	11.1383
790	11.305
800	11.4717
810	11.6383
820	11.805
830	11.9717
840	12.1383
850	12.305
860	12.4717
870	12.6383
880	12.805
890	12.9717
900	13.1383
910	13.305
920	13.4717
930	13.6383
940	13.805
950	13.9717
960	14.1383
970	14.305
980	14.4717
990	14.6383
1000	14.805
1010	14.9717
1020	15.1383
1030	15.305
1040	15.4717
1050	15.6383
1060	15.805
1070	15.9717
1080	16.1383
1090	16.305
74
360	4.17621
370	4.34288
380	4.50955
390	4.67621
400	4.84288
410	5.00955
420	5.17621
430	5.34288
440	5.50955
450	5.67621
460	5.84288
470	6.00955
480	6.17621
490	6.34288
500	6.50955
510	6.67621
520	6.84288
530	7.00955
540	7.17621
550	7.34288
560	7.50955
570	7.67621
580	7.84288
590	8.00955
600	8.17621
610	8.34288
620	8.50955
630	8.67621
640	8.84288
650	9.00955
660	9.17621
670	9.34288
680	9.50955
690	9.67621
700	9.84288
710	10.0095
720	10.1762
730	10.3429
740	10.5095
750	10.6762
760	10.8429
770	11.0095
780	11.1762
790	11.3429
800	11.5095
810	11.6762
820	11.8429
830	12.0095
840	12.1762
850	12.3429
860	12.5095
870	12.6762
880	12.8429
890	13.0095
900	13.1762
910	13.3429
920	13.5095
930	13.6762
940	13.8429
950	14.0095
960	14.1762
970	14.3429
980	14.5095
990	14.6762
1000	14.8429
1010	15.0095
1020	15.1762
1030	15.3429
1040	15.5095
1050	15.6762
1060	15.8429
1070	16.0095
1080	16.1762
1090	16.3429
74
360	4.25974
370	4.4264
380	4.59307
390	4.75974
400	4.9264
410	5.09307
420	5.25974
430	5.4264
440	5.59307
450	5.75974
460	5.9264
470	6.09307
480	6.25974
490	6.4264
500	6.59307
510	6.75974
520	6.9264
530	7.09307
540	7.25974
550	7.4264
560	7.59307
570	7.75974
580	7.9264
590	8.09307
600	8.25974
610	8.4264
620	8.59307
630	8.75974
640	8.9264
650	9.09307
660	9.25974
670	9.4264
680	9.59307
690	9.75974
700	9.9264
710	10.0931
720	10.2597
730	10.4264
740	10.5931
750	10.7597
760	10.9264
770	11.0931
780	11.2597
790	11.4264
800	11.5931
810	11.7597
820	11.9264
830	12.0931
840	12.2597
850	12.4264
860	12.5931
870	12.7597
880	12.9264
890	13.0931
900	13.2597
910	13.4264
920	13.5931
930	13.7597
940	13.9264
950	14.0931
960	14.2597
970	14.4264
980	14.5931
990	14.7597
1000	14.9264
1010	15.0931
1020	15.2597
1030	15.4264
1040	15.5931
1050	15.7597
1060	15.9264
1070	16.0931
1080	16.2597
1090	16.4264
74
360	4.34326
370	4.50993
380	4.69942
390	4.86608
400	5.03275
410	5.19942
420	5.36608
430	5.53275
440	5.69942
450	5.86608
460	6.03275
470	6.19942
480	6.36608
490	6.53275
500	6.69942
510	6.86608
520	7.03275
530	7.19942
540	7.36608
550	7.53275
560	7.69942
570	7.86608
580	8.03275
590	8.19942
600	8.36608
610	8.53275
620	8.69942
630	8.86608
640	9.03275
650	9.19942
660	9.36608
670	9.53275
680	9.69942
690	9.86608
700	10.0328
710	10.1994
720	10.3661
730	10.5328
740	10.6994
750	10.8661
760	11.0328
770	11.1994
780	11.3661
790	11.5328
800	11.6994
810	11.8661
820	12.0328
830	12.1994
840	12.3661
850	12.5328
860	12.6994
870	12.8661
880	13.0328
890	13.1994
900	13.3661
910	13.5328
920	13.6994
930	13.8661
940	14.0328
950	14.1994
960	14.3661
970	14.5328
980	14.6994
990	14.8661
1000	15.0328
1010	15.1994
1020	15.3661
1030	15.5328
1040	15.6994
1050	15.8661
1060	16.0328
1070	16.1994
1080	16.3661
1090	16.5328
74
360	4.42679
370	4.61627
380	4.78294
390	4.94961
400	5.11627
410	5.28294
420	5.44961
430	5.61627
440	5.78294
450	5.94961
460	6.11627
470	6.28294
480	6.44961
490	6.61627
500	6.78294
510	6.94961
520	7.11627
530	7.28294
540	7.44961
550	7.61627
560	7.78294
570	7.94961
580	8.11627
590	8.28294
600	8.44961
610	8.61627
620	8.78294
630	8.94961
640	9.11627
650	9.28294
660	9.44961
670	9.61627
680	9.78294
690	9.94961
700	10.1163
710	10.2829
720	10.4496
730	10.6163
740	10.7829
750	10.9496
760	11.1163
770	11.2829
780	11.4496
790	11.6163
800	11.7829
810	11.9496
820	12.1163
830	12.2829
840	12.4496
850	12.6163
860	12.7829
870	12.9496
880	13.1163
890	13.2829
900	13.4496
910	13.6163
920	13.7829
930	13.9496
940	14.1163
950	14.2829
960	14.4496
970	14.6163
980	14.7829
990	14.9496
1000	15.1163
1010	15.2829
1020	15.4496
1030	15.6163
1040	15.7829
1050	15.9496
1060	16.1163
1070	16.2829
1080	16.4496
1090	16.6163
74
360	4.51031
370	4.6998
380	4.86647
390	5.03313
400	5.1998
410	5.36647
420	5.53313
430	5.6998
440	5.86647
450	6.03313
460	6.1998
470	6.36647
480	6.53313
490	6.6998
500	6.86647
510	7.03313
520	7.1998
530	7.36647
540	7.53313
550	7.6998
560	7.86647
570	8.03313
580	8.1998
590	8.36647
600	8.53313
610	8.6998
620	8.86647
630	9.03313
640	9.1998
650	9.36647
660	9.53313
670	9.6998
680	9.86647
690	10.0331
700	10.1998
710	10.3665
720	10.5331
730	10.6998
740	10.8665
750	11.0331
760	11.1998
770	11.3665
780	11.5331
790	11.6998
800	11.8665
810	12.0331
820	12.1998
830	12.3665
840	12.5331
850	12.6998
860	12.8665
870	13.0331
880	13.1998
890	13.3665
900	13.5331
910	13.6998
920	13.8665
930	14.0331
940	14.1998
950	14.3665
960	14.5331
970	14.6998
980	14.8665
990	15.0331
1000	15.1998
1010	15.3665
1020	15.5331
1030	15.6998
1040	15.8665
1050	16.0331
1060	16.1998
1070	16.3665
1080	16.5331
1090	16.6998
74
360	4.64336
370	4.81003
380	4.9767
390	5.14336
400	5.31003
410	5.4767
420	5.64336
430	5.81003
440	5.9767
450	6.14336
460	6.31003
470	6.4767
480	6.64336
490	6.81003
500	6.9767
510	7.14336
520	7.31003
530	7.4767
540	7.64336
550	7.81003
560	7.9767
570	8.14336
580	8.31003
590	8.4767
600	8.64336
610	8.81003
620	8.9767
630	9.14336
640	9.31003
650	9.4767
660	9.64336
670	9.81003
680	9.9767
690	10.1434
700	10.31
710	10.4767
720	10.6434
730	10.81
740	10.9767
750	11.1434
760	11.31
770	11.4767
780	11.6434
790	11.81
800	11.9767
810	12.1434
820	12.31
830	12.4767
840	12.6434
850	12.81
860	12.9767
870	13.1434
880	13.31
890	13.4767
900	13.6434
910	13.81
920	13.9767
930	14.1434
940	14.31
950	14.4767
960	14.6434
970	14.81
980	14.9767
990	15.1434
1000	15.31
1010	15.4767
1020	15.6434
1030	15.81
1040	15.9767
1050	16.1434
1060	16.31
1070	16.4767
1080	16.6434
1090	16.81
74
360	4.70018
370	4.86685
380	5.03351
390	5.20018
400	5.36685
410	5.53351
420	5.70018
430	5.86685
440	6.03351
450	6.20018
460	6.36685
470	6.53351
480	6.70018
490	6.86685
500	7.03351
510	7.20018
520	7.36685
530	7.53351
540	7.70018
550	7.86685
560	8.03351
570	8.20018
580	8.36685
590	8.53351
600	8.70018
610	8.86685
620	9.03351
630	9.20018
640	9.36685
650	9.53351
660	9.70018
670	9.86685
680	10.0335
690	10.2002
700	10.3668
710	10.5335
720	10.7002
730	10.8668
740	11.0335
750	11.2002
760	11.3668
770	11.5335
780	11.7002
790	11.8668
800	12.0335
810	12.2002
820	12.3668
830	12.5335
840	12.7002
850	12.8668
860	13.0335
870	13.2002
880	13.3668
890	13.5335
900	13.7002
910	13.8668
920	14.0335
930	14.2002
940	14.3668
950	14.5335
960	14.7002
970	14.8668
980	15.0335
990	15.2002
1000	15.3668
1010	15.5335
1020	15.7002
1030	15.8668
1040	16.0335
1050	16.2002
1060	16.3668
1070	16.5335
1080	16.7002
1090	16.8668
74
360	4.76088
370	4.92755
380	5.09422
390	5.26088
400	5.42755
410	5.59422
420	5.76088
430	5.92755
440	6.09422
450	6.26088
460	6.42755
470	6.59422
480	6.76088
490	6.92755
500	7.09422
510	7.26088
520	7.42755
530	7.59422
540	7.76088
550	7.92755
560	8.09422
570	8.26088
580	8.42755
590	8.59422
600	8.76088
610	8.92755
620	9.09422
630	9.26088
640	9.42755
650	9.59422
660	9.76088
670	9.92755
680	10.0942
690	10.2609
700	10.4275
710	10.5942
720	10.7609
730	10.9275
740	11.0942
750	11.2609
760	11.4275
770	11.5942
780	11.7609
790	11.9275
800	12.0942
810	12.2609
820	12.4275
830	12.5942
840	12.7609
850	12.9275
860	13.0942
870	13.2609
880	13.4275
890	13.5942
900	13.7609
910	13.9275
920	14.0942
930	14.2609
940	14.4275
950	14.5942
960	14.7609
970	14.9275
980	15.0942
990	15.2609
1000	15.4275
1010	15.5942
1020	15.7609
1030	15.9275
1040	16.0942
1050	16.2609
1060	16.4275
1070	16.5942
1080	16.7609
1090	16.9275
74
360	4.82547
370	4.99213
380	5.1588
390	5.32547
400	5.49213
410	5.6588
420	5.82547
430	5.99213
440	6.1588
450	6.32547
460	6.49213
470	6.6588
480	6.82547
490	6.99213
500	7.1588
510	7.32547
520	7.49213
530	7.6588
540	7.82547
550	7.99213
560	8.1588
570	8.32547
580	8.49213
590	8.6588
600	8.82547
610	8.99213
620	9.1588
630	9.32547
640	9.49213
650	9.6588
660	9.82547
670	9.99213
680	10.1588
690	10.3255
700	10.4921
710	10.6588
720	10.8255
730	10.9921
740	11.1588
750	11.3255
760	11.4921
770	11.6588
780	11.8255
790	11.9921
800	12.1588
810	12.3255
820	12.4921
830	12.6588
840	12.8255
850	12.9921
860	13.1588
870	13.3255
880	13.4921
890	13.6588
900	13.8255
910	13.9921
920	14.1588
930	14.3255
940	14.4921
950	14.6588
960	14.8255
970	14.9921
980	15.1588
990	15.3255
1000	15.4921
1010	15.6588
1020	15.8255
1030	15.9921
1040	16.1588
1050	16.3255
1060	16.4921
1070	16.6588
1080	16.8255
1090	16.9921
74
360	4.90899
370	5.07566
380	5.24232
390	5.40899
400	5.57566
410	5.74232
420	5.90899
430	6.07566
440	6.24232
450	6.40899
460	6.57566
470	6.74232
480	6.90899
490	7.07566
500	7.24232
510	7.40899
520	7.57566
530	7.74232
540	7.90899
550	8.07566
560	8.24232
570	8.40899
580	8.57566
590	8.74232
600	8.90899
610	9.07566
620	9.24232
630	9.40899
640	9.57566
650	9.74232
660	9.90899
670	10.0757
680	10.2423
690	10.409
700	10.5757
710	10.7423
720	10.909
730	11.0757
740	11.2423
750	11.409
760	11.5757
770	11.7423
780	11.909
790	12.0757
800	12.2423
810	12.409
820	12.5757
830	12.7423
840	12.909
850	13.0757
860	13.2423
870	13.409
880	13.5757
890	13.7423
900	13.909
910	14.0757
920	14.2423
930	14.409
940	14.5757
950	14.7423
960	14.909
970	15.0757
980	15.2423
990	15.409
1000	15.5757
1010	15.7423
1020	15.909
1030	16.0757
1040	16.2423
1050	16.409
1060	16.5757
1070	16.7423
1080	16.909
1090	17.0757
74
360	5.01534
370	5.182
380	5.34867
390	5.51534
400	5.682
410	5.84867
420	6.01534
430	6.182
440	6.34867
450	6.51534
460	6.682
470	6.84867
480	7.01534
490	7.182
500	7.34867
510	7.51534
520	7.682
530	7.84867
540	8.01534
550	8.182
560	8.34867
570	8.51534
580	8.682
590	8.84867
600	9.01534
610	9.182
620	9.34867
630	9.51534
640	9.682
650	9.84867
660	10.0153
670	10.182
680	10.3487
690	10.5153
700	10.682
710	10.8487
720	11.0153
730	11.182
740	11.3487
750	11.5153
760	11.682
770	11.8487
780	12.0153
790	12.182
800	12.3487
810	12.5153
820	12.682
830	12.8487
840	13.0153
850	13.182
860	13.3487
870	13.5153
880	13.682
890	13.8487
900	14.0153
910	14.182
920	14.3487
930	14.5153
940	14.682
950	14.8487
960	15.0153
970	15.182
980	15.3487
990	15.5153
1000	15.682
1010	15.8487
1020	16.0153
1030	16.182
1040	16.3487
1050	16.5153
1060	16.682
1070	16.8487
1080	17.0153
1090	17.182
74
360	5.09498
370	5.26165
380	5.42831
390	5.59498
400	5.76165
410	5.92831
420	6.09498
430	6.26165
440	6.42831
450	6.59498
460	6.76165
470	6.92831
480	7.09498
490	7.26165
500	7.42831
510	7.59498
520	7.76165
530	7.92831
540	8.09498
550	8.26165
560	8.42831
570	8.59498
580	8.76165
590	8.92831
600	9.09498
610	9.26165
620	9.42831
630	9.59498
640	9.76165
650	9.92831
660	10.095
670	10.2616
680	10.4283
690	10.595
700	10.7616
710	10.9283
720	11.095
730	11.2616
740	11.4283
750	11.595
760	11.7616
770	11.9283
780	12.095
790	12.2616
800	12.4283
810	12.595
820	12.7616
830	12.9283
840	13.095
850	13.2616
860	13.4283
870	13.595
880	13.7616
890	13.9283
900	14.095
910	14.2616
920	14.4283
930	14.595
940	14.7616
950	14.9283
960	15.095
970	15.2616
980	15.4283
990	15.595
1000	15.7616
1010	15.9283
1020	16.095
1030	16.2616
1040	16.4283
1050	16.595
1060	16.7616
1070	16.9283
1080	17.095
1090	17.2616
74
360	5.22415
370	5.39082
380	5.55748
390	5.72415
400	5.89082
410	6.05748
420	6.22415
430	6.39082
440	6.55748
450	6.72415
460	6.89082
470	7.05748
480	7.22415
490	7.39082
500	7.55748
510	7.72415
520	7.89082
530	8.05748
540	8.22415
550	8.39082
560	8.55748
570	8.72415
580	8.89082
590	9.05748
600	9.22415
610	9.39082
620	9.55748
630	9.72415
640	9.89082
650	10.0575
660	10.2241
670	10.3908
680	10.5575
690	10.7241
700	10.8908
710	11.0575
720	11.2241
730	11.3908
740	11.5575
750	11.7241
760	11.8908
770	12.0575
780	12.2241
790	12.3908
800	12.5575
810	12.7241
820	12.8908
830	13.0575
840	13.2241
850	13.3908
860	13.5575
870	13.7241
880	13.8908
890	14.0575
900	14.2241
910	14.3908
920	14.5575
930	14.7241
940	14.8908
950	15.0575
960	15.2241
970	15.3908
980	15.5575
990	15.7241
1000	15.8908
1010	16.0575
1020	16.2241
1030	16.3908
1040	16.5575
1050	16.7241
1060	16.8908
1070	17.0575
1080	17.2241
1090	17.3908
74
360	5.30379
370	5.47046
380	5.63712
390	5.80379
400	5.97046
410	6.13712
420	6.30379
430	6.47046
440	6.63712
450	6.80379
460	6.97046
470	7.13712
480	7.30379
490	7.47046
500	7.63712
510	7.80379
520	7.97046
530	8.13712
540	8.30379
550	8.47046
560	8.63712
570	8.80379
580	8.97046
590	9.13712
600	9.30379
610	9.47046
620	9.63712
630	9.80379
640	9.97046
650	10.1371
660	10.3038
670	10.4705
680	10.6371
690	10.8038
700	10.9705
710	11.1371
720	11.3038
730	11.4705
740	11.6371
750	11.8038
760	11.9705
770	12.1371
780	12.3038
790	12.4705
800	12.6371
810	12.8038
820	12.9705
830	13.1371
840	13.3038
850	13.4705
860	13.6371
870	13.8038
880	13.9705
890	14.1371
900	14.3038
910	14.4705
920	14.6371
930	14.8038
940	14.9705
950	15.1371
960	15.3038
970	15.4705
980	15.6371
990	15.8038
1000	15.9705
1010	16.1371
1020	16.3038
1030	16.4705
1040	16.6371
1050	16.8038
1060	16.9705
1070	17.1371
1080	17.3038
1090	17.4705
74
360	5.41014
370	5.5768
380	5.74347
390	5.91014
400	6.0768
410	6.24347
420	6.41014
430	6.5768
440	6.74347
450	6.91014
460	7.0768
470	7.24347
480	7.41014
490	7.5768
500	7.74347
510	7.91014
520	8.0768
530	8.24347
540	8.41014
550	8.5768
560	8.74347
570	8.91014
580	9.0768
590	9.24347
600	9.41014
610	9.5768
620	9.74347
630	9.91014
640	10.0768
650	10.2435
660	10.4101
670	10.5768
680	10.7435
690	10.9101
700	11.0768
710	11.2435
720	11.4101
730	11.5768
740	11.7435
750	11.9101
760	12.0768
770	12.2435
780	12.4101
790	12.5768
800	12.7435
810	12.9101
820	13.0768
830	13.2435
840	13.4101
850	13.5768
860	13.7435
870	13.9101
880	14.0768
890	14.2435
900	14.4101
910	14.5768
920	14.7435
930	14.9101
940	15.0768
950	15.2435
960	15.4101
970	15.5768
980	15.7435
990	15.9101
1000	16.0768
1010	16.2435
1020	16.4101
1030	16.5768
1040	16.7435
1050	16.9101
1060	17.0768
1070	17.2435
1080	17.4101
1090	17.5768
74
360	5.51648
370	5.68315
380	5.84982
390	6.01648
400	6.18315
410	6.34982
420	6.51648
430	6.68315
440	6.84982
450	7.01648
460	7.18315
470	7.34982
480	7.51648
490	7.68315
500	7.84982
510	8.01648
520	8.18315
530	8.34982
540	8.51648
550	8.68315
560	8.84982
570	9.01648
580	9.18315
590	9.34982
600	9.51648
610	9.68315
620	9.84982
630	10.0165
640	10.1832
650	10.3498
660	10.5165
670	10.6832
680	10.8498
690	11.0165
700	11.1832
710	11.3498
720	11.5165
730	11.6832
740	11.8498
750	12.0165
760	12.1832
770	12.3498
780	12.5165
790	12.6832
800	12.8498
810	13.0165
820	13.1832
830	13.3498
840	13.5165
850	13.6832
860	13.8498
870	14.0165
880	14.1832
890	14.3498
900	14.5165
910	14.6832
920	14.8498
930	15.0165
940	15.1832
950	15.3498
960	15.5165
970	15.6832
980	15.8498
990	16.0165
1000	16.1832
1010	16.3498
1020	16.5165
1030	16.6832
1040	16.8498
1050	17.0165
1060	17.1832
1070	17.3498
1080	17.5165
1090	17.6832
74
360	5.61895
370	5.78561
380	5.95228
390	6.11895
400	6.28561
410	6.45228
420	6.61895
430	6.78561
440	6.95228
450	7.11895
460	7.28561
470	7.45228
480	7.61895
490	7.78561
500	7.95228
510	8.11895
520	8.28561
530	8.45228
540	8.61895
550	8.78561
560	8.95228
570	9.11895
580	9.28561
590	9.45228
600	9.61895
610	9.78561
620	9.95228
630	10.1189
640	10.2856
650	10.4523
660	10.6189
670	10.7856
680	10.9523
690	11.1189
700	11.2856
710	11.4523
720	11.6189
730	11.7856
740	11.9523
750	12.1189
760	12.2856
770	12.4523
780	12.6189
790	12.7856
800	12.9523
810	13.1189
820	13.2856
830	13.4523
840	13.6189
850	13.7856
860	13.9523
870	14.1189
880	14.2856
890	14.4523
900	14.6189
910	14.7856
920	14.9523
930	15.1189
940	15.2856
950	15.4523
960	15.6189
970	15.7856
980	15.9523
990	16.1189
1000	16.2856
1010	16.4523
1020	16.6189
1030	16.7856
1040	16.9523
1050	17.1189
1060	17.2856
1070	17.4523
1080	17.6189
1090	17.7856
74
360	5.72529
370	5.89196
380	6.05863
390	6.22529
400	6.39196
410	6.55863
420	6.72529
430	6.89196
440	7.05863
450	7.22529
460	7.39196
470	7.55863
480	7.72529
490	7.89196
500	8.05863
510	8.22529
520	8.39196
530	8.55863
540	8.72529
550	8.89196
560	9.05863
570	9.22529
580	9.39196
590	9.55863
600	9.72529
610	9.89196
620	10.0586
630	10.2253
640	10.392
650	10.5586
660	10.7253
670	10.892
680	11.0586
690	11.2253
700	11.392
710	11.5586
720	11.7253
730	11.892
740	12.0586
750	12.2253
760	12.392
770	12.5586
780	12.7253
790	12.892
800	13.0586
810	13.2253
820	13.392
830	13.5586
840	13.7253
850	13.892
860	14.0586
870	14.2253
880	14.392
890	14.5586
900	14.7253
910	14.892
920	15.0586
930	15.2253
940	15.392
950	15.5586
960	15.7253
970	15.892
980	16.0586
990	16.2253
1000	16.392
1010	16.5586
1020	16.7253
1030	16.892
1040	17.0586
1050	17.2253
1060	17.392
1070	17.5586
1080	17.7253
1090	17.892
74
360	5.85058
370	6.01725
380	6.18391
390	6.35058
400	6.51725
410	6.68391
420	6.85058
430	7.01725
440	7.18391
450	7.35058
460	7.51725
470	7.68391
480	7.85058
490	8.01725
500	8.18391
510	8.35058
520	8.51725
530	8.68391
540	8.85058
550	9.01725
560	9.18391
570	9.35058
580	9.51725
590	9.68391
600	9.85058
610	10.0172
620	10.1839
630	10.3506
640	10.5172
650	10.6839
660	10.8506
670	11.0172
680	11.1839
690	11.3506
700	11.5172
710	11.6839
720	11.8506
730	12.0172
740	12.1839
750	12.3506
760	12.5172
770	12.6839
780	12.8506
790	13.0172
800	13.1839
810	13.3506
820	13.5172
830	13.6839
840	13.8506
850	14.0172
860	14.1839
870	14.3506
880	14.5172
890	14.6839
900	14.8506
910	15.0172
920	15.1839
930	15.3506
940	15.5172
950	15.6839
960	15.8506
970	16.0172
980	16.1839
990	16.3506
1000	16.5172
1010	16.6839
1020	16.8506
1030	17.0172
1040	17.1839
1050	17.3506
1060	17.5172
1070	17.6839
1080	17.8506
1090	18.0172
74
360	5.97587
370	6.14253
380	6.3092
390	6.47587
400	6.64253
410	6.8092
420	6.97587
430	7.14253
440	7.3092
450	7.47587
460	7.64253
470	7.8092
480	7.97587
490	8.14253
500	8.3092
510	8.47587
520	8.64253
530	8.8092
540	8.97587
550	9.14253
560	9.3092
570	9.47587
580	9.64253
590	9.8092
600	9.97587
610	10.1425
620	10.3092
630	10.4759
640	10.6425
650	10.8092
660	10.9759
670	11.1425
680	11.3092
690	11.4759
700	11.6425
710	11.8092
720	11.9759
730	12.1425
740	12.3092
750	12.4759
760	12.6425
770	12.8092
780	12.9759
790	13.1425
800	13.3092
810	13.4759
820	13.6425
830	13.8092
840	13.9759
850	14.1425
860	14.3092
870	14.4759
880	14.6425
890	14.8092
900	14.9759
910	15.1425
920	15.3092
930	15.4759
940	15.6425
950	15.8092
960	15.9759
970	16.1425
980	16.3092
990	16.4759
1000	16.6425
1010	16.8092
1020	16.9759
1030	17.1425
1040	17.3092
1050	17.4759
1060	17.6425
1070	17.8092
1080	17.9759
1090	18.1425
74
360	6.05551
370	6.22217
380	6.38884
390	6.55551
400	6.72217
410	6.88884
420	7.05551
430	7.22217
440	7.38884
450	7.55551
460	7.72217
470	7.88884
480	8.05551
490	8.22217
500	8.38884
510	8.55551
520	8.72217
530	8.88884
540	9.05551
550	9.22217
560	9.38884
570	9.55551
580	9.72217
590	9.88884
600	10.0555
610	10.2222
620	10.3888
630	10.5555
640	10.7222
650	10.8888
660	11.0555
670	11.2222
680	11.3888
690	11.5555
700	11.7222
710	11.8888
720	12.0555
730	12.2222
740	12.3888
750	12.5555
760	12.7222
770	12.8888
780	13.0555
790	13.2222
800	13.3888
810	13.5555
820	13.7222
830	13.8888
840	14.0555
850	14.2222
860	14.3888
870	14.5555
880	14.7222
890	14.8888
900	15.0555
910	15.2222
920	15.3888
930	15.5555
940	15.7222
950	15.8888
960	16.0555
970	16.2222
980	16.3888
990	16.5555
1000	16.7222
1010	16.8888
1020	17.0555
1030	17.2222
1040	17.3888
1050	17.5555
1060	17.7222
1070	17.8888
1080	18.0555
1090	18.2222
