142
1
1090	0.144306
2
1080	0.144688
1090	0.311354
3
1070	0.145069
1080	0.311736
1090	0.478403
4
1060	0.145451
1070	0.312118
1080	0.478785
1090	0.645451
5
1050	0.145833
1060	0.3125
1070	0.479166
1080	0.645833
1090	0.8125
6
1040	0.146215
1050	0.312882
1060	0.479548
1070	0.646215
1080	0.812882
1090	0.979548
7
1030	0.146597
1040	0.313263
1050	0.47993
1060	0.646597
1070	0.813263
1080	0.97993
1090	1.1466
8
1020	0.146979
1030	0.313645
1040	0.480312
1050	0.646979
1060	0.813645
1070	0.980312
1080	1.14698
1090	1.31365
9
1010	0.14736
1020	0.314027
1030	0.480694
1040	0.64736
1050	0.814027
1060	0.980694
1070	1.14736
1080	1.31403
1090	1.48069
10
1000	0.147742
1010	0.314409
1020	0.481076
1030	0.647742
1040	0.814409
1050	0.981076
1060	1.14774
1070	1.31441
1080	1.48108
1090	1.64774
11
990	0.148124
1000	0.314791
1010	0.481457
1020	0.648124
1030	0.814791
1040	0.981457
1050	1.14812
1060	1.31479
1070	1.48146
1080	1.64812
1090	1.81479
12
980	0.148506
990	0.315173
1000	0.481839
1010	0.648506
1020	0.815173
1030	0.981839
1040	1.14851
1050	1.31517
1060	1.48184
1070	1.64851
1080	1.81517
1090	1.98184
13
970	0.148888
980	0.315554
990	0.482221
1000	0.648888
1010	0.815554
1020	0.982221
1030	1.14889
1040	1.31555
1050	1.48222
1060	1.64889
1070	1.81555
1080	1.98222
1090	2.14889
14
960	0.14927
970	0.315936
980	0.482603
990	0.64927
1000	0.815936
1010	0.982603
1020	1.14927
1030	1.31594
1040	1.4826
1050	1.64927
1060	1.81594
1070	1.9826
1080	2.14927
1090	2.31594
15
950	0.149651
960	0.316318
970	0.482985
980	0.649651
990	0.816318
1000	0.982985
1010	1.14965
1020	1.31632
1030	1.48298
1040	1.64965
1050	1.81632
1060	1.98298
1070	2.14965
1080	2.31632
1090	2.48298
16
940	0.150033
950	0.3167
960	0.483367
970	0.650033
980	0.8167
990	0.983367
1000	1.15003
1010	1.3167
1020	1.48337
1030	1.65003
1040	1.8167
1050	1.98337
1060	2.15003
1070	2.3167
1080	2.48337
1090	2.65003
17
930	0.150415
940	0.317082
950	0.483748
960	0.650415
970	0.817082
980	0.983748
990	1.15041
1000	1.31708
1010	1.48375
1020	1.65041
1030	1.81708
1040	1.98375
1050	2.15041
1060	2.31708
1070	2.48375
1080	2.65041
1090	2.81708
18
920	0.150797
930	0.317463
940	0.48413
950	0.650797
960	0.817463
970	0.98413
980	1.1508
990	1.31746
1000	1.48413
1010	1.6508
1020	1.81746
1030	1.98413
1040	2.1508
1050	2.31746
1060	2.48413
1070	2.6508
1080	2.81746
1090	2.98413
19
910	0.151179
920	0.317845
930	0.484512
940	0.651179
950	0.817845
960	0.984512
970	1.15118
980	1.31785
990	1.48451
1000	1.65118
1010	1.81785
1020	1.98451
1030	2.15118
1040	2.31785
1050	2.48451
1060	2.65118
1070	2.81785
1080	2.98451
1090	3.15118
20
900	0.15156
910	0.318227
920	0.484894
930	0.65156
940	0.818227
950	0.984894
960	1.15156
970	1.31823
980	1.48489
990	1.65156
1000	1.81823
1010	1.98489
1020	2.15156
1030	2.31823
1040	2.48489
1050	2.65156
1060	2.81823
1070	2.98489
1080	3.15156
1090	3.31823
21
890	0.151942
900	0.318609
910	0.485276
920	0.651942
930	0.818609
940	0.985276
950	1.15194
960	1.31861
970	1.48528
980	1.65194
990	1.81861
1000	1.98528
1010	2.15194
1020	2.31861
1030	2.48528
1040	2.65194
1050	2.81861
1060	2.98528
1070	3.15194
1080	3.31861
1090	3.48528
22
880	0.152324
890	0.318991
900	0.485657
910	0.652324
920	0.818991
930	0.985657
940	1.15232
950	1.31899
960	1.48566
970	1.65232
980	1.81899
990	1.98566
1000	2.15232
1010	2.31899
1020	2.48566
1030	2.65232
1040	2.81899
1050	2.98566
1060	3.15232
1070	3.31899
1080	3.48566
1090	3.65232
23
870	0.152706
880	0.319373
890	0.486039
900	0.652706
910	0.819373
920	0.986039
930	1.15271
940	1.31937
950	1.48604
960	1.65271
970	1.81937
980	1.98604
990	2.15271
1000	2.31937
1010	2.48604
1020	2.65271
1030	2.81937
1040	2.98604
1050	3.15271
1060	3.31937
1070	3.48604
1080	3.65271
1090	3.81937
24
860	0.153088
870	0.319754
880	0.486421
890	0.653088
900	0.819754
910	0.986421
920	1.15309
930	1.31975
940	1.48642
950	1.65309
960	1.81975
970	1.98642
980	2.15309
990	2.31975
1000	2.48642
1010	2.65309
1020	2.81975
1030	2.98642
1040	3.15309
1050	3.31975
1060	3.48642
1070	3.65309
1080	3.81975
1090	3.98642
25
850	0.15347
860	0.320136
870	0.486803
880	0.65347
890	0.820136
900	0.986803
910	1.15347
920	1.32014
930	1.4868
940	1.65347
950	1.82014
960	1.9868
970	2.15347
980	2.32014
990	2.4868
1000	2.65347
1010	2.82014
1020	2.9868
1030	3.15347
1040	3.32014
1050	3.4868
1060	3.65347
1070	3.82014
1080	3.9868
1090	4.15347
26
840	0.153851
850	0.320518
860	0.487185
870	0.653851
880	0.820518
890	0.987185
900	1.15385
910	1.32052
920	1.48718
930	1.65385
940	1.82052
950	1.98718
960	2.15385
970	2.32052
980	2.48718
990	2.65385
1000	2.82052
1010	2.98718
1020	3.15385
1030	3.32052
1040	3.48718
1050	3.65385
1060	3.82052
1070	3.98718
1080	4.15385
1090	4.32052
27
830	0.154233
840	0.3209
850	0.487567
860	0.654233
870	0.8209
880	0.987567
890	1.15423
900	1.3209
910	1.48757
920	1.65423
930	1.8209
940	1.98757
950	2.15423
960	2.3209
970	2.48757
980	2.65423
990	2.8209
1000	2.98757
1010	3.15423
1020	3.3209
1030	3.48757
1040	3.65423
1050	3.8209
1060	3.98757
1070	4.15423
1080	4.3209
1090	4.48757
28
820	0.154615
830	0.321282
840	0.487948
850	0.654615
860	0.821282
870	0.987948
880	1.15462
890	1.32128
900	1.48795
910	1.65462
920	1.82128
930	1.98795
940	2.15462
950	2.32128
960	2.48795
970	2.65462
980	2.82128
990	2.98795
1000	3.15462
1010	3.32128
1020	3.48795
1030	3.65462
1040	3.82128
1050	3.98795
1060	4.56542
1070	4.73209
1080	4.89876
1090	5.06542
29
810	0.154997
820	0.321664
830	0.48833
840	0.654997
850	0.821664
860	0.98833
870	1.155
880	1.32166
890	1.48833
900	1.655
910	1.82166
920	1.98833
930	2.155
940	2.32166
950	2.48833
960	2.655
970	2.82166
980	2.98833
990	3.155
1000	3.32166
1010	3.48833
1020	3.655
1030	3.82166
1040	3.98833
1050	4.155
1060	4.64118
1070	4.80785
1080	4.97452
1090	5.14118
30
800	0.155379
810	0.322045
820	0.488712
830	0.655379
840	0.822045
850	0.988712
860	1.15538
870	1.32205
880	1.48871
890	1.65538
900	1.82205
910	1.98871
920	2.15538
930	2.32205
940	2.48871
950	2.65538
960	2.82205
970	2.98871
980	3.15538
990	3.32205
1000	3.48871
1010	3.65538
1020	3.82205
1030	3.98871
1040	4.15538
1050	4.55027
1060	4.71694
1070	4.88361
1080	5.05027
1090	5.21694
31
790	0.155761
800	0.322427
810	0.489094
820	0.655761
830	0.822427
840	0.989094
850	1.15576
860	1.32243
870	1.48909
880	1.65576
890	1.82243
900	1.98909
910	2.15576
920	2.32243
930	2.48909
940	2.65576
950	2.82243
960	2.98909
970	3.15576
980	3.32243
990	3.48909
1000	3.65576
1010	3.82243
1020	3.98909
1030	4.15576
1040	4.32243
1050	4.62603
1060	4.7927
1070	4.95936
1080	5.12603
1090	5.2927
32
780	0.156142
790	0.322809
800	0.489476
810	0.656142
820	0.822809
830	0.989476
840	1.15614
850	1.32281
860	1.48948
870	1.65614
880	1.82281
890	1.98948
900	2.15614
910	2.32281
920	2.48948
930	2.65614
940	2.82281
950	2.98948
960	3.15614
970	3.32281
980	3.48948
990	3.65614
1000	3.82281
1010	3.98948
1020	4.15614
1030	4.32281
1040	4.48948
1050	4.70179
1060	4.86845
1070	5.03512
1080	5.20179
1090	5.36845
33
770	0.156524
780	0.323191
790	0.489858
800	0.656524
810	0.823191
820	0.989858
830	1.15652
840	1.32319
850	1.48986
860	1.65652
870	1.82319
880	1.98986
890	2.15652
900	2.32319
910	2.48986
920	2.65652
930	2.82319
940	2.98986
950	3.15652
960	3.32319
970	3.48986
980	3.65652
990	3.82319
1000	3.98986
1010	4.15652
1020	4.32319
1030	4.48986
1040	4.65652
1050	4.82319
1060	4.98986
1070	5.15652
1080	5.32319
1090	5.48986
34
760	0.156906
770	0.323573
780	0.490239
790	0.656906
800	0.823573
810	0.990239
820	1.15691
830	1.32357
840	1.49024
850	1.65691
860	1.82357
870	1.99024
880	2.15691
890	2.32357
900	2.49024
910	2.65691
920	2.82357
930	2.99024
940	3.15691
950	3.32357
960	3.49024
970	3.65691
980	3.82357
990	3.99024
1000	4.15691
1010	4.32357
1020	4.49024
1030	4.67973
1040	4.8464
1050	5.01306
1060	5.17973
1070	5.3464
1080	5.51306
1090	5.67973
35
750	0.157288
760	0.323954
770	0.490621
780	0.657288
790	0.823954
800	0.990621
810	1.15729
820	1.32395
830	1.49062
840	1.65729
850	1.82395
860	1.99062
870	2.15729
880	2.32395
890	2.49062
900	2.65729
910	2.82395
920	2.99062
930	3.15729
940	3.32395
950	3.49062
960	3.65729
970	3.82395
980	3.99062
990	4.15729
1000	4.32395
1010	4.49062
1020	4.68011
1030	4.84678
1040	5.01344
1050	5.18011
1060	5.34678
1070	5.51344
1080	5.68011
1090	5.84678
36
740	0.15767
750	0.324336
760	0.491003
770	0.65767
780	0.824336
790	0.991003
800	1.15767
810	1.32434
820	1.491
830	1.65767
840	1.82434
850	1.991
860	2.15767
870	2.32434
880	2.491
890	2.65767
900	2.82434
910	2.991
920	3.15767
930	3.32434
940	3.491
950	3.65767
960	3.82434
970	3.991
980	4.56848
990	4.73515
1000	4.90181
1010	5.06848
1020	5.23515
1030	5.40181
1040	5.56848
1050	5.73515
1060	5.90181
1070	6.06848
1080	6.23515
1090	6.40181
37
730	0.158051
740	0.324718
750	0.491385
760	0.658051
770	0.824718
780	0.991385
790	1.15805
800	1.32472
810	1.49138
820	1.65805
830	1.82472
840	1.99138
850	2.15805
860	2.32472
870	2.49138
880	2.65805
890	2.82472
900	2.99138
910	3.15805
920	3.32472
930	3.49138
940	3.65805
950	3.82472
960	3.99138
970	4.15805
980	4.64424
990	4.8109
1000	4.97757
1010	5.14424
1020	5.3109
1030	5.47757
1040	5.64424
1050	5.8109
1060	5.97757
1070	6.14424
1080	6.3109
1090	6.47757
38
720	0.158433
730	0.3251
740	0.491767
750	0.658433
760	0.8251
770	0.991767
780	1.15843
790	1.3251
800	1.49177
810	1.65843
820	1.8251
830	1.99177
840	2.15843
850	2.3251
860	2.49177
870	2.65843
880	2.8251
890	2.99177
900	3.15843
910	3.3251
920	3.49177
930	3.65843
940	3.8251
950	3.99177
960	4.15843
970	4.55333
980	4.71999
990	4.88666
1000	5.05333
1010	5.21999
1020	5.38666
1030	5.55333
1040	5.71999
1050	5.88666
1060	6.05333
1070	6.21999
1080	6.38666
1090	6.55333
39
710	0.158815
720	0.325482
730	0.492148
740	0.658815
750	0.825482
760	0.992148
770	1.15882
780	1.32548
790	1.49215
800	1.65882
810	1.82548
820	1.99215
830	2.15882
840	2.32548
850	2.49215
860	2.65882
870	2.82548
880	2.99215
890	3.15882
900	3.32548
910	3.49215
920	3.65882
930	3.82548
940	3.99215
950	4.15882
960	4.32548
970	4.62908
980	4.79575
990	4.96242
1000	5.12908
1010	5.29575
1020	5.46242
1030	5.62908
1040	5.79575
1050	5.96242
1060	6.12908
1070	6.29575
1080	6.46242
1090	6.62908
40
700	0.159197
710	0.325864
720	0.49253
730	0.659197
740	0.825864
750	0.99253
760	1.1592
770	1.32586
780	1.49253
790	1.6592
800	1.82586
810	1.99253
820	2.1592
830	2.32586
840	2.49253
850	2.6592
860	2.82586
870	2.99253
880	3.1592
890	3.32586
900	3.49253
910	3.6592
920	3.82586
930	3.99253
940	4.1592
950	4.32586
960	4.49253
970	4.70484
980	4.87151
990	5.03818
1000	5.20484
1010	5.37151
1020	5.53818
1030	5.70484
1040	5.87151
1050	6.03818
1060	6.20484
1070	6.37151
1080	6.53818
1090	6.70484
41
690	0.159579
700	0.326245
710	0.492912
720	0.659579
730	0.826245
740	0.992912
750	1.15958
760	1.32625
770	1.49291
780	1.65958
790	1.82625
800	1.99291
810	2.15958
820	2.32625
830	2.49291
840	2.65958
850	2.82625
860	2.99291
870	3.15958
880	3.32625
890	3.49291
900	3.65958
910	3.82625
920	3.99291
930	4.15958
940	4.32625
950	4.49291
960	4.65958
970	4.82625
980	4.99291
990	5.15958
1000	5.32625
1010	5.49291
1020	5.65958
1030	5.82625
1040	5.99291
1050	6.15958
1060	6.32625
1070	6.49291
1080	6.65958
1090	6.82625
42
680	0.159961
690	0.326627
700	0.493294
710	0.659961
720	0.826627
730	0.993294
740	1.15996
750	1.32663
760	1.49329
770	1.65996
780	1.82663
790	1.99329
800	2.15996
810	2.32663
820	2.49329
830	2.65996
840	2.82663
850	2.99329
860	3.15996
870	3.32663
880	3.49329
890	4.55005
900	4.71671
910	4.88338
920	5.05005
930	5.21671
940	5.38338
950	5.55005
960	5.71671
970	5.88338
980	6.05005
990	6.21671
1000	6.38338
1010	6.55005
1020	6.71671
1030	6.88338
1040	7.05005
1050	7.21671
1060	7.38338
1070	7.55005
1080	7.71671
1090	7.88338
43
670	0.160342
680	0.327009
690	0.493676
700	0.660342
710	0.827009
720	0.993676
730	1.16034
740	1.32701
750	1.49368
760	1.66034
770	1.82701
780	1.99368
790	2.16034
800	2.32701
810	2.49368
820	2.66034
830	2.82701
840	2.99368
850	3.16034
860	3.32701
870	3.49368
880	3.66034
890	4.6258
900	4.79247
910	4.95914
920	5.1258
930	5.29247
940	5.45914
950	5.6258
960	5.79247
970	5.95914
980	6.1258
990	6.29247
1000	6.45914
1010	6.6258
1020	6.79247
1030	6.95914
1040	7.1258
1050	7.29247
1060	7.45914
1070	7.6258
1080	7.79247
1090	7.95914
44
660	0.160724
670	0.327391
680	0.494058
690	0.660724
700	0.827391
710	0.994058
720	1.16072
730	1.32739
740	1.49406
750	1.66072
760	1.82739
770	1.99406
780	2.16072
790	2.32739
800	2.49406
810	2.66072
820	2.82739
830	2.99406
840	3.16072
850	3.32739
860	3.49406
870	3.66072
880	4.5349
890	4.70156
900	4.86823
910	5.0349
920	5.20156
930	5.36823
940	5.5349
950	5.70156
960	5.86823
970	6.0349
980	6.20156
990	6.36823
1000	6.5349
1010	6.70156
1020	6.86823
1030	7.0349
1040	7.20156
1050	7.36823
1060	7.5349
1070	7.70156
1080	7.86823
1090	8.0349
45
650	0.161106
660	0.327773
670	0.494439
680	0.661106
690	0.827773
700	0.994439
710	1.16111
720	1.32777
730	1.49444
740	1.66111
750	1.82777
760	1.99444
770	2.16111
780	2.32777
790	2.49444
800	2.66111
810	2.82777
820	2.99444
830	3.16111
840	3.32777
850	3.49444
860	3.66111
870	3.82777
880	4.61065
890	4.77732
900	4.94399
910	5.11065
920	5.27732
930	5.44399
940	5.61065
950	5.77732
960	5.94399
970	6.11065
980	6.27732
990	6.44399
1000	6.61065
1010	6.77732
1020	6.94399
1030	7.11065
1040	7.27732
1050	7.44399
1060	7.61065
1070	7.77732
1080	7.94399
1090	8.11065
46
640	0.161488
650	0.328155
660	0.494821
670	0.661488
680	0.828155
690	0.994821
700	1.16149
710	1.32815
720	1.49482
730	1.66149
740	1.82815
750	1.99482
760	2.16149
770	2.32815
780	2.49482
790	2.66149
800	2.82815
810	2.99482
820	3.16149
830	3.32815
840	3.49482
850	3.66149
860	3.82815
870	3.99482
880	4.68641
890	4.85308
900	5.01974
910	5.18641
920	5.35308
930	5.51974
940	5.68641
950	5.85308
960	6.01974
970	6.18641
980	6.35308
990	6.51974
1000	6.68641
1010	6.85308
1020	7.01974
1030	7.18641
1040	7.35308
1050	7.51974
1060	7.68641
1070	7.85308
1080	8.01974
1090	8.18641
47
630	0.16187
640	0.328536
650	0.495203
660	0.66187
670	0.828536
680	0.995203
690	1.16187
700	1.32854
710	1.4952
720	1.66187
730	1.82854
740	1.9952
750	2.16187
760	2.32854
770	2.4952
780	2.66187
790	2.82854
800	2.9952
810	3.16187
820	3.32854
830	3.4952
840	3.66187
850	3.82854
860	3.9952
870	4.5955
880	4.76217
890	4.92883
900	5.0955
910	5.26217
920	5.42883
930	5.5955
940	5.76217
950	5.92883
960	6.0955
970	6.26217
980	6.42883
990	6.5955
1000	6.76217
1010	6.92883
1020	7.0955
1030	7.26217
1040	7.42883
1050	7.5955
1060	7.76217
1070	7.92883
1080	8.0955
1090	8.26217
48
620	0.162252
630	0.328918
640	0.495585
650	0.662252
660	0.828918
670	0.995585
680	1.16225
690	1.32892
700	1.49558
710	1.66225
720	1.82892
730	1.99558
740	2.16225
750	2.32892
760	2.49558
770	2.66225
780	2.82892
790	2.99558
800	3.16225
810	3.32892
820	3.49558
830	3.66225
840	3.82892
850	3.99558
860	4.16225
870	4.67126
880	4.83793
890	5.00459
900	5.17126
910	5.33793
920	5.50459
930	5.67126
940	5.83793
950	6.00459
960	6.17126
970	6.33793
980	6.50459
990	6.67126
1000	6.83793
1010	7.00459
1020	7.17126
1030	7.33793
1040	7.50459
1050	7.67126
1060	7.83793
1070	8.00459
1080	8.17126
1090	8.33793
49
610	0.162633
620	0.3293
630	0.495967
640	0.662633
650	0.8293
660	0.995967
670	1.16263
680	1.3293
690	1.49597
700	1.66263
710	1.8293
720	1.99597
730	2.16263
740	2.3293
750	2.49597
760	2.66263
770	2.8293
780	2.99597
790	3.16263
800	3.3293
810	3.49597
820	3.66263
830	3.8293
840	3.99597
850	4.16263
860	4.58035
870	4.74702
880	4.91368
890	5.08035
900	5.24702
910	5.41368
920	5.58035
930	5.74702
940	5.91368
950	6.08035
960	6.24702
970	6.41368
980	6.58035
990	6.74702
1000	6.91368
1010	7.08035
1020	7.24702
1030	7.41368
1040	7.58035
1050	7.74702
1060	7.91368
1070	8.08035
1080	8.24702
1090	8.41368
50
600	0.163015
610	0.329682
620	0.496349
630	0.663015
640	0.829682
650	0.996349
660	1.16302
670	1.32968
680	1.49635
690	1.66302
700	1.82968
710	1.99635
720	2.16302
730	2.32968
740	2.49635
750	2.66302
760	2.82968
770	2.99635
780	3.16302
790	3.32968
800	3.49635
810	3.66302
820	3.82968
830	3.99635
840	4.16302
850	4.32968
860	4.65611
870	4.82277
880	4.98944
890	5.15611
900	5.32277
910	5.48944
920	5.65611
930	5.82277
940	5.98944
950	6.15611
960	6.32277
970	6.48944
980	6.65611
990	6.82277
1000	6.98944
1010	7.15611
1020	7.32277
1030	7.48944
1040	7.65611
1050	7.82277
1060	7.98944
1070	8.15611
1080	8.32277
1090	8.48944
51
590	0.163397
600	0.330064
610	0.49673
620	0.663397
630	0.830064
640	0.99673
650	1.1634
660	1.33006
670	1.49673
680	1.6634
690	1.83006
700	1.99673
710	2.1634
720	2.33006
730	2.49673
740	2.6634
750	2.83006
760	2.99673
770	3.1634
780	3.33006
790	3.49673
800	3.6634
810	3.83006
820	3.99673
830	4.1634
840	4.33006
850	4.5652
860	4.73187
870	4.89853
880	5.0652
890	5.23187
900	5.39853
910	5.5652
920	5.73187
930	5.89853
940	6.0652
950	6.23187
960	6.39853
970	6.5652
980	6.73187
990	6.89853
1000	7.0652
1010	7.23187
1020	7.39853
1030	7.5652
1040	7.73187
1050	7.89853
1060	8.0652
1070	8.23187
1080	8.39853
1090	8.5652
52
580	0.163779
590	0.330446
600	0.497112
610	0.663779
620	0.830446
630	0.997112
640	1.16378
650	1.33045
660	1.49711
670	1.66378
680	1.83045
690	1.99711
700	2.16378
710	2.33045
720	2.49711
730	2.66378
740	2.83045
750	2.99711
760	3.16378
770	3.33045
780	3.49711
790	3.66378
800	3.83045
810	3.99711
820	4.16378
830	4.33045
840	4.49711
850	4.66378
860	4.83045
870	4.99711
880	5.16378
890	5.33045
900	5.49711
910	5.66378
920	5.83045
930	5.99711
940	6.16378
950	6.33045
960	6.49711
970	6.66378
980	6.83045
990	6.99711
1000	7.16378
1010	7.33045
1020	7.49711
1030	7.66378
1040	7.83045
1050	7.99711
1060	8.16378
1070	8.33045
1080	8.49711
1090	8.66378
53
570	0.164161
580	0.330827
590	0.497494
600	0.664161
610	0.830827
620	0.997494
630	1.16416
640	1.33083
650	1.49749
660	1.66416
670	1.83083
680	1.99749
690	2.16416
700	2.33083
710	2.49749
720	2.66416
730	2.83083
740	2.99749
750	3.16416
760	3.33083
770	3.49749
780	4.57707
790	4.74374
800	4.9104
810	5.07707
820	5.24374
830	5.4104
840	5.57707
850	5.74374
860	5.9104
870	6.07707
880	6.24374
890	6.4104
900	6.57707
910	6.74374
920	6.9104
930	7.07707
940	7.24374
950	7.4104
960	7.57707
970	7.74374
980	7.9104
990	8.07707
1000	8.24374
1010	8.4104
1020	8.57707
1030	8.74374
1040	8.9104
1050	9.07707
1060	9.24374
1070	9.4104
1080	9.57707
1090	9.74374
54
560	0.164542
570	0.331209
580	0.497876
590	0.664542
600	0.831209
610	0.997876
620	1.16454
630	1.33121
640	1.49788
650	1.66454
660	1.83121
670	1.99788
680	2.16454
690	2.33121
700	2.49788
710	2.66454
720	2.83121
730	2.99788
740	3.16454
750	3.33121
760	3.49788
770	3.66454
780	4.65283
790	4.81949
800	4.98616
810	5.15283
820	5.31949
830	5.48616
840	5.65283
850	5.81949
860	5.98616
870	6.15283
880	6.31949
890	6.48616
900	6.65283
910	6.81949
920	6.98616
930	7.15283
940	7.31949
950	7.48616
960	7.65283
970	7.81949
980	7.98616
990	8.15283
1000	8.31949
1010	8.48616
1020	8.65283
1030	8.81949
1040	8.98616
1050	9.15283
1060	9.31949
1070	9.48616
1080	9.65283
1090	9.81949
55
550	0.164924
560	0.331591
570	0.498258
580	0.664924
590	0.831591
600	0.998258
610	1.16492
620	1.33159
630	1.49826
640	1.66492
650	1.83159
660	1.99826
670	2.16492
680	2.33159
690	2.49826
700	2.66492
710	2.83159
720	2.99826
730	3.16492
740	3.33159
750	3.49826
760	3.66492
770	4.56192
780	4.72858
790	4.89525
800	5.06192
810	5.22858
820	5.39525
830	5.56192
840	5.72858
850	5.89525
860	6.06192
870	6.22858
880	6.39525
890	6.56192
900	6.72858
910	6.89525
920	7.06192
930	7.22858
940	7.39525
950	7.56192
960	7.72858
970	7.89525
980	8.06192
990	8.22858
1000	8.39525
1010	8.56192
1020	8.72858
1030	8.89525
1040	9.06192
1050	9.22858
1060	9.39525
1070	9.56192
1080	9.72858
1090	9.89525
56
540	0.165306
550	0.331973
560	0.498639
570	0.665306
580	0.831973
590	0.998639
600	1.16531
610	1.33197
620	1.49864
630	1.66531
640	1.83197
650	1.99864
660	2.16531
670	2.33197
680	2.49864
690	2.66531
700	2.83197
710	2.99864
720	3.16531
730	3.33197
740	3.49864
750	3.66531
760	3.83197
770	4.63768
780	4.80434
790	4.97101
800	5.13768
810	5.30434
820	5.47101
830	5.63768
840	5.80434
850	5.97101
860	6.13768
870	6.30434
880	6.47101
890	6.63768
900	6.80434
910	6.97101
920	7.13768
930	7.30434
940	7.47101
950	7.63768
960	7.80434
970	7.97101
980	8.13768
990	8.30434
1000	8.47101
1010	8.63768
1020	8.80434
1030	8.97101
1040	9.13768
1050	9.30434
1060	9.47101
1070	9.63768
1080	9.80434
1090	9.97101
57
530	0.165688
540	0.332355
550	0.499021
560	0.665688
570	0.832355
580	0.999021
590	1.16569
600	1.33235
610	1.49902
620	1.66569
630	1.83235
640	1.99902
650	2.16569
660	2.33235
670	2.49902
680	2.66569
690	2.83235
700	2.99902
710	3.16569
720	3.33235
730	3.49902
740	3.66569
750	3.83235
760	4.54677
770	4.71343
780	4.8801
790	5.04677
800	5.21343
810	5.3801
820	5.54677
830	5.71343
840	5.8801
850	6.04677
860	6.21343
870	6.3801
880	6.54677
890	6.71343
900	6.8801
910	7.04677
920	7.21343
930	7.3801
940	7.54677
950	7.71343
960	7.8801
970	8.04677
980	8.21343
990	8.3801
1000	8.54677
1010	8.71343
1020	8.8801
1030	9.04677
1040	9.21343
1050	9.3801
1060	9.54677
1070	9.71343
1080	9.8801
1090	10.0468
58
520	0.16607
530	0.332736
540	0.499403
550	0.66607
560	0.832736
570	0.999403
580	1.16607
590	1.33274
600	1.4994
610	1.66607
620	1.83274
630	1.9994
640	2.16607
650	2.33274
660	2.4994
670	2.66607
680	2.83274
690	2.9994
700	3.16607
710	3.33274
720	3.4994
730	3.66607
740	3.83274
750	3.9994
760	4.62252
770	4.78919
780	4.95586
790	5.12252
800	5.28919
810	5.45586
820	5.62252
830	5.78919
840	5.95586
850	6.12252
860	6.28919
870	6.45586
880	6.62252
890	6.78919
900	6.95586
910	7.12252
920	7.28919
930	7.45586
940	7.62252
950	7.78919
960	7.95586
970	8.12252
980	8.28919
990	8.45586
1000	8.62252
1010	8.78919
1020	8.95586
1030	9.12252
1040	9.28919
1050	9.45586
1060	9.62252
1070	9.78919
1080	9.95586
1090	10.1225
59
510	0.166452
520	0.333118
530	0.499785
540	0.666452
550	0.833118
560	0.999785
570	1.16645
580	1.33312
590	1.49978
600	1.66645
610	1.83312
620	1.99978
630	2.16645
640	2.33312
650	2.49978
660	2.66645
670	2.83312
680	2.99978
690	3.16645
700	3.33312
710	3.49978
720	3.66645
730	3.83312
740	3.99978
750	4.16645
760	4.69828
770	4.86495
780	5.03162
790	5.19828
800	5.36495
810	5.53162
820	5.69828
830	5.86495
840	6.03162
850	6.19828
860	6.36495
870	6.53162
880	6.69828
890	6.86495
900	7.03162
910	7.19828
920	7.36495
930	7.53162
940	7.69828
950	7.86495
960	8.03162
970	8.19828
980	8.36495
990	8.53162
1000	8.69828
1010	8.86495
1020	9.03162
1030	9.19828
1040	9.36495
1050	9.53162
1060	9.69828
1070	9.86495
1080	10.0316
1090	10.1983
60
500	0.125071
510	0.291738
520	0.458405
530	0.625071
540	0.791738
550	0.958405
560	1.12507
570	1.29174
580	1.4584
590	1.62507
600	1.79174
610	1.9584
620	2.12507
630	2.29174
640	2.4584
650	2.62507
660	2.79174
670	2.9584
680	3.12507
690	3.29174
700	3.4584
710	3.62507
720	3.79174
730	3.9584
740	4.12507
750	4.58843
760	4.7551
770	4.92177
780	5.08843
790	5.2551
800	5.42177
810	5.58843
820	5.7551
830	5.92177
840	6.08843
850	6.2551
860	6.42177
870	6.58843
880	6.7551
890	6.92177
900	7.08843
910	7.2551
920	7.42177
930	7.58843
940	7.7551
950	7.92177
960	8.08843
970	8.2551
980	8.42177
990	8.58843
1000	8.7551
1010	8.92177
1020	9.08843
1030	9.2551
1040	9.42177
1050	9.58843
1060	9.7551
1070	9.92177
1080	10.0884
1090	10.2551
61
490	0.125453
500	0.29212
510	0.458786
520	0.625453
530	0.79212
540	0.958786
550	1.12545
560	1.29212
570	1.45879
580	1.62545
590	1.79212
600	1.95879
610	2.12545
620	2.29212
630	2.45879
640	2.62545
650	2.79212
660	2.95879
670	3.12545
680	3.29212
690	3.45879
700	3.62545
710	3.79212
720	3.95879
730	4.12545
740	4.29212
750	4.66419
760	4.83086
770	4.99752
780	5.16419
790	5.33086
800	5.49752
810	5.66419
820	5.83086
830	5.99752
840	6.16419
850	6.33086
860	6.49752
870	6.66419
880	6.83086
890	6.99752
900	7.16419
910	7.33086
920	7.49752
930	7.66419
940	7.83086
950	7.99752
960	8.16419
970	8.33086
980	8.49752
990	8.66419
1000	8.83086
1010	8.99752
1020	9.16419
1030	9.33086
1040	9.49752
1050	9.66419
1060	9.83086
1070	9.99752
1080	10.1642
1090	10.3309
62
480	0.125835
490	0.292502
500	0.459168
510	0.625835
520	0.792502
530	0.959168
540	1.12583
550	1.2925
560	1.45917
570	1.62583
580	1.7925
590	1.95917
600	2.12583
610	2.2925
620	2.45917
630	2.62583
640	2.7925
650	2.95917
660	3.12583
670	3.2925
680	3.45917
690	3.62583
700	3.7925
710	3.95917
720	4.12583
730	4.2925
740	4.57328
750	4.73995
760	4.90662
770	5.07328
780	5.23995
790	5.40662
800	5.57328
810	5.73995
820	5.90662
830	6.07328
840	6.23995
850	6.40662
860	6.57328
870	6.73995
880	6.90662
890	7.07328
900	7.23995
910	7.40662
920	7.57328
930	7.73995
940	7.90662
950	8.07328
960	8.23995
970	8.40662
980	8.57328
990	8.73995
1000	8.90662
1010	9.07328
1020	9.23995
1030	9.40662
1040	9.57328
1050	9.73995
1060	9.90662
1070	10.0733
1080	10.2399
1090	10.4066
63
470	0.126217
480	0.292883
490	0.45955
500	0.626217
510	0.792883
520	0.95955
530	1.12622
540	1.29288
550	1.45955
560	1.62622
570	1.79288
580	1.95955
590	2.12622
600	2.29288
610	2.45955
620	2.62622
630	2.79288
640	2.95955
650	3.12622
660	3.29288
670	3.45955
680	3.62622
690	3.79288
700	3.95955
710	4.12622
720	4.29288
730	4.45955
740	4.64904
750	4.81571
760	4.98237
770	5.14904
780	5.31571
790	5.48237
800	5.64904
810	5.81571
820	5.98237
830	6.14904
840	6.31571
850	6.48237
860	6.64904
870	6.81571
880	6.98237
890	7.14904
900	7.31571
910	7.48237
920	7.64904
930	7.81571
940	7.98237
950	8.14904
960	8.31571
970	8.48237
980	8.64904
990	8.81571
1000	8.98237
1010	9.14904
1020	9.31571
1030	9.48237
1040	9.64904
1050	9.81571
1060	9.98237
1070	10.149
1080	10.3157
1090	10.4824
64
460	0.1426
470	0.309266
480	0.475933
490	0.6426
500	0.809266
510	0.975933
520	1.1426
530	1.30927
540	1.47593
550	1.6426
560	1.80927
570	1.97593
580	2.1426
590	2.30927
600	2.47593
610	2.6426
620	2.80927
630	2.97593
640	3.1426
650	3.30927
660	3.47593
670	3.6426
680	3.80927
690	3.97593
700	4.1426
710	4.30927
720	4.47593
730	4.6426
740	4.80927
750	4.97593
760	5.1426
770	5.30927
780	5.47593
790	5.6426
800	5.80927
810	5.97593
820	6.1426
830	6.30927
840	6.47593
850	6.6426
860	6.80927
870	6.97593
880	7.1426
890	7.30927
900	7.47593
910	7.6426
920	7.80927
930	7.97593
940	8.1426
950	8.30927
960	8.47593
970	8.6426
980	8.80927
990	8.97593
1000	9.1426
1010	9.30927
1020	9.47593
1030	9.6426
1040	9.80927
1050	9.97593
1060	10.1426
1070	10.3093
1080	10.4759
1090	10.6426
65
450	0.139329
460	0.305996
470	0.472662
480	0.639329
490	0.805996
500	0.972662
510	1.13933
520	1.306
530	1.47266
540	1.63933
550	1.806
560	1.97266
570	2.13933
580	2.306
590	2.47266
600	2.63933
610	2.806
620	2.97266
630	3.13933
640	3.306
650	3.47266
660	3.63933
670	3.806
680	3.97266
690	4.13933
700	4.306
710	4.47266
720	4.63933
730	4.806
740	4.97266
750	5.13933
760	5.306
770	5.47266
780	5.63933
790	5.806
800	5.97266
810	6.13933
820	6.306
830	6.47266
840	6.63933
850	6.806
860	6.97266
870	7.13933
880	7.306
890	7.47266
900	7.63933
910	7.806
920	7.97266
930	8.13933
940	8.306
950	8.47266
960	8.63933
970	8.806
980	8.97266
990	9.13933
1000	9.306
1010	9.47266
1020	9.63933
1030	9.806
1040	9.97266
1050	10.1393
1060	10.306
1070	10.4727
1080	10.6393
1090	10.806
66
440	0.163994
450	0.330661
460	0.497327
470	0.663994
480	0.830661
490	0.997327
500	1.16399
510	1.33066
520	1.49733
530	1.66399
540	1.83066
550	1.99733
560	2.16399
570	2.33066
580	2.49733
590	2.66399
600	2.83066
610	2.99733
620	3.16399
630	3.33066
640	3.49733
650	3.66399
660	3.83066
670	3.99733
680	4.16399
690	4.55889
700	4.72555
710	4.89222
720	5.05889
730	5.22555
740	5.39222
750	5.55889
760	5.72555
770	5.89222
780	6.05889
790	6.22555
800	6.39222
810	6.55889
820	6.72555
830	6.89222
840	7.05889
850	7.22555
860	7.39222
870	7.55889
880	7.72555
890	7.89222
900	8.05889
910	8.22555
920	8.39222
930	8.55889
940	8.72555
950	8.89222
960	9.05889
970	9.22555
980	9.39222
990	9.55889
1000	9.72555
1010	9.89222
1020	10.0589
1030	10.2256
1040	10.3922
1050	10.5589
1060	10.7256
1070	10.8922
1080	11.0589
1090	11.2256
67
430	0.164376
440	0.331042
450	0.497709
460	0.664376
470	0.831042
480	0.997709
490	1.16438
500	1.33104
510	1.49771
520	1.66438
530	1.83104
540	1.99771
550	2.16438
560	2.33104
570	2.49771
580	2.66438
590	2.83104
600	2.99771
610	3.16438
620	3.33104
630	3.49771
640	3.66438
650	3.83104
660	3.99771
670	4.16438
680	4.33104
690	4.63465
700	4.80131
710	4.96798
720	5.13465
730	5.30131
740	5.46798
750	5.63465
760	5.80131
770	5.96798
780	6.13465
790	6.30131
800	6.46798
810	6.63465
820	6.80131
830	6.96798
840	7.13465
850	7.30131
860	7.46798
870	7.63465
880	7.80131
890	7.96798
900	8.13465
910	8.30131
920	8.46798
930	8.63465
940	8.80131
950	8.96798
960	9.13465
970	9.30131
980	9.46798
990	9.63465
1000	9.80131
1010	9.96798
1020	10.1346
1030	10.3013
1040	10.468
1050	10.6346
1060	10.8013
1070	10.968
1080	11.1346
1090	11.3013
68
420	0.164758
430	0.331424
440	0.498091
450	0.664758
460	0.831424
470	0.998091
480	1.16476
490	1.33142
500	1.49809
510	1.66476
520	1.83142
530	1.99809
540	2.16476
550	2.33142
560	2.49809
570	2.66476
580	2.83142
590	2.99809
600	3.16476
610	3.33142
620	3.49809
630	3.66476
640	3.83142
650	3.99809
660	4.16476
670	4.33142
680	4.49809
690	4.7104
700	4.87707
710	5.04374
720	5.2104
730	5.37707
740	5.54374
750	5.7104
760	5.87707
770	6.04374
780	6.2104
790	6.37707
800	6.54374
810	6.7104
820	6.87707
830	7.04374
840	7.2104
850	7.37707
860	7.54374
870	7.7104
880	7.87707
890	8.04374
900	8.2104
910	8.37707
920	8.54374
930	8.7104
940	8.87707
950	9.04374
960	9.2104
970	9.37707
980	9.54374
990	9.7104
1000	9.87707
1010	10.0437
1020	10.2104
1030	10.3771
1040	10.5437
1050	10.7104
1060	10.8771
1070	11.0437
1080	11.2104
1090	11.3771
69
410	0.165139
420	0.331806
430	0.498473
440	0.665139
450	0.831806
460	0.998473
470	1.16514
480	1.33181
490	1.49847
500	1.66514
510	1.83181
520	1.99847
530	2.16514
540	2.33181
550	2.49847
560	2.66514
570	2.83181
580	2.99847
590	3.16514
600	3.33181
610	3.49847
620	3.66514
630	3.83181
640	3.99847
650	4.16514
660	4.33181
670	4.65823
680	4.8249
690	4.99157
700	5.15823
710	5.3249
720	5.49157
730	5.65823
740	5.8249
750	5.99157
760	6.15823
770	6.3249
780	6.49157
790	6.65823
800	6.8249
810	6.99157
820	7.15823
830	7.3249
840	7.49157
850	7.65823
860	7.8249
870	7.99157
880	8.15823
890	8.3249
900	8.49157
910	8.65823
920	8.8249
930	8.99157
940	9.15823
950	9.3249
960	9.49157
970	9.65823
980	9.8249
990	9.99157
1000	10.1582
1010	10.3249
1020	10.4916
1030	10.6582
1040	10.8249
1050	10.9916
1060	11.1582
1070	11.3249
1080	11.4916
1090	11.6582
70
400	0.165521
410	0.332188
420	0.498855
430	0.665521
440	0.832188
450	0.998855
460	1.16552
470	1.33219
480	1.49885
490	1.66552
500	1.83219
510	1.99885
520	2.16552
530	2.33219
540	2.49885
550	2.66552
560	2.83219
570	2.99885
580	3.16552
590	3.33219
600	3.49885
610	3.66552
620	3.83219
630	3.99885
640	4.16552
650	4.33219
660	4.56732
670	4.73399
680	4.90066
690	5.06732
700	5.23399
710	5.40066
720	5.56732
730	5.73399
740	5.90066
750	6.06732
760	6.23399
770	6.40066
780	6.56732
790	6.73399
800	6.90066
810	7.06732
820	7.23399
830	7.40066
840	7.56732
850	7.73399
860	7.90066
870	8.06732
880	8.23399
890	8.40066
900	8.56732
910	8.73399
920	8.90066
930	9.06732
940	9.23399
950	9.40066
960	9.56732
970	9.73399
980	9.90066
990	10.0673
1000	10.234
1010	10.4007
1020	10.5673
1030	10.734
1040	10.9007
1050	11.0673
1060	11.234
1070	11.4007
1080	11.5673
1090	11.734
71
390	0.165903
400	0.33257
410	0.499236
420	0.665903
430	0.83257
440	0.999236
450	1.1659
460	1.33257
470	1.49924
480	1.6659
490	1.83257
500	1.99924
510	2.1659
520	2.33257
530	2.49924
540	2.6659
550	2.83257
560	2.99924
570	3.1659
580	3.33257
590	3.49924
600	3.6659
610	4.5629
620	4.72956
630	4.89623
640	5.0629
650	5.22956
660	5.39623
670	5.5629
680	5.72956
690	5.89623
700	6.0629
710	6.22956
720	6.39623
730	6.5629
740	6.72956
750	6.89623
760	7.0629
770	7.22956
780	7.39623
790	7.5629
800	7.72956
810	7.89623
820	8.0629
830	8.22956
840	8.39623
850	8.5629
860	8.72956
870	8.89623
880	9.0629
890	9.22956
900	9.39623
910	9.5629
920	9.72956
930	9.89623
940	10.0629
950	10.2296
960	10.3962
970	10.5629
980	10.7296
990	10.8962
1000	11.0629
1010	11.2296
1020	11.3962
1030	11.5629
1040	11.7296
1050	11.8962
1060	12.0629
1070	12.2296
1080	12.3962
1090	12.5629
72
380	0.166285
390	0.332952
400	0.499618
410	0.666285
420	0.832952
430	0.999618
440	1.16628
450	1.33295
460	1.49962
470	1.66628
480	1.83295
490	1.99962
500	2.16628
510	2.33295
520	2.49962
530	2.66628
540	2.83295
550	2.99962
560	3.16628
570	3.33295
580	3.49962
590	3.66628
600	3.83295
610	4.63865
620	4.80532
630	4.97199
640	5.13865
650	5.30532
660	5.47199
670	5.63865
680	5.80532
690	5.97199
700	6.13865
710	6.30532
720	6.47199
730	6.63865
740	6.80532
750	6.97199
760	7.13865
770	7.30532
780	7.47199
790	7.63865
800	7.80532
810	7.97199
820	8.13865
830	8.30532
840	8.47199
850	8.63865
860	8.80532
870	8.97199
880	9.13865
890	9.30532
900	9.47199
910	9.63865
920	9.80532
930	9.97199
940	10.1387
950	10.3053
960	10.472
970	10.6387
980	10.8053
990	10.972
1000	11.1387
1010	11.3053
1020	11.472
1030	11.6387
1040	11.8053
1050	11.972
1060	12.1387
1070	12.3053
1080	12.472
1090	12.6387
73
370	0.124905
380	0.291571
390	0.458238
400	0.624905
410	0.791571
420	0.958238
430	1.1249
440	1.29157
450	1.45824
460	1.6249
470	1.79157
480	1.95824
490	2.1249
500	2.29157
510	2.45824
520	2.6249
530	2.79157
540	2.95824
550	3.1249
560	3.29157
570	3.45824
580	3.6249
590	3.79157
600	3.95824
610	4.69547
620	4.86214
630	5.02881
640	5.19547
650	5.36214
660	5.52881
670	5.69547
680	5.86214
690	6.02881
700	6.19547
710	6.36214
720	6.52881
730	6.69547
740	6.86214
750	7.02881
760	7.19547
770	7.36214
780	7.52881
790	7.69547
800	7.86214
810	8.02881
820	8.19547
830	8.36214
840	8.52881
850	8.69547
860	8.86214
870	9.02881
880	9.19547
890	9.36214
900	9.52881
910	9.69547
920	9.86214
930	10.0288
940	10.1955
950	10.3621
960	10.5288
970	10.6955
980	10.8621
990	11.0288
1000	11.1955
1010	11.3621
1020	11.5288
1030	11.6955
1040	11.8621
1050	12.0288
1060	12.1955
1070	12.3621
1080	12.5288
1090	12.6955
74
360	0
370	0.166667
380	0.333333
390	0.5
400	0.666667
410	0.833333
420	1
430	1.16667
440	1.33333
450	1.5
460	1.66667
470	1.83333
480	2
490	2.16667
500	2.33333
510	2.5
520	2.66667
530	2.83333
540	3
550	3.16667
560	3.33333
570	3.5
580	3.66667
590	3.83333
600	4.54775
610	4.71441
620	4.88108
630	5.04775
640	5.21441
650	5.38108
660	5.54775
670	5.71441
680	5.88108
690	6.04775
700	6.21441
710	6.38108
720	6.54775
730	6.71441
740	6.88108
750	7.04775
760	7.21441
770	7.38108
780	7.54775
790	7.71441
800	7.88108
810	8.04775
820	8.21441
830	8.38108
840	8.54775
850	8.71441
860	8.88108
870	9.04775
880	9.21441
890	9.38108
900	9.54775
910	9.71441
920	9.88108
930	10.0477
940	10.2144
950	10.3811
960	10.5477
970	10.7144
980	10.8811
990	11.0477
1000	11.2144
1010	11.3811
1020	11.5477
1030	11.7144
1040	11.8811
1050	12.0477
1060	12.2144
1070	12.3811
1080	12.5477
1090	12.7144
74
360	0.0835242
370	0.250191
380	0.416858
390	0.583524
400	0.750191
410	0.916858
420	1.08352
430	1.25019
440	1.41686
450	1.58352
460	1.75019
470	1.91686
480	2.08352
490	2.25019
500	2.41686
510	2.58352
520	2.75019
530	2.91686
540	3.08352
550	3.25019
560	3.41686
570	3.58352
580	3.75019
590	3.91686
600	4.60845
610	4.77511
620	4.94178
630	5.10845
640	5.27511
650	5.44178
660	5.60845
670	5.77511
680	5.94178
690	6.10845
700	6.27511
710	6.44178
720	6.60845
730	6.77511
740	6.94178
750	7.10845
760	7.27511
770	7.44178
780	7.60845
790	7.77511
800	7.94178
810	8.10845
820	8.27511
830	8.44178
840	8.60845
850	8.77511
860	8.94178
870	9.10845
880	9.27511
890	9.44178
900	9.60845
910	9.77511
920	9.94178
930	10.1084
940	10.2751
950	10.4418
960	10.6084
970	10.7751
980	10.9418
990	11.1084
1000	11.2751
1010	11.4418
1020	11.6084
1030	11.7751
1040	11.9418
1050	12.1084
1060	12.2751
1070	12.4418
1080	12.6084
1090	12.7751
74
360	0.167048
370	0.333715
380	0.500382
390	0.667048
400	0.833715
410	1.00038
420	1.16705
430	1.33372
440	1.50038
450	1.66705
460	1.83372
470	2.00038
480	2.16705
490	2.33372
500	2.50038
510	2.66705
520	2.83372
530	3.00038
540	3.16705
550	3.33372
560	3.50038
570	3.66705
580	3.83372
590	4.00038
600	4.64633
610	4.81299
620	4.97966
630	5.14633
640	5.31299
650	5.47966
660	5.64633
670	5.81299
680	5.97966
690	6.14633
700	6.31299
710	6.47966
720	6.64633
730	6.81299
740	6.97966
750	7.14633
760	7.31299
770	7.47966
780	7.64633
790	7.81299
800	7.97966
810	8.14633
820	8.31299
830	8.47966
840	8.64633
850	8.81299
860	8.97966
870	9.14633
880	9.31299
890	9.47966
900	9.64633
910	9.81299
920	9.97966
930	10.1463
940	10.313
950	10.4797
960	10.6463
970	10.813
980	10.9797
990	11.1463
1000	11.313
1010	11.4797
1020	11.6463
1030	11.813
1040	11.9797
1050	12.1463
1060	12.313
1070	12.4797
1080	12.6463
1090	12.813
74
360	0.250573
370	0.417239
380	0.583906
390	0.750573
400	0.917239
410	1.08391
420	1.25057
430	1.41724
440	1.58391
450	1.75057
460	1.91724
470	2.08391
480	2.25057
490	2.41724
500	2.58391
510	2.75057
520	2.91724
530	3.08391
540	3.25057
550	3.41724
560	3.58391
570	3.75057
580	3.91724
590	4.08391
600	4.6842
610	4.85087
620	5.01754
630	5.1842
640	5.35087
650	5.51754
660	5.6842
670	5.85087
680	6.01754
690	6.1842
700	6.35087
710	6.51754
720	6.6842
730	6.85087
740	7.01754
750	7.1842
760	7.35087
770	7.51754
780	7.6842
790	7.85087
800	8.01754
810	8.1842
820	8.35087
830	8.51754
840	8.6842
850	8.85087
860	9.01754
870	9.1842
880	9.35087
890	9.51754
900	9.6842
910	9.85087
920	10.0175
930	10.1842
940	10.3509
950	10.5175
960	10.6842
970	10.8509
980	11.0175
990	11.1842
1000	11.3509
1010	11.5175
1020	11.6842
1030	11.8509
1040	12.0175
1050	12.1842
1060	12.3509
1070	12.5175
1080	12.6842
1090	12.8509
74
360	0.334097
370	0.500764
380	0.66743
390	0.834097
400	1.00076
410	1.16743
420	1.3341
430	1.50076
440	1.66743
450	1.8341
460	2.00076
470	2.16743
480	2.3341
490	2.50076
500	2.66743
510	2.8341
520	3.00076
530	3.16743
540	3.3341
550	3.50076
560	3.66743
570	3.8341
580	4.00076
590	4.16743
600	4.72208
610	4.88875
620	5.05542
630	5.22208
640	5.38875
650	5.55542
660	5.72208
670	5.88875
680	6.05542
690	6.22208
700	6.38875
710	6.55542
720	6.72208
730	6.88875
740	7.05542
750	7.22208
760	7.38875
770	7.55542
780	7.72208
790	7.88875
800	8.05542
810	8.22208
820	8.38875
830	8.55542
840	8.72208
850	8.88875
860	9.05542
870	9.22208
880	9.38875
890	9.55542
900	9.72208
910	9.88875
920	10.0554
930	10.2221
940	10.3888
950	10.5554
960	10.7221
970	10.8888
980	11.0554
990	11.2221
1000	11.3888
1010	11.5554
1020	11.7221
1030	11.8888
1040	12.0554
1050	12.2221
1060	12.3888
1070	12.5554
1080	12.7221
1090	12.8888
74
360	0.417621
370	0.584288
380	0.750955
390	0.917621
400	1.08429
410	1.25095
420	1.41762
430	1.58429
440	1.75095
450	1.91762
460	2.08429
470	2.25095
480	2.41762
490	2.58429
500	2.75095
510	2.91762
520	3.08429
530	3.25095
540	3.41762
550	3.58429
560	3.75095
570	3.91762
580	4.08429
590	4.5933
600	4.75996
610	4.92663
620	5.0933
630	5.25996
640	5.42663
650	5.5933
660	5.75996
670	5.92663
680	6.0933
690	6.25996
700	6.42663
710	6.5933
720	6.75996
730	6.92663
740	7.0933
750	7.25996
760	7.42663
770	7.5933
780	7.75996
790	7.92663
800	8.0933
810	8.25996
820	8.42663
830	8.5933
840	8.75996
850	8.92663
860	9.0933
870	9.25996
880	9.42663
890	9.5933
900	9.75996
910	9.92663
920	10.0933
930	10.26
940	10.4266
950	10.5933
960	10.76
970	10.9266
980	11.0933
990	11.26
1000	11.4266
1010	11.5933
1020	11.76
1030	11.9266
1040	12.0933
1050	12.26
1060	12.4266
1070	12.5933
1080	12.76
1090	12.9266
74
360	0.501145
370	0.667812
380	0.834479
390	1.00115
400	1.16781
410	1.33448
420	1.50115
430	1.66781
440	1.83448
450	2.00115
460	2.16781
470	2.33448
480	2.50115
490	2.66781
500	2.83448
510	3.00115
520	3.16781
530	3.33448
540	3.50115
550	3.66781
560	3.83448
570	4.00115
580	4.16781
590	4.63117
600	4.79784
610	4.96451
620	5.13117
630	5.29784
640	5.46451
650	5.63117
660	5.79784
670	5.96451
680	6.13117
690	6.29784
700	6.46451
710	6.63117
720	6.79784
730	6.96451
740	7.13117
750	7.29784
760	7.46451
770	7.63117
780	7.79784
790	7.96451
800	8.13117
810	8.29784
820	8.46451
830	8.63117
840	8.79784
850	8.96451
860	9.13117
870	9.29784
880	9.46451
890	9.63117
900	9.79784
910	9.96451
920	10.1312
930	10.2978
940	10.4645
950	10.6312
960	10.7978
970	10.9645
980	11.1312
990	11.2978
1000	11.4645
1010	11.6312
1020	11.7978
1030	11.9645
1040	12.1312
1050	12.2978
1060	12.4645
1070	12.6312
1080	12.7978
1090	12.9645
74
360	0.58467
370	0.751336
380	0.918003
390	1.08467
400	1.25134
410	1.418
420	1.58467
430	1.75134
440	1.918
450	2.08467
460	2.25134
470	2.418
480	2.58467
490	2.75134
500	2.918
510	3.08467
520	3.25134
530	3.418
540	3.58467
550	3.75134
560	3.918
570	4.08467
580	4.25134
590	4.66905
600	4.83572
610	5.00239
620	5.16905
630	5.33572
640	5.50239
650	5.66905
660	5.83572
670	6.00239
680	6.16905
690	6.33572
700	6.50239
710	6.66905
720	6.83572
730	7.00239
740	7.16905
750	7.33572
760	7.50239
770	7.66905
780	7.83572
790	8.00239
800	8.16905
810	8.33572
820	8.50239
830	8.66905
840	8.83572
850	9.00239
860	9.16905
870	9.33572
880	9.50239
890	9.66905
900	9.83572
910	10.0024
920	10.1691
930	10.3357
940	10.5024
950	10.6691
960	10.8357
970	11.0024
980	11.1691
990	11.3357
1000	11.5024
1010	11.6691
1020	11.8357
1030	12.0024
1040	12.1691
1050	12.3357
1060	12.5024
1070	12.6691
1080	12.8357
1090	13.0024
74
360	0.668194
370	0.834861
380	1.00153
390	1.16819
400	1.33486
410	1.50153
420	1.66819
430	1.83486
440	2.00153
450	2.16819
460	2.33486
470	2.50153
480	2.66819
490	2.83486
500	3.00153
510	3.16819
520	3.33486
530	3.50153
540	3.66819
550	3.83486
560	4.00153
570	4.16819
580	4.33486
590	4.70693
600	4.8736
610	5.04027
620	5.20693
630	5.3736
640	5.54027
650	5.70693
660	5.8736
670	6.04027
680	6.20693
690	6.3736
700	6.54027
710	6.70693
720	6.8736
730	7.04027
740	7.20693
750	7.3736
760	7.54027
770	7.70693
780	7.8736
790	8.04027
800	8.20693
810	8.3736
820	8.54027
830	8.70693
840	8.8736
850	9.04027
860	9.20693
870	9.3736
880	9.54027
890	9.70693
900	9.8736
910	10.0403
920	10.2069
930	10.3736
940	10.5403
950	10.7069
960	10.8736
970	11.0403
980	11.2069
990	11.3736
1000	11.5403
1010	11.7069
1020	11.8736
1030	12.0403
1040	12.2069
1050	12.3736
1060	12.5403
1070	12.7069
1080	12.8736
1090	13.0403
74
360	0.751718
370	0.918385
380	1.08505
390	1.25172
400	1.41838
410	1.58505
420	1.75172
430	1.91838
440	2.08505
450	2.25172
460	2.41838
470	2.58505
480	2.75172
490	2.91838
500	3.08505
510	3.25172
520	3.41838
530	3.58505
540	3.75172
550	3.91838
560	4.08505
570	4.25172
580	4.41838
590	4.74481
600	4.91148
610	5.07814
620	5.24481
630	5.41148
640	5.57814
650	5.74481
660	5.91148
670	6.07814
680	6.24481
690	6.41148
700	6.57814
710	6.74481
720	6.91148
730	7.07814
740	7.24481
750	7.41148
760	7.57814
770	7.74481
780	7.91148
790	8.07814
800	8.24481
810	8.41148
820	8.57814
830	8.74481
840	8.91148
850	9.07814
860	9.24481
870	9.41148
880	9.57814
890	9.74481
900	9.91148
910	10.0781
920	10.2448
930	10.4115
940	10.5781
950	10.7448
960	10.9115
970	11.0781
980	11.2448
990	11.4115
1000	11.5781
1010	11.7448
1020	11.9115
1030	12.0781
1040	12.2448
1050	12.4115
1060	12.5781
1070	12.7448
1080	12.9115
1090	13.0781
74
360	0.835242
370	1.00191
380	1.16858
390	1.33524
400	1.50191
410	1.66858
420	1.83524
430	2.00191
440	2.16858
450	2.33524
460	2.50191
470	2.66858
480	2.83524
490	3.00191
500	3.16858
510	3.33524
520	3.50191
530	3.66858
540	3.83524
550	4.00191
560	4.16858
570	4.33524
580	4.61602
590	4.78269
600	4.94936
610	5.11602
620	5.28269
630	5.44936
640	5.61602
650	5.78269
660	5.94936
670	6.11602
680	6.28269
690	6.44936
700	6.61602
710	6.78269
720	6.94936
730	7.11602
740	7.28269
750	7.44936
760	7.61602
770	7.78269
780	7.94936
790	8.11602
800	8.28269
810	8.44936
820	8.61602
830	8.78269
840	8.94936
850	9.11602
860	9.28269
870	9.44936
880	9.61602
890	9.78269
900	9.94936
910	10.116
920	10.2827
930	10.4494
940	10.616
950	10.7827
960	10.9494
970	11.116
980	11.2827
990	11.4494
1000	11.616
1010	11.7827
1020	11.9494
1030	12.116
1040	12.2827
1050	12.4494
1060	12.616
1070	12.7827
1080	12.9494
1090	13.116
74
360	0.918767
370	1.08543
380	1.2521
390	1.41877
400	1.58543
410	1.7521
420	1.91877
430	2.08543
440	2.2521
450	2.41877
460	2.58543
470	2.7521
480	2.91877
490	3.08543
500	3.2521
510	3.41877
520	3.58543
530	3.7521
540	3.91877
550	4.08543
560	4.2521
570	4.41877
580	4.6539
590	4.82057
600	4.98723
610	5.1539
620	5.32057
630	5.48723
640	5.6539
650	5.82057
660	5.98723
670	6.1539
680	6.32057
690	6.48723
700	6.6539
710	6.82057
720	6.98723
730	7.1539
740	7.32057
750	7.48723
760	7.6539
770	7.82057
780	7.98723
790	8.1539
800	8.32057
810	8.48723
820	8.6539
830	8.82057
840	8.98723
850	9.1539
860	9.32057
870	9.48723
880	9.6539
890	9.82057
900	9.98723
910	10.1539
920	10.3206
930	10.4872
940	10.6539
950	10.8206
960	10.9872
970	11.1539
980	11.3206
990	11.4872
1000	11.6539
1010	11.8206
1020	11.9872
1030	12.1539
1040	12.3206
1050	12.4872
1060	12.6539
1070	12.8206
1080	12.9872
1090	13.1539
74
360	1.00229
370	1.16896
380	1.33562
390	1.50229
400	1.66896
410	1.83562
420	2.00229
430	2.16896
440	2.33562
450	2.50229
460	2.66896
470	2.83562
480	3.00229
490	3.16896
500	3.33562
510	3.50229
520	3.66896
530	3.83562
540	4.00229
550	4.16896
560	4.33562
570	4.50229
580	4.69178
590	4.85845
600	5.02511
610	5.19178
620	5.35845
630	5.52511
640	5.69178
650	5.85845
660	6.02511
670	6.19178
680	6.35845
690	6.52511
700	6.69178
710	6.85845
720	7.02511
730	7.19178
740	7.35845
750	7.52511
760	7.69178
770	7.85845
780	8.02511
790	8.19178
800	8.35845
810	8.52511
820	8.69178
830	8.85845
840	9.02511
850	9.19178
860	9.35845
870	9.52511
880	9.69178
890	9.85845
900	10.0251
910	10.1918
920	10.3584
930	10.5251
940	10.6918
950	10.8584
960	11.0251
970	11.1918
980	11.3584
990	11.5251
1000	11.6918
1010	11.8584
1020	12.0251
1030	12.1918
1040	12.3584
1050	12.5251
1060	12.6918
1070	12.8584
1080	13.0251
1090	13.1918
74
360	1.08582
370	1.25248
380	1.41915
390	1.58582
400	1.75248
410	1.91915
420	2.08582
430	2.25248
440	2.41915
450	2.58582
460	2.75248
470	2.91915
480	3.08582
490	3.25248
500	3.41915
510	3.58582
520	3.75248
530	3.91915
540	4.08582
550	4.25248
560	4.41915
570	4.74557
580	4.91224
590	5.07891
600	5.24557
610	5.41224
620	5.57891
630	5.74557
640	5.91224
650	6.07891
660	6.24557
670	6.41224
680	6.57891
690	6.74557
700	6.91224
710	7.07891
720	7.24557
730	7.41224
740	7.57891
750	7.74557
760	7.91224
770	8.07891
780	8.24557
790	8.41224
800	8.57891
810	8.74557
820	8.91224
830	9.07891
840	9.24557
850	9.41224
860	9.57891
870	9.74557
880	9.91224
890	10.0789
900	10.2456
910	10.4122
920	10.5789
930	10.7456
940	10.9122
950	11.0789
960	11.2456
970	11.4122
980	11.5789
990	11.7456
1000	11.9122
1010	12.0789
1020	12.2456
1030	12.4122
1040	12.5789
1050	12.7456
1060	12.9122
1070	13.0789
1080	13.2456
1090	13.4122
74
360	1.16934
370	1.33601
380	1.50267
390	1.66934
400	1.83601
410	2.00267
420	2.16934
430	2.33601
440	2.50267
450	2.66934
460	2.83601
470	3.00267
480	3.16934
490	3.33601
500	3.50267
510	3.66934
520	3.83601
530	4.00267
540	4.16934
550	4.33601
560	4.61679
570	4.78345
580	4.95012
590	5.11679
600	5.28345
610	5.45012
620	5.61679
630	5.78345
640	5.95012
650	6.11679
660	6.28345
670	6.45012
680	6.61679
690	6.78345
700	6.95012
710	7.11679
720	7.28345
730	7.45012
740	7.61679
750	7.78345
760	7.95012
770	8.11679
780	8.28345
790	8.45012
800	8.61679
810	8.78345
820	8.95012
830	9.11679
840	9.28345
850	9.45012
860	9.61679
870	9.78345
880	9.95012
890	10.1168
900	10.2835
910	10.4501
920	10.6168
930	10.7835
940	10.9501
950	11.1168
960	11.2835
970	11.4501
980	11.6168
990	11.7835
1000	11.9501
1010	12.1168
1020	12.2835
1030	12.4501
1040	12.6168
1050	12.7835
1060	12.9501
1070	13.1168
1080	13.2835
1090	13.4501
74
360	1.25286
370	1.41953
380	1.5862
390	1.75286
400	1.91953
410	2.0862
420	2.25286
430	2.41953
440	2.5862
450	2.75286
460	2.91953
470	3.0862
480	3.25286
490	3.41953
500	3.5862
510	3.75286
520	3.91953
530	4.0862
540	4.25286
550	4.41953
560	4.65467
570	4.82133
580	4.988
590	5.15467
600	5.32133
610	5.488
620	5.65467
630	5.82133
640	5.988
650	6.15467
660	6.32133
670	6.488
680	6.65467
690	6.82133
700	6.988
710	7.15467
720	7.32133
730	7.488
740	7.65467
750	7.82133
760	7.988
770	8.15467
780	8.32133
790	8.488
800	8.65467
810	8.82133
820	8.988
830	9.15467
840	9.32133
850	9.488
860	9.65467
870	9.82133
880	9.988
890	10.1547
900	10.3213
910	10.488
920	10.6547
930	10.8213
940	10.988
950	11.1547
960	11.3213
970	11.488
980	11.6547
990	11.8213
1000	11.988
1010	12.1547
1020	12.3213
1030	12.488
1040	12.6547
1050	12.8213
1060	12.988
1070	13.1547
1080	13.3213
1090	13.488
74
360	1.33639
370	1.50305
380	1.66972
390	1.83639
400	2.00305
410	2.16972
420	2.33639
430	2.50305
440	2.66972
450	2.83639
460	3.00305
470	3.16972
480	3.33639
490	3.50305
500	3.66972
510	3.83639
520	4.00305
530	4.16972
540	4.33639
550	4.50305
560	4.69254
570	4.85921
580	5.02588
590	5.19254
600	5.35921
610	5.52588
620	5.69254
630	5.85921
640	6.02588
650	6.19254
660	6.35921
670	6.52588
680	6.69254
690	6.85921
700	7.02588
710	7.19254
720	7.35921
730	7.52588
740	7.69254
750	7.85921
760	8.02588
770	8.19254
780	8.35921
790	8.52588
800	8.69254
810	8.85921
820	9.02588
830	9.19254
840	9.35921
850	9.52588
860	9.69254
870	9.85921
880	10.0259
890	10.1925
900	10.3592
910	10.5259
920	10.6925
930	10.8592
940	11.0259
950	11.1925
960	11.3592
970	11.5259
980	11.6925
990	11.8592
1000	12.0259
1010	12.1925
1020	12.3592
1030	12.5259
1040	12.6925
1050	12.8592
1060	13.0259
1070	13.1925
1080	13.3592
1090	13.5259
74
360	1.41991
370	1.58658
380	1.75325
390	1.91991
400	2.08658
410	2.25325
420	2.41991
430	2.58658
440	2.75325
450	2.91991
460	3.08658
470	3.25325
480	3.41991
490	3.58658
500	3.75325
510	3.91991
520	4.08658
530	4.25325
540	4.62532
550	4.79198
560	4.95865
570	5.12532
580	5.29198
590	5.45865
600	5.62532
610	5.79198
620	5.95865
630	6.12532
640	6.29198
650	6.45865
660	6.62532
670	6.79198
680	6.95865
690	7.12532
700	7.29198
710	7.45865
720	7.62532
730	7.79198
740	7.95865
750	8.12532
760	8.29198
770	8.45865
780	8.62532
790	8.79198
800	8.95865
810	9.12532
820	9.29198
830	9.45865
840	9.62532
850	9.79198
860	9.95865
870	10.1253
880	10.292
890	10.4587
900	10.6253
910	10.792
920	10.9587
930	11.1253
940	11.292
950	11.4587
960	11.6253
970	11.792
980	11.9587
990	12.1253
1000	12.292
1010	12.4587
1020	12.6253
1030	12.792
1040	12.9587
1050	13.1253
1060	13.292
1070	13.4587
1080	13.6253
1090	13.792
74
360	1.50344
370	1.6701
380	1.83677
390	2.00344
400	2.1701
410	2.33677
420	2.50344
430	2.6701
440	2.83677
450	3.00344
460	3.1701
470	3.33677
480	3.50344
490	3.6701
500	3.83677
510	4.00344
520	4.1701
530	4.33677
540	4.6632
550	4.82986
560	4.99653
570	5.1632
580	5.32986
590	5.49653
600	5.6632
610	5.82986
620	5.99653
630	6.1632
640	6.32986
650	6.49653
660	6.6632
670	6.82986
680	6.99653
690	7.1632
700	7.32986
710	7.49653
720	7.6632
730	7.82986
740	7.99653
750	8.1632
760	8.32986
770	8.49653
780	8.6632
790	8.82986
800	8.99653
810	9.1632
820	9.32986
830	9.49653
840	9.6632
850	9.82986
860	9.99653
870	10.1632
880	10.3299
890	10.4965
900	10.6632
910	10.8299
920	10.9965
930	11.1632
940	11.3299
950	11.4965
960	11.6632
970	11.8299
980	11.9965
990	12.1632
1000	12.3299
1010	12.4965
1020	12.6632
1030	12.8299
1040	12.9965
1050	13.1632
1060	13.3299
1070	13.4965
1080	13.6632
1090	13.8299
74
360	1.58696
370	1.75363
380	1.92029
390	2.08696
400	2.25363
410	2.42029
420	2.58696
430	2.75363
440	2.92029
450	3.08696
460	3.25363
470	3.42029
480	3.58696
490	3.75363
500	3.92029
510	4.08696
520	4.25363
530	4.42029
540	4.70107
550	4.86774
560	5.03441
570	5.20107
580	5.36774
590	5.53441
600	5.70107
610	5.86774
620	6.03441
630	6.20107
640	6.36774
650	6.53441
660	6.70107
670	6.86774
680	7.03441
690	7.20107
700	7.36774
710	7.53441
720	7.70107
730	7.86774
740	8.03441
750	8.20107
760	8.36774
770	8.53441
780	8.70107
790	8.86774
800	9.03441
810	9.20107
820	9.36774
830	9.53441
840	9.70107
850	9.86774
860	10.0344
870	10.2011
880	10.3677
890	10.5344
900	10.7011
910	10.8677
920	11.0344
930	11.2011
940	11.3677
950	11.5344
960	11.7011
970	11.8677
980	12.0344
990	12.2011
1000	12.3677
1010	12.5344
1020	12.7011
1030	12.8677
1040	13.0344
1050	13.2011
1060	13.3677
1070	13.5344
1080	13.7011
1090	13.8677
74
360	1.67048
370	1.83715
380	2.00382
390	2.17048
400	2.33715
410	2.50382
420	2.67048
430	2.83715
440	3.00382
450	3.17048
460	3.33715
470	3.50382
480	3.67048
490	3.83715
500	4.00382
510	4.17048
520	4.33715
530	4.50382
540	4.73895
550	4.90562
560	5.07229
570	5.23895
580	5.40562
590	5.57229
600	5.73895
610	5.90562
620	6.07229
630	6.23895
640	6.40562
650	6.57229
660	6.73895
670	6.90562
680	7.07229
690	7.23895
700	7.40562
710	7.57229
720	7.73895
730	7.90562
740	8.07229
750	8.23895
760	8.40562
770	8.57229
780	8.73895
790	8.90562
800	9.07229
810	9.23895
820	9.40562
830	9.57229
840	9.73895
850	9.90562
860	10.0723
870	10.239
880	10.4056
890	10.5723
900	10.739
910	10.9056
920	11.0723
930	11.239
940	11.4056
950	11.5723
960	11.739
970	11.9056
980	12.0723
990	12.239
1000	12.4056
1010	12.5723
1020	12.739
1030	12.9056
1040	13.0723
1050	13.239
1060	13.4056
1070	13.5723
1080	13.739
1090	13.9056
74
360	1.75401
370	1.92068
380	2.08734
390	2.25401
400	2.42068
410	2.58734
420	2.75401
430	2.92068
440	3.08734
450	3.25401
460	3.42068
470	3.58734
480	3.75401
490	3.92068
500	4.08734
510	4.25401
520	4.42068
530	4.61017
540	4.77683
550	4.9435
560	5.11017
570	5.27683
580	5.4435
590	5.61017
600	5.77683
610	5.9435
620	6.11017
630	6.27683
640	6.4435
650	6.61017
660	6.77683
670	6.9435
680	7.11017
690	7.27683
700	7.4435
710	7.61017
720	7.77683
730	7.9435
740	8.11017
750	8.27683
760	8.4435
770	8.61017
780	8.77683
790	8.9435
800	9.11017
810	9.27683
820	9.4435
830	9.61017
840	9.77683
850	9.9435
860	10.1102
870	10.2768
880	10.4435
890	10.6102
900	10.7768
910	10.9435
920	11.1102
930	11.2768
940	11.4435
950	11.6102
960	11.7768
970	11.9435
980	12.1102
990	12.2768
1000	12.4435
1010	12.6102
1020	12.7768
1030	12.9435
1040	13.1102
1050	13.2768
1060	13.4435
1070	13.6102
1080	13.7768
1090	13.9435
74
360	1.83753
370	2.0042
380	2.17087
390	2.33753
400	2.5042
410	2.67087
420	2.83753
430	3.0042
440	3.17087
450	3.33753
460	3.5042
470	3.67087
480	3.83753
490	4.0042
500	4.17087
510	4.33753
520	4.5042
530	4.73933
540	4.906
550	5.07267
560	5.23933
570	5.406
580	5.57267
590	5.73933
600	5.906
610	6.07267
620	6.23933
630	6.406
640	6.57267
650	6.73933
660	6.906
670	7.07267
680	7.23933
690	7.406
700	7.57267
710	7.73933
720	7.906
730	8.07267
740	8.23933
750	8.406
760	8.57267
770	8.73933
780	8.906
790	9.07267
800	9.23933
810	9.406
820	9.57267
830	9.73933
840	9.906
850	10.0727
860	10.2393
870	10.406
880	10.5727
890	10.7393
900	10.906
910	11.0727
920	11.2393
930	11.406
940	11.5727
950	11.7393
960	11.906
970	12.0727
980	12.2393
990	12.406
1000	12.5727
1010	12.7393
1020	12.906
1030	13.0727
1040	13.2393
1050	13.406
1060	13.5727
1070	13.7393
1080	13.906
1090	14.0727
74
360	1.92106
370	2.08772
380	2.25439
390	2.42106
400	2.58772
410	2.75439
420	2.92106
430	3.08772
440	3.25439
450	3.42106
460	3.58772
470	3.75439
480	3.92106
490	4.08772
500	4.25439
510	4.42106
520	4.61055
530	4.77721
540	4.94388
550	5.11055
560	5.27721
570	5.44388
580	5.61055
590	5.77721
600	5.94388
610	6.11055
620	6.27721
630	6.44388
640	6.61055
650	6.77721
660	6.94388
670	7.11055
680	7.27721
690	7.44388
700	7.61055
710	7.77721
720	7.94388
730	8.11055
740	8.27721
750	8.44388
760	8.61055
770	8.77721
780	8.94388
790	9.11055
800	9.27721
810	9.44388
820	9.61055
830	9.77721
840	9.94388
850	10.1105
860	10.2772
870	10.4439
880	10.6105
890	10.7772
900	10.9439
910	11.1105
920	11.2772
930	11.4439
940	11.6105
950	11.7772
960	11.9439
970	12.1105
980	12.2772
990	12.4439
1000	12.6105
1010	12.7772
1020	12.9439
1030	13.1105
1040	13.2772
1050	13.4439
1060	13.6105
1070	13.7772
1080	13.9439
1090	14.1105
74
360	2.00458
370	2.17125
380	2.33792
390	2.50458
400	2.67125
410	2.83792
420	3.00458
430	3.17125
440	3.33792
450	3.50458
460	3.67125
470	3.83792
480	4.00458
490	4.17125
500	4.33792
510	4.50458
520	4.71689
530	4.88356
540	5.05023
550	5.21689
560	5.38356
570	5.55023
580	5.71689
590	5.88356
600	6.05023
610	6.21689
620	6.38356
630	6.55023
640	6.71689
650	6.88356
660	7.05023
670	7.21689
680	7.38356
690	7.55023
700	7.71689
710	7.88356
720	8.05023
730	8.21689
740	8.38356
750	8.55023
760	8.71689
770	8.88356
780	9.05023
790	9.21689
800	9.38356
810	9.55023
820	9.71689
830	9.88356
840	10.0502
850	10.2169
860	10.3836
870	10.5502
880	10.7169
890	10.8836
900	11.0502
910	11.2169
920	11.3836
930	11.5502
940	11.7169
950	11.8836
960	12.0502
970	12.2169
980	12.3836
990	12.5502
1000	12.7169
1010	12.8836
1020	13.0502
1030	13.2169
1040	13.3836
1050	13.5502
1060	13.7169
1070	13.8836
1080	14.0502
1090	14.2169
74
360	2.08811
370	2.25477
380	2.42144
390	2.58811
400	2.75477
410	2.92144
420	3.08811
430	3.25477
440	3.42144
450	3.58811
460	3.75477
470	3.92144
480	4.08811
490	4.25477
500	4.42144
510	4.58811
520	4.75477
530	4.92144
540	5.08811
550	5.25477
560	5.42144
570	5.58811
580	5.75477
590	5.92144
600	6.08811
610	6.25477
620	6.42144
630	6.58811
640	6.75477
650	6.92144
660	7.08811
670	7.25477
680	7.42144
690	7.58811
700	7.75477
710	7.92144
720	8.08811
730	8.25477
740	8.42144
750	8.58811
760	8.75477
770	8.92144
780	9.08811
790	9.25477
800	9.42144
810	9.58811
820	9.75477
830	9.92144
840	10.0881
850	10.2548
860	10.4214
870	10.5881
880	10.7548
890	10.9214
900	11.0881
910	11.2548
920	11.4214
930	11.5881
940	11.7548
950	11.9214
960	12.0881
970	12.2548
980	12.4214
990	12.5881
1000	12.7548
1010	12.9214
1020	13.0881
1030	13.2548
1040	13.4214
1050	13.5881
1060	13.7548
1070	13.9214
1080	14.0881
1090	14.2548
74
360	2.17163
370	2.3383
380	2.50496
390	2.67163
400	2.8383
410	3.00496
420	3.17163
430	3.3383
440	3.50496
450	3.67163
460	3.8383
470	4.00496
480	4.17163
490	4.3383
500	4.50496
510	4.67163
520	4.8383
530	5.00496
540	5.17163
550	5.3383
560	5.50496
570	5.67163
580	5.8383
590	6.00496
600	6.17163
610	6.3383
620	6.50496
630	6.67163
640	6.8383
650	7.00496
660	7.17163
670	7.3383
680	7.50496
690	7.67163
700	7.8383
710	8.00496
720	8.17163
730	8.3383
740	8.50496
750	8.67163
760	8.8383
770	9.00496
780	9.17163
790	9.3383
800	9.50496
810	9.67163
820	9.8383
830	10.005
840	10.1716
850	10.3383
860	10.505
870	10.6716
880	10.8383
890	11.005
900	11.1716
910	11.3383
920	11.505
930	11.6716
940	11.8383
950	12.005
960	12.1716
970	12.3383
980	12.505
990	12.6716
1000	12.8383
1010	13.005
1020	13.1716
1030	13.3383
1040	13.505
1050	13.6716
1060	13.8383
1070	14.005
1080	14.1716
1090	14.3383
74
360	2.25515
370	2.42182
380	2.58849
390	2.75515
400	2.92182
410	3.08849
420	3.25515
430	3.42182
440	3.58849
450	3.75515
460	3.92182
470	4.08849
480	4.25515
490	4.42182
500	4.72542
510	4.89209
520	5.05876
530	5.22542
540	5.39209
550	5.55876
560	5.72542
570	5.89209
580	6.05876
590	6.22542
600	6.39209
610	6.55876
620	6.72542
630	6.89209
640	7.05876
650	7.22542
660	7.39209
670	7.55876
680	7.72542
690	7.89209
700	8.05876
710	8.22542
720	8.39209
730	8.55876
740	8.72542
750	8.89209
760	9.05876
770	9.22542
780	9.39209
790	9.55876
800	9.72542
810	9.89209
820	10.0588
830	10.2254
840	10.3921
850	10.5588
860	10.7254
870	10.8921
880	11.0588
890	11.2254
900	11.3921
910	11.5588
920	11.7254
930	11.8921
940	12.0588
950	12.2254
960	12.3921
970	12.5588
980	12.7254
990	12.8921
1000	13.0588
1010	13.2254
1020	13.3921
1030	13.5588
1040	13.7254
1050	13.8921
1060	14.0588
1070	14.2254
1080	14.3921
1090	14.5588
74
360	2.33868
370	2.50535
380	2.67201
390	2.83868
400	3.00535
410	3.17201
420	3.33868
430	3.50535
440	3.67201
450	3.83868
460	4.00535
470	4.17201
480	4.33868
490	4.59664
500	4.7633
510	4.92997
520	5.09664
530	5.2633
540	5.42997
550	5.59664
560	5.7633
570	5.92997
580	6.09664
590	6.2633
600	6.42997
610	6.59664
620	6.7633
630	6.92997
640	7.09664
650	7.2633
660	7.42997
670	7.59664
680	7.7633
690	7.92997
700	8.09664
710	8.2633
720	8.42997
730	8.59664
740	8.7633
750	8.92997
760	9.09664
770	9.2633
780	9.42997
790	9.59664
800	9.7633
810	9.92997
820	10.0966
830	10.2633
840	10.43
850	10.5966
860	10.7633
870	10.93
880	11.0966
890	11.2633
900	11.43
910	11.5966
920	11.7633
930	11.93
940	12.0966
950	12.2633
960	12.43
970	12.5966
980	12.7633
990	12.93
1000	13.0966
1010	13.2633
1020	13.43
1030	13.5966
1040	13.7633
1050	13.93
1060	14.0966
1070	14.2633
1080	14.43
1090	14.5966
74
360	2.4222
370	2.58887
380	2.75554
390	2.9222
400	3.08887
410	3.25554
420	3.4222
430	3.58887
440	3.75554
450	3.9222
460	4.08887
470	4.25554
480	4.4222
490	4.63452
500	4.80118
510	4.96785
520	5.13452
530	5.30118
540	5.46785
550	5.63452
560	5.80118
570	5.96785
580	6.13452
590	6.30118
600	6.46785
610	6.63452
620	6.80118
630	6.96785
640	7.13452
650	7.30118
660	7.46785
670	7.63452
680	7.80118
690	7.96785
700	8.13452
710	8.30118
720	8.46785
730	8.63452
740	8.80118
750	8.96785
760	9.13452
770	9.30118
780	9.46785
790	9.63452
800	9.80118
810	9.96785
820	10.1345
830	10.3012
840	10.4678
850	10.6345
860	10.8012
870	10.9678
880	11.1345
890	11.3012
900	11.4678
910	11.6345
920	11.8012
930	11.9678
940	12.1345
950	12.3012
960	12.4678
970	12.6345
980	12.8012
990	12.9678
1000	13.1345
1010	13.3012
1020	13.4678
1030	13.6345
1040	13.8012
1050	13.9678
1060	14.1345
1070	14.3012
1080	14.4678
1090	14.6345
74
360	2.50573
370	2.67239
380	2.83906
390	3.00573
400	3.17239
410	3.33906
420	3.50573
430	3.67239
440	3.83906
450	4.00573
460	4.17239
470	4.33906
480	4.50573
490	4.67239
500	4.83906
510	5.00573
520	5.17239
530	5.33906
540	5.50573
550	5.67239
560	5.83906
570	6.00573
580	6.17239
590	6.33906
600	6.50573
610	6.67239
620	6.83906
630	7.00573
640	7.17239
650	7.33906
660	7.50573
670	7.67239
680	7.83906
690	8.00573
700	8.17239
710	8.33906
720	8.50573
730	8.67239
740	8.83906
750	9.00573
760	9.17239
770	9.33906
780	9.50573
790	9.67239
800	9.83906
810	10.0057
820	10.1724
830	10.3391
840	10.5057
850	10.6724
860	10.8391
870	11.0057
880	11.1724
890	11.3391
900	11.5057
910	11.6724
920	11.8391
930	12.0057
940	12.1724
950	12.3391
960	12.5057
970	12.6724
980	12.8391
990	13.0057
1000	13.1724
1010	13.3391
1020	13.5057
1030	13.6724
1040	13.8391
1050	14.0057
1060	14.1724
1070	14.3391
1080	14.5057
1090	14.6724
74
360	2.58925
370	2.75592
380	2.92258
390	3.08925
400	3.25592
410	3.42258
420	3.58925
430	3.75592
440	3.92258
450	4.08925
460	4.25592
470	4.42258
480	4.61207
490	4.77874
500	4.94541
510	5.11207
520	5.27874
530	5.44541
540	5.61207
550	5.77874
560	5.94541
570	6.11207
580	6.27874
590	6.44541
600	6.61207
610	6.77874
620	6.94541
630	7.11207
640	7.27874
650	7.44541
660	7.61207
670	7.77874
680	7.94541
690	8.11207
700	8.27874
710	8.44541
720	8.61207
730	8.77874
740	8.94541
750	9.11207
760	9.27874
770	9.44541
780	9.61207
790	9.77874
800	9.94541
810	10.1121
820	10.2787
830	10.4454
840	10.6121
850	10.7787
860	10.9454
870	11.1121
880	11.2787
890	11.4454
900	11.6121
910	11.7787
920	11.9454
930	12.1121
940	12.2787
950	12.4454
960	12.6121
970	12.7787
980	12.9454
990	13.1121
1000	13.2787
1010	13.4454
1020	13.6121
1030	13.7787
1040	13.9454
1050	14.1121
1060	14.2787
1070	14.4454
1080	14.6121
1090	14.7787
74
360	2.67278
370	2.83944
380	3.00611
390	3.17278
400	3.33944
410	3.50611
420	3.67278
430	3.83944
440	4.00611
450	4.17278
460	4.59049
470	4.75716
480	4.92383
490	5.09049
500	5.25716
510	5.42383
520	5.59049
530	5.75716
540	5.92383
550	6.09049
560	6.25716
570	6.42383
580	6.59049
590	6.75716
600	6.92383
610	7.09049
620	7.25716
630	7.42383
640	7.59049
650	7.75716
660	7.92383
670	8.09049
680	8.25716
690	8.42383
700	8.59049
710	8.75716
720	8.92383
730	9.09049
740	9.25716
750	9.42383
760	9.59049
770	9.75716
780	9.92383
790	10.0905
800	10.2572
810	10.4238
820	10.5905
830	10.7572
840	10.9238
850	11.0905
860	11.2572
870	11.4238
880	11.5905
890	11.7572
900	11.9238
910	12.0905
920	12.2572
930	12.4238
940	12.5905
950	12.7572
960	12.9238
970	13.0905
980	13.2572
990	13.4238
1000	13.5905
1010	13.7572
1020	13.9238
1030	14.0905
1040	14.2572
1050	14.4238
1060	14.5905
1070	14.7572
1080	14.9238
1090	15.0905
74
360	2.7563
370	2.92297
380	3.08963
390	3.2563
400	3.42297
410	3.58963
420	3.7563
430	3.92297
440	4.08963
450	4.2563
460	4.62837
470	4.79504
480	4.9617
490	5.12837
500	5.29504
510	5.4617
520	5.62837
530	5.79504
540	5.9617
550	6.12837
560	6.29504
570	6.4617
580	6.62837
590	6.79504
600	6.9617
610	7.12837
620	7.29504
630	7.4617
640	7.62837
650	7.79504
660	7.9617
670	8.12837
680	8.29504
690	8.4617
700	8.62837
710	8.79504
720	8.9617
730	9.12837
740	9.29504
750	9.4617
760	9.62837
770	9.79504
780	9.9617
790	10.1284
800	10.295
810	10.4617
820	10.6284
830	10.795
840	10.9617
850	11.1284
860	11.295
870	11.4617
880	11.6284
890	11.795
900	11.9617
910	12.1284
920	12.295
930	12.4617
940	12.6284
950	12.795
960	12.9617
970	13.1284
980	13.295
990	13.4617
1000	13.6284
1010	13.795
1020	13.9617
1030	14.1284
1040	14.295
1050	14.4617
1060	14.6284
1070	14.795
1080	14.9617
1090	15.1284
74
360	2.83982
370	3.00649
380	3.17316
390	3.33982
400	3.50649
410	3.67316
420	3.83982
430	4.00649
440	4.17316
450	4.33982
460	4.66625
470	4.83292
480	4.99958
490	5.16625
500	5.33292
510	5.49958
520	5.66625
530	5.83292
540	5.99958
550	6.16625
560	6.33292
570	6.49958
580	6.66625
590	6.83292
600	6.99958
610	7.16625
620	7.33292
630	7.49958
640	7.66625
650	7.83292
660	7.99958
670	8.16625
680	8.33292
690	8.49958
700	8.66625
710	8.83292
720	8.99958
730	9.16625
740	9.33292
750	9.49958
760	9.66625
770	9.83292
780	9.99958
790	10.1663
800	10.3329
810	10.4996
820	10.6663
830	10.8329
840	10.9996
850	11.1663
860	11.3329
870	11.4996
880	11.6663
890	11.8329
900	11.9996
910	12.1663
920	12.3329
930	12.4996
940	12.6663
950	12.8329
960	12.9996
970	13.1663
980	13.3329
990	13.4996
1000	13.6663
1010	13.8329
1020	13.9996
1030	14.1663
1040	14.3329
1050	14.4996
1060	14.6663
1070	14.8329
1080	14.9996
1090	15.1663
74
360	2.92335
370	3.09002
380	3.25668
390	3.42335
400	3.59002
410	3.75668
420	3.92335
430	4.09002
440	4.25668
450	4.42335
460	4.70413
470	4.8708
480	5.03746
490	5.20413
500	5.3708
510	5.53746
520	5.70413
530	5.8708
540	6.03746
550	6.20413
560	6.3708
570	6.53746
580	6.70413
590	6.8708
600	7.03746
610	7.20413
620	7.3708
630	7.53746
640	7.70413
650	7.8708
660	8.03746
670	8.20413
680	8.3708
690	8.53746
700	8.70413
710	8.8708
720	9.03746
730	9.20413
740	9.3708
750	9.53746
760	9.70413
770	9.8708
780	10.0375
790	10.2041
800	10.3708
810	10.5375
820	10.7041
830	10.8708
840	11.0375
850	11.2041
860	11.3708
870	11.5375
880	11.7041
890	11.8708
900	12.0375
910	12.2041
920	12.3708
930	12.5375
940	12.7041
950	12.8708
960	13.0375
970	13.2041
980	13.3708
990	13.5375
1000	13.7041
1010	13.8708
1020	14.0375
1030	14.2041
1040	14.3708
1050	14.5375
1060	14.7041
1070	14.8708
1080	15.0375
1090	15.2041
74
360	3.00687
370	3.17354
380	3.34021
390	3.50687
400	3.67354
410	3.84021
420	4.00687
430	4.17354
440	4.34021
450	4.50687
460	4.74201
470	4.90867
480	5.07534
490	5.24201
500	5.40867
510	5.57534
520	5.74201
530	5.90867
540	6.07534
550	6.24201
560	6.40867
570	6.57534
580	6.74201
590	6.90867
600	7.07534
610	7.24201
620	7.40867
630	7.57534
640	7.74201
650	7.90867
660	8.07534
670	8.24201
680	8.40867
690	8.57534
700	8.74201
710	8.90867
720	9.07534
730	9.24201
740	9.40867
750	9.57534
760	9.74201
770	9.90867
780	10.0753
790	10.242
800	10.4087
810	10.5753
820	10.742
830	10.9087
840	11.0753
850	11.242
860	11.4087
870	11.5753
880	11.742
890	11.9087
900	12.0753
910	12.242
920	12.4087
930	12.5753
940	12.742
950	12.9087
960	13.0753
970	13.242
980	13.4087
990	13.5753
1000	13.742
1010	13.9087
1020	14.0753
1030	14.242
1040	14.4087
1050	14.5753
1060	14.742
1070	14.9087
1080	15.0753
1090	15.242
74
360	3.0904
370	3.25706
380	3.42373
390	3.5904
400	3.75706
410	3.92373
420	4.0904
430	4.25706
440	4.42373
450	4.61322
460	4.77989
470	4.94655
480	5.11322
490	5.27989
500	5.44655
510	5.61322
520	5.77989
530	5.94655
540	6.11322
550	6.27989
560	6.44655
570	6.61322
580	6.77989
590	6.94655
600	7.11322
610	7.27989
620	7.44655
630	7.61322
640	7.77989
650	7.94655
660	8.11322
670	8.27989
680	8.44655
690	8.61322
700	8.77989
710	8.94655
720	9.11322
730	9.27989
740	9.44655
750	9.61322
760	9.77989
770	9.94655
780	10.1132
790	10.2799
800	10.4466
810	10.6132
820	10.7799
830	10.9466
840	11.1132
850	11.2799
860	11.4466
870	11.6132
880	11.7799
890	11.9466
900	12.1132
910	12.2799
920	12.4466
930	12.6132
940	12.7799
950	12.9466
960	13.1132
970	13.2799
980	13.4466
990	13.6132
1000	13.7799
1010	13.9466
1020	14.1132
1030	14.2799
1040	14.4466
1050	14.6132
1060	14.7799
1070	14.9466
1080	15.1132
1090	15.2799
74
360	3.17392
370	3.34059
380	3.50725
390	3.67392
400	3.84059
410	4.00725
420	4.17392
430	4.34059
440	4.50725
450	4.67392
460	4.84059
470	5.00725
480	5.17392
490	5.34059
500	5.50725
510	5.67392
520	5.84059
530	6.00725
540	6.17392
550	6.34059
560	6.50725
570	6.67392
580	6.84059
590	7.00725
600	7.17392
610	7.34059
620	7.50725
630	7.67392
640	7.84059
650	8.00725
660	8.17392
670	8.34059
680	8.50725
690	8.67392
700	8.84059
710	9.00725
720	9.17392
730	9.34059
740	9.50725
750	9.67392
760	9.84059
770	10.0073
780	10.1739
790	10.3406
800	10.5073
810	10.6739
820	10.8406
830	11.0073
840	11.1739
850	11.3406
860	11.5073
870	11.6739
880	11.8406
890	12.0073
900	12.1739
910	12.3406
920	12.5073
930	12.6739
940	12.8406
950	13.0073
960	13.1739
970	13.3406
980	13.5073
990	13.6739
1000	13.8406
1010	14.0073
1020	14.1739
1030	14.3406
1040	14.5073
1050	14.6739
1060	14.8406
1070	15.0073
1080	15.1739
1090	15.3406
74
360	3.25745
370	3.42411
380	3.59078
390	3.75745
400	3.92411
410	4.09078
420	4.25745
430	4.60669
440	4.77336
450	4.94003
460	5.10669
470	5.27336
480	5.44003
490	5.60669
500	5.77336
510	5.94003
520	6.10669
530	6.27336
540	6.44003
550	6.60669
560	6.77336
570	6.94003
580	7.10669
590	7.27336
600	7.44003
610	7.60669
620	7.77336
630	7.94003
640	8.10669
650	8.27336
660	8.44003
670	8.60669
680	8.77336
690	8.94003
700	9.10669
710	9.27336
720	9.44003
730	9.60669
740	9.77336
750	9.94003
760	10.1067
770	10.2734
780	10.44
790	10.6067
800	10.7734
810	10.94
820	11.1067
830	11.2734
840	11.44
850	11.6067
860	11.7734
870	11.94
880	12.1067
890	12.2734
900	12.44
910	12.6067
920	12.7734
930	12.94
940	13.1067
950	13.2734
960	13.44
970	13.6067
980	13.7734
990	13.94
1000	14.1067
1010	14.2734
1020	14.44
1030	14.6067
1040	14.7734
1050	14.94
1060	15.1067
1070	15.2734
1080	15.44
1090	15.6067
74
360	3.34097
370	3.50764
380	3.6743
390	3.84097
400	4.00764
410	4.1743
420	4.34097
430	4.64457
440	4.81124
450	4.97791
460	5.14457
470	5.31124
480	5.47791
490	5.64457
500	5.81124
510	5.97791
520	6.14457
530	6.31124
540	6.47791
550	6.64457
560	6.81124
570	6.97791
580	7.14457
590	7.31124
600	7.47791
610	7.64457
620	7.81124
630	7.97791
640	8.14457
650	8.31124
660	8.47791
670	8.64457
680	8.81124
690	8.97791
700	9.14457
710	9.31124
720	9.47791
730	9.64457
740	9.81124
750	9.97791
760	10.1446
770	10.3112
780	10.4779
790	10.6446
800	10.8112
810	10.9779
820	11.1446
830	11.3112
840	11.4779
850	11.6446
860	11.8112
870	11.9779
880	12.1446
890	12.3112
900	12.4779
910	12.6446
920	12.8112
930	12.9779
940	13.1446
950	13.3112
960	13.4779
970	13.6446
980	13.8112
990	13.9779
1000	14.1446
1010	14.3112
1020	14.4779
1030	14.6446
1040	14.8112
1050	14.9779
1060	15.1446
1070	15.3112
1080	15.4779
1090	15.6446
74
360	3.42449
370	3.59116
380	3.75783
390	3.92449
400	4.09116
410	4.25783
420	4.42449
430	4.68245
440	4.84912
450	5.01578
460	5.18245
470	5.34912
480	5.51578
490	5.68245
500	5.84912
510	6.01578
520	6.18245
530	6.34912
540	6.51578
550	6.68245
560	6.84912
570	7.01578
580	7.18245
590	7.34912
600	7.51578
610	7.68245
620	7.84912
630	8.01578
640	8.18245
650	8.34912
660	8.51578
670	8.68245
680	8.84912
690	9.01578
700	9.18245
710	9.34912
720	9.51578
730	9.68245
740	9.84912
750	10.0158
760	10.1825
770	10.3491
780	10.5158
790	10.6825
800	10.8491
810	11.0158
820	11.1825
830	11.3491
840	11.5158
850	11.6825
860	11.8491
870	12.0158
880	12.1825
890	12.3491
900	12.5158
910	12.6825
920	12.8491
930	13.0158
940	13.1825
950	13.3491
960	13.5158
970	13.6825
980	13.8491
990	14.0158
1000	14.1825
1010	14.3491
1020	14.5158
1030	14.6825
1040	14.8491
1050	15.0158
1060	15.1825
1070	15.3491
1080	15.5158
1090	15.6825
74
360	3.50802
370	3.67468
380	3.84135
390	4.00802
400	4.17468
410	4.34135
420	4.50802
430	4.72033
440	4.887
450	5.05366
460	5.22033
470	5.387
480	5.55366
490	5.72033
500	5.887
510	6.05366
520	6.22033
530	6.387
540	6.55366
550	6.72033
560	6.887
570	7.05366
580	7.22033
590	7.387
600	7.55366
610	7.72033
620	7.887
630	8.05366
640	8.22033
650	8.387
660	8.55366
670	8.72033
680	8.887
690	9.05366
700	9.22033
710	9.387
720	9.55366
730	9.72033
740	9.887
750	10.0537
760	10.2203
770	10.387
780	10.5537
790	10.7203
800	10.887
810	11.0537
820	11.2203
830	11.387
840	11.5537
850	11.7203
860	11.887
870	12.0537
880	12.2203
890	12.387
900	12.5537
910	12.7203
920	12.887
930	13.0537
940	13.2203
950	13.387
960	13.5537
970	13.7203
980	13.887
990	14.0537
1000	14.2203
1010	14.387
1020	14.5537
1030	14.7203
1040	14.887
1050	15.0537
1060	15.2203
1070	15.387
1080	15.5537
1090	15.7203
74
360	3.59154
370	3.75821
380	3.92488
390	4.09154
400	4.25821
410	4.42488
420	4.59154
430	4.75821
440	4.92488
450	5.09154
460	5.25821
470	5.42488
480	5.59154
490	5.75821
500	5.92488
510	6.09154
520	6.25821
530	6.42488
540	6.59154
550	6.75821
560	6.92488
570	7.09154
580	7.25821
590	7.42488
600	7.59154
610	7.75821
620	7.92488
630	8.09154
640	8.25821
650	8.42488
660	8.59154
670	8.75821
680	8.92488
690	9.09154
700	9.25821
710	9.42488
720	9.59154
730	9.75821
740	9.92488
750	10.0915
760	10.2582
770	10.4249
780	10.5915
790	10.7582
800	10.9249
810	11.0915
820	11.2582
830	11.4249
840	11.5915
850	11.7582
860	11.9249
870	12.0915
880	12.2582
890	12.4249
900	12.5915
910	12.7582
920	12.9249
930	13.0915
940	13.2582
950	13.4249
960	13.5915
970	13.7582
980	13.9249
990	14.0915
1000	14.2582
1010	14.4249
1020	14.5915
1030	14.7582
1040	14.9249
1050	15.0915
1060	15.2582
1070	15.4249
1080	15.5915
1090	15.7582
74
360	3.67507
370	3.84173
380	4.0084
390	4.17507
400	4.34173
410	4.69098
420	4.85765
430	5.02432
440	5.19098
450	5.35765
460	5.52432
470	5.69098
480	5.85765
490	6.02432
500	6.19098
510	6.35765
520	6.52432
530	6.69098
540	6.85765
550	7.02432
560	7.19098
570	7.35765
580	7.52432
590	7.69098
600	7.85765
610	8.02432
620	8.19098
630	8.35765
640	8.52432
650	8.69098
660	8.85765
670	9.02432
680	9.19098
690	9.35765
700	9.52432
710	9.69098
720	9.85765
730	10.0243
740	10.191
750	10.3576
760	10.5243
770	10.691
780	10.8576
790	11.0243
800	11.191
810	11.3576
820	11.5243
830	11.691
840	11.8576
850	12.0243
860	12.191
870	12.3576
880	12.5243
890	12.691
900	12.8576
910	13.0243
920	13.191
930	13.3576
940	13.5243
950	13.691
960	13.8576
970	14.0243
980	14.191
990	14.3576
1000	14.5243
1010	14.691
1020	14.8576
1030	15.0243
1040	15.191
1050	15.3576
1060	15.5243
1070	15.691
1080	15.8576
1090	16.0243
74
360	3.75859
370	3.92526
380	4.09192
390	4.25859
400	4.42526
410	4.72886
420	4.89553
430	5.06219
440	5.22886
450	5.39553
460	5.56219
470	5.72886
480	5.89553
490	6.06219
500	6.22886
510	6.39553
520	6.56219
530	6.72886
540	6.89553
550	7.06219
560	7.22886
570	7.39553
580	7.56219
590	7.72886
600	7.89553
610	8.06219
620	8.22886
630	8.39553
640	8.56219
650	8.72886
660	8.89553
670	9.06219
680	9.22886
690	9.39553
700	9.56219
710	9.72886
720	9.89553
730	10.0622
740	10.2289
750	10.3955
760	10.5622
770	10.7289
780	10.8955
790	11.0622
800	11.2289
810	11.3955
820	11.5622
830	11.7289
840	11.8955
850	12.0622
860	12.2289
870	12.3955
880	12.5622
890	12.7289
900	12.8955
910	13.0622
920	13.2289
930	13.3955
940	13.5622
950	13.7289
960	13.8955
970	14.0622
980	14.2289
990	14.3955
1000	14.5622
1010	14.7289
1020	14.8955
1030	15.0622
1040	15.2289
1050	15.3955
1060	15.5622
1070	15.7289
1080	15.8955
1090	16.0622
74
360	3.84212
370	4.00878
380	4.17545
390	4.34212
400	4.60007
410	4.76674
420	4.93341
430	5.10007
440	5.26674
450	5.43341
460	5.60007
470	5.76674
480	5.93341
490	6.10007
500	6.26674
510	6.43341
520	6.60007
530	6.76674
540	6.93341
550	7.10007
560	7.26674
570	7.43341
580	7.60007
590	7.76674
600	7.93341
610	8.10007
620	8.26674
630	8.43341
640	8.60007
650	8.76674
660	8.93341
670	9.10007
680	9.26674
690	9.43341
700	9.60007
710	9.76674
720	9.93341
730	10.1001
740	10.2667
750	10.4334
760	10.6001
770	10.7667
780	10.9334
790	11.1001
800	11.2667
810	11.4334
820	11.6001
830	11.7667
840	11.9334
850	12.1001
860	12.2667
870	12.4334
880	12.6001
890	12.7667
900	12.9334
910	13.1001
920	13.2667
930	13.4334
940	13.6001
950	13.7667
960	13.9334
970	14.1001
980	14.2667
990	14.4334
1000	14.6001
1010	14.7667
1020	14.9334
1030	15.1001
1040	15.2667
1050	15.4334
1060	15.6001
1070	15.7667
1080	15.9334
1090	16.1001
74
360	3.92564
370	4.09231
380	4.25897
390	4.42564
400	4.63795
410	4.80462
420	4.97128
430	5.13795
440	5.30462
450	5.47128
460	5.63795
470	5.80462
480	5.97128
490	6.13795
500	6.30462
510	6.47128
520	6.63795
530	6.80462
540	6.97128
550	7.13795
560	7.30462
570	7.47128
580	7.63795
590	7.80462
600	7.97128
610	8.13795
620	8.30462
630	8.47128
640	8.63795
650	8.80462
660	8.97128
670	9.13795
680	9.30462
690	9.47128
700	9.63795
710	9.80462
720	9.97128
730	10.138
740	10.3046
750	10.4713
760	10.638
770	10.8046
780	10.9713
790	11.138
800	11.3046
810	11.4713
820	11.638
830	11.8046
840	11.9713
850	12.138
860	12.3046
870	12.4713
880	12.638
890	12.8046
900	12.9713
910	13.138
920	13.3046
930	13.4713
940	13.638
950	13.8046
960	13.9713
970	14.138
980	14.3046
990	14.4713
1000	14.638
1010	14.8046
1020	14.9713
1030	15.138
1040	15.3046
1050	15.4713
1060	15.638
1070	15.8046
1080	15.9713
1090	16.138
74
360	4.00916
370	4.17583
380	4.3425
390	4.50916
400	4.67583
410	4.8425
420	5.00916
430	5.17583
440	5.3425
450	5.50916
460	5.67583
470	5.8425
480	6.00916
490	6.17583
500	6.3425
510	6.50916
520	6.67583
530	6.8425
540	7.00916
550	7.17583
560	7.3425
570	7.50916
580	7.67583
590	7.8425
600	8.00916
610	8.17583
620	8.3425
630	8.50916
640	8.67583
650	8.8425
660	9.00916
670	9.17583
680	9.3425
690	9.50916
700	9.67583
710	9.8425
720	10.0092
730	10.1758
740	10.3425
750	10.5092
760	10.6758
770	10.8425
780	11.0092
790	11.1758
800	11.3425
810	11.5092
820	11.6758
830	11.8425
840	12.0092
850	12.1758
860	12.3425
870	12.5092
880	12.6758
890	12.8425
900	13.0092
910	13.1758
920	13.3425
930	13.5092
940	13.6758
950	13.8425
960	14.0092
970	14.1758
980	14.3425
990	14.5092
1000	14.6758
1010	14.8425
1020	15.0092
1030	15.1758
1040	15.3425
1050	15.5092
1060	15.6758
1070	15.8425
1080	16.0092
1090	16.1758
74
360	4.09269
370	4.25935
380	4.42602
390	4.72962
400	4.89629
410	5.06296
420	5.22962
430	5.39629
440	5.56296
450	5.72962
460	5.89629
470	6.06296
480	6.22962
490	6.39629
500	6.56296
510	6.72962
520	6.89629
530	7.06296
540	7.22962
550	7.39629
560	7.56296
570	7.72962
580	7.89629
590	8.06296
600	8.22962
610	8.39629
620	8.56296
630	8.72962
640	8.89629
650	9.06296
660	9.22962
670	9.39629
680	9.56296
690	9.72962
700	9.89629
710	10.063
720	10.2296
730	10.3963
740	10.563
750	10.7296
760	10.8963
770	11.063
780	11.2296
790	11.3963
800	11.563
810	11.7296
820	11.8963
830	12.063
840	12.2296
850	12.3963
860	12.563
870	12.7296
880	12.8963
890	13.063
900	13.2296
910	13.3963
920	13.563
930	13.7296
940	13.8963
950	14.063
960	14.2296
970	14.3963
980	14.563
990	14.7296
1000	14.8963
1010	15.063
1020	15.2296
1030	15.3963
1040	15.563
1050	15.7296
1060	15.8963
1070	16.063
1080	16.2296
1090	16.3963
74
360	4.17621
370	4.34288
380	4.60084
390	4.7675
400	4.93417
410	5.10084
420	5.2675
430	5.43417
440	5.60084
450	5.7675
460	5.93417
470	6.10084
480	6.2675
490	6.43417
500	6.60084
510	6.7675
520	6.93417
530	7.10084
540	7.2675
550	7.43417
560	7.60084
570	7.7675
580	7.93417
590	8.10084
600	8.2675
610	8.43417
620	8.60084
630	8.7675
640	8.93417
650	9.10084
660	9.2675
670	9.43417
680	9.60084
690	9.7675
700	9.93417
710	10.1008
720	10.2675
730	10.4342
740	10.6008
750	10.7675
760	10.9342
770	11.1008
780	11.2675
790	11.4342
800	11.6008
810	11.7675
820	11.9342
830	12.1008
840	12.2675
850	12.4342
860	12.6008
870	12.7675
880	12.9342
890	13.1008
900	13.2675
910	13.4342
920	13.6008
930	13.7675
940	13.9342
950	14.1008
960	14.2675
970	14.4342
980	14.6008
990	14.7675
1000	14.9342
1010	15.1008
1020	15.2675
1030	15.4342
1040	15.6008
1050	15.7675
1060	15.9342
1070	16.1008
1080	16.2675
1090	16.4342
74
360	4.25974
370	4.4264
380	4.63872
390	4.80538
400	4.97205
410	5.13872
420	5.30538
430	5.47205
440	5.63872
450	5.80538
460	5.97205
470	6.13872
480	6.30538
490	6.47205
500	6.63872
510	6.80538
520	6.97205
530	7.13872
540	7.30538
550	7.47205
560	7.63872
570	7.80538
580	7.97205
590	8.13872
600	8.30538
610	8.47205
620	8.63872
630	8.80538
640	8.97205
650	9.13872
660	9.30538
670	9.47205
680	9.63872
690	9.80538
700	9.97205
710	10.1387
720	10.3054
730	10.472
740	10.6387
750	10.8054
760	10.972
770	11.1387
780	11.3054
790	11.472
800	11.6387
810	11.8054
820	11.972
830	12.1387
840	12.3054
850	12.472
860	12.6387
870	12.8054
880	12.972
890	13.1387
900	13.3054
910	13.472
920	13.6387
930	13.8054
940	13.972
950	14.1387
960	14.3054
970	14.472
980	14.6387
990	14.8054
1000	14.972
1010	15.1387
1020	15.3054
1030	15.472
1040	15.6387
1050	15.8054
1060	15.972
1070	16.1387
1080	16.3054
1090	16.472
74
360	4.34326
370	4.50993
380	4.67659
390	4.84326
400	5.00993
410	5.17659
420	5.34326
430	5.50993
440	5.67659
450	5.84326
460	6.00993
470	6.17659
480	6.34326
490	6.50993
500	6.67659
510	6.84326
520	7.00993
530	7.17659
540	7.34326
550	7.50993
560	7.67659
570	7.84326
580	8.00993
590	8.17659
600	8.34326
610	8.50993
620	8.67659
630	8.84326
640	9.00993
650	9.17659
660	9.34326
670	9.50993
680	9.67659
690	9.84326
700	10.0099
710	10.1766
720	10.3433
730	10.5099
740	10.6766
750	10.8433
760	11.0099
770	11.1766
780	11.3433
790	11.5099
800	11.6766
810	11.8433
820	12.0099
830	12.1766
840	12.3433
850	12.5099
860	12.6766
870	12.8433
880	13.0099
890	13.1766
900	13.3433
910	13.5099
920	13.6766
930	13.8433
940	14.0099
950	14.1766
960	14.3433
970	14.5099
980	14.6766
990	14.8433
1000	15.0099
1010	15.1766
1020	15.3433
1030	15.5099
1040	15.6766
1050	15.8433
1060	16.0099
1070	16.1766
1080	16.3433
1090	16.5099
74
360	4.42679
370	4.61627
380	4.78294
390	4.94961
400	5.11627
410	5.28294
420	5.44961
430	5.61627
440	5.78294
450	5.94961
460	6.11627
470	6.28294
480	6.44961
490	6.61627
500	6.78294
510	6.94961
520	7.11627
530	7.28294
540	7.44961
550	7.61627
560	7.78294
570	7.94961
580	8.11627
590	8.28294
600	8.44961
610	8.61627
620	8.78294
630	8.94961
640	9.11627
650	9.28294
660	9.44961
670	9.61627
680	9.78294
690	9.94961
700	10.1163
710	10.2829
720	10.4496
730	10.6163
740	10.7829
750	10.9496
760	11.1163
770	11.2829
780	11.4496
790	11.6163
800	11.7829
810	11.9496
820	12.1163
830	12.2829
840	12.4496
850	12.6163
860	12.7829
870	12.9496
880	13.1163
890	13.2829
900	13.4496
910	13.6163
920	13.7829
930	13.9496
940	14.1163
950	14.2829
960	14.4496
970	14.6163
980	14.7829
990	14.9496
1000	15.1163
1010	15.2829
1020	15.4496
1030	15.6163
1040	15.7829
1050	15.9496
1060	16.1163
1070	16.2829
1080	16.4496
1090	16.6163
74
360	4.51031
370	4.72262
380	4.88929
390	5.05595
400	5.22262
410	5.38929
420	5.55595
430	5.72262
440	5.88929
450	6.05595
460	6.22262
470	6.38929
480	6.55595
490	6.72262
500	6.88929
510	7.05595
520	7.22262
530	7.38929
540	7.55595
550	7.72262
560	7.88929
570	8.05595
580	8.22262
590	8.38929
600	8.55595
610	8.72262
620	8.88929
630	9.05595
640	9.22262
650	9.38929
660	9.55595
670	9.72262
680	9.88929
690	10.056
700	10.2226
710	10.3893
720	10.556
730	10.7226
740	10.8893
750	11.056
760	11.2226
770	11.3893
780	11.556
790	11.7226
800	11.8893
810	12.056
820	12.2226
830	12.3893
840	12.556
850	12.7226
860	12.8893
870	13.056
880	13.2226
890	13.3893
900	13.556
910	13.7226
920	13.8893
930	14.056
940	14.2226
950	14.3893
960	14.556
970	14.7226
980	14.8893
990	15.056
1000	15.2226
1010	15.3893
1020	15.556
1030	15.7226
1040	15.8893
1050	16.056
1060	16.2226
1070	16.3893
1080	16.556
1090	16.7226
74
360	4.70795
370	4.87461
380	5.04128
390	5.20795
400	5.37461
410	5.54128
420	5.70795
430	5.87461
440	6.04128
450	6.20795
460	6.37461
470	6.54128
480	6.70795
490	6.87461
500	7.04128
510	7.20795
520	7.37461
530	7.54128
540	7.70795
550	7.87461
560	8.04128
570	8.20795
580	8.37461
590	8.54128
600	8.70795
610	8.87461
620	9.04128
630	9.20795
640	9.37461
650	9.54128
660	9.70795
670	9.87461
680	10.0413
690	10.2079
700	10.3746
710	10.5413
720	10.7079
730	10.8746
740	11.0413
750	11.2079
760	11.3746
770	11.5413
780	11.7079
790	11.8746
800	12.0413
810	12.2079
820	12.3746
830	12.5413
840	12.7079
850	12.8746
860	13.0413
870	13.2079
880	13.3746
890	13.5413
900	13.7079
910	13.8746
920	14.0413
930	14.2079
940	14.3746
950	14.5413
960	14.7079
970	14.8746
980	15.0413
990	15.2079
1000	15.3746
1010	15.5413
1020	15.7079
1030	15.8746
1040	16.0413
1050	16.2079
1060	16.3746
1070	16.5413
1080	16.7079
1090	16.8746
74
360	4.76477
370	4.93143
380	5.0981
390	5.26477
400	5.43143
410	5.5981
420	5.76477
430	5.93143
440	6.0981
450	6.26477
460	6.43143
470	6.5981
480	6.76477
490	6.93143
500	7.0981
510	7.26477
520	7.43143
530	7.5981
540	7.76477
550	7.93143
560	8.0981
570	8.26477
580	8.43143
590	8.5981
600	8.76477
610	8.93143
620	9.0981
630	9.26477
640	9.43143
650	9.5981
660	9.76477
670	9.93143
680	10.0981
690	10.2648
700	10.4314
710	10.5981
720	10.7648
730	10.9314
740	11.0981
750	11.2648
760	11.4314
770	11.5981
780	11.7648
790	11.9314
800	12.0981
810	12.2648
820	12.4314
830	12.5981
840	12.7648
850	12.9314
860	13.0981
870	13.2648
880	13.4314
890	13.5981
900	13.7648
910	13.9314
920	14.0981
930	14.2648
940	14.4314
950	14.5981
960	14.7648
970	14.9314
980	15.0981
990	15.2648
1000	15.4314
1010	15.5981
1020	15.7648
1030	15.9314
1040	16.0981
1050	16.2648
1060	16.4314
1070	16.5981
1080	16.7648
1090	16.9314
74
360	4.89005
370	5.05672
380	5.22339
390	5.39005
400	5.55672
410	5.72339
420	5.89005
430	6.05672
440	6.22339
450	6.39005
460	6.55672
470	6.72339
480	6.89005
490	7.05672
500	7.22339
510	7.39005
520	7.55672
530	7.72339
540	7.89005
550	8.05672
560	8.22339
570	8.39005
580	8.55672
590	8.72339
600	8.89005
610	9.05672
620	9.22339
630	9.39005
640	9.55672
650	9.72339
660	9.89005
670	10.0567
680	10.2234
690	10.3901
700	10.5567
710	10.7234
720	10.8901
730	11.0567
740	11.2234
750	11.3901
760	11.5567
770	11.7234
780	11.8901
790	12.0567
800	12.2234
810	12.3901
820	12.5567
830	12.7234
840	12.8901
850	13.0567
860	13.2234
870	13.3901
880	13.5567
890	13.7234
900	13.8901
910	14.0567
920	14.2234
930	14.3901
940	14.5567
950	14.7234
960	14.8901
970	15.0567
980	15.2234
990	15.3901
1000	15.5567
1010	15.7234
1020	15.8901
1030	16.0567
1040	16.2234
1050	16.3901
1060	16.5567
1070	16.7234
1080	16.8901
1090	17.0567
74
360	4.99252
370	5.15918
380	5.32585
390	5.49252
400	5.65918
410	5.82585
420	5.99252
430	6.15918
440	6.32585
450	6.49252
460	6.65918
470	6.82585
480	6.99252
490	7.15918
500	7.32585
510	7.49252
520	7.65918
530	7.82585
540	7.99252
550	8.15918
560	8.32585
570	8.49252
580	8.65918
590	8.82585
600	8.99252
610	9.15918
620	9.32585
630	9.49252
640	9.65918
650	9.82585
660	9.99252
670	10.1592
680	10.3258
690	10.4925
700	10.6592
710	10.8258
720	10.9925
730	11.1592
740	11.3258
750	11.4925
760	11.6592
770	11.8258
780	11.9925
790	12.1592
800	12.3258
810	12.4925
820	12.6592
830	12.8258
840	12.9925
850	13.1592
860	13.3258
870	13.4925
880	13.6592
890	13.8258
900	13.9925
910	14.1592
920	14.3258
930	14.4925
940	14.6592
950	14.8258
960	14.9925
970	15.1592
980	15.3258
990	15.4925
1000	15.6592
1010	15.8258
1020	15.9925
1030	16.1592
1040	16.3258
1050	16.4925
1060	16.6592
1070	16.8258
1080	16.9925
1090	17.1592
74
360	5.21298
370	5.37964
380	5.54631
390	5.71298
400	5.87964
410	6.04631
420	6.21298
430	6.37964
440	6.54631
450	6.71298
460	6.87964
470	7.04631
480	7.21298
490	7.37964
500	7.54631
510	7.71298
520	7.87964
530	8.04631
540	8.21298
550	8.37964
560	8.54631
570	8.71298
580	8.87964
590	9.04631
600	9.21298
610	9.37964
620	9.54631
630	9.71298
640	9.87964
650	10.0463
660	10.213
670	10.3796
680	10.5463
690	10.713
700	10.8796
710	11.0463
720	11.213
730	11.3796
740	11.5463
750	11.713
760	11.8796
770	12.0463
780	12.213
790	12.3796
800	12.5463
810	12.713
820	12.8796
830	13.0463
840	13.213
850	13.3796
860	13.5463
870	13.713
880	13.8796
890	14.0463
900	14.213
910	14.3796
920	14.5463
930	14.713
940	14.8796
950	15.0463
960	15.213
970	15.3796
980	15.5463
990	15.713
1000	15.8796
1010	16.0463
1020	16.213
1030	16.3796
1040	16.5463
1050	16.713
1060	16.8796
1070	17.0463
1080	17.213
1090	17.3796
74
360	5.26979
370	5.43646
380	5.60313
390	5.76979
400	5.93646
410	6.10313
420	6.26979
430	6.43646
440	6.60313
450	6.76979
460	6.93646
470	7.10313
480	7.26979
490	7.43646
500	7.60313
510	7.76979
520	7.93646
530	8.10313
540	8.26979
550	8.43646
560	8.60313
570	8.76979
580	8.93646
590	9.10313
600	9.26979
610	9.43646
620	9.60313
630	9.76979
640	9.93646
650	10.1031
660	10.2698
670	10.4365
680	10.6031
690	10.7698
700	10.9365
710	11.1031
720	11.2698
730	11.4365
740	11.6031
750	11.7698
760	11.9365
770	12.1031
780	12.2698
790	12.4365
800	12.6031
810	12.7698
820	12.9365
830	13.1031
840	13.2698
850	13.4365
860	13.6031
870	13.7698
880	13.9365
890	14.1031
900	14.2698
910	14.4365
920	14.6031
930	14.7698
940	14.9365
950	15.1031
960	15.2698
970	15.4365
980	15.6031
990	15.7698
1000	15.9365
1010	16.1031
1020	16.2698
1030	16.4365
1040	16.6031
1050	16.7698
1060	16.9365
1070	17.1031
1080	17.2698
1090	17.4365
74
360	5.32661
370	5.49328
380	5.65995
390	5.82661
400	5.99328
410	6.15995
420	6.32661
430	6.49328
440	6.65995
450	6.82661
460	6.99328
470	7.15995
480	7.32661
490	7.49328
500	7.65995
510	7.82661
520	7.99328
530	8.15995
540	8.32661
550	8.49328
560	8.65995
570	8.82661
580	8.99328
590	9.15995
600	9.32661
610	9.49328
620	9.65995
630	9.82661
640	9.99328
650	10.1599
660	10.3266
670	10.4933
680	10.6599
690	10.8266
700	10.9933
710	11.1599
720	11.3266
730	11.4933
740	11.6599
750	11.8266
760	11.9933
770	12.1599
780	12.3266
790	12.4933
800	12.6599
810	12.8266
820	12.9933
830	13.1599
840	13.3266
850	13.4933
860	13.6599
870	13.8266
880	13.9933
890	14.1599
900	14.3266
910	14.4933
920	14.6599
930	14.8266
940	14.9933
950	15.1599
960	15.3266
970	15.4933
980	15.6599
990	15.8266
1000	15.9933
1010	16.1599
1020	16.3266
1030	16.4933
1040	16.6599
1050	16.8266
1060	16.9933
1070	17.1599
1080	17.3266
1090	17.4933
74
360	5.45578
370	5.62245
380	5.78912
390	5.95578
400	6.12245
410	6.28912
420	6.45578
430	6.62245
440	6.78912
450	6.95578
460	7.12245
470	7.28912
480	7.45578
490	7.62245
500	7.78912
510	7.95578
520	8.12245
530	8.28912
540	8.45578
550	8.62245
560	8.78912
570	8.95578
580	9.12245
590	9.28912
600	9.45578
610	9.62245
620	9.78912
630	9.95578
640	10.1224
650	10.2891
660	10.4558
670	10.6224
680	10.7891
690	10.9558
700	11.1224
710	11.2891
720	11.4558
730	11.6224
740	11.7891
750	11.9558
760	12.1224
770	12.2891
780	12.4558
790	12.6224
800	12.7891
810	12.9558
820	13.1224
830	13.2891
840	13.4558
850	13.6224
860	13.7891
870	13.9558
880	14.1224
890	14.2891
900	14.4558
910	14.6224
920	14.7891
930	14.9558
940	15.1224
950	15.2891
960	15.4558
970	15.6224
980	15.7891
990	15.9558
1000	16.1224
1010	16.2891
1020	16.4558
1030	16.6224
1040	16.7891
1050	16.9558
1060	17.1224
1070	17.2891
1080	17.4558
1090	17.6224
74
360	5.5126
370	5.67927
380	5.84593
390	6.0126
400	6.17927
410	6.34593
420	6.5126
430	6.67927
440	6.84593
450	7.0126
460	7.17927
470	7.34593
480	7.5126
490	7.67927
500	7.84593
510	8.0126
520	8.17927
530	8.34593
540	8.5126
550	8.67927
560	8.84593
570	9.0126
580	9.17927
590	9.34593
600	9.5126
610	9.67927
620	9.84593
630	10.0126
640	10.1793
650	10.3459
660	10.5126
670	10.6793
680	10.8459
690	11.0126
700	11.1793
710	11.3459
720	11.5126
730	11.6793
740	11.8459
750	12.0126
760	12.1793
770	12.3459
780	12.5126
790	12.6793
800	12.8459
810	13.0126
820	13.1793
830	13.3459
840	13.5126
850	13.6793
860	13.8459
870	14.0126
880	14.1793
890	14.3459
900	14.5126
910	14.6793
920	14.8459
930	15.0126
940	15.1793
950	15.3459
960	15.5126
970	15.6793
980	15.8459
990	16.0126
1000	16.1793
1010	16.3459
1020	16.5126
1030	16.6793
1040	16.8459
1050	17.0126
1060	17.1793
1070	17.3459
1080	17.5126
1090	17.6793
74
360	5.78259
370	5.94926
380	6.11592
390	6.28259
400	6.44926
410	6.61592
420	6.78259
430	6.94926
440	7.11592
450	7.28259
460	7.44926
470	7.61592
480	7.78259
490	7.94926
500	8.11592
510	8.28259
520	8.44926
530	8.61592
540	8.78259
550	8.94926
560	9.11592
570	9.28259
580	9.44926
590	9.61592
600	9.78259
610	9.94926
620	10.1159
630	10.2826
640	10.4493
650	10.6159
660	10.7826
670	10.9493
680	11.1159
690	11.2826
700	11.4493
710	11.6159
720	11.7826
730	11.9493
740	12.1159
750	12.2826
760	12.4493
770	12.6159
780	12.7826
790	12.9493
800	13.1159
810	13.2826
820	13.4493
830	13.6159
840	13.7826
850	13.9493
860	14.1159
870	14.2826
880	14.4493
890	14.6159
900	14.7826
910	14.9493
920	15.1159
930	15.2826
940	15.4493
950	15.6159
960	15.7826
970	15.9493
980	16.1159
990	16.2826
1000	16.4493
1010	16.6159
1020	16.7826
1030	16.9493
1040	17.1159
1050	17.2826
1060	17.4493
1070	17.6159
1080	17.7826
1090	17.9493
74
360	5.83941
370	6.00607
380	6.17274
390	6.33941
400	6.50607
410	6.67274
420	6.83941
430	7.00607
440	7.17274
450	7.33941
460	7.50607
470	7.67274
480	7.83941
490	8.00607
500	8.17274
510	8.33941
520	8.50607
530	8.67274
540	8.83941
550	9.00607
560	9.17274
570	9.33941
580	9.50607
590	9.67274
600	9.83941
610	10.0061
620	10.1727
630	10.3394
640	10.5061
650	10.6727
660	10.8394
670	11.0061
680	11.1727
690	11.3394
700	11.5061
710	11.6727
720	11.8394
730	12.0061
740	12.1727
750	12.3394
760	12.5061
770	12.6727
780	12.8394
790	13.0061
800	13.1727
810	13.3394
820	13.5061
830	13.6727
840	13.8394
850	14.0061
860	14.1727
870	14.3394
880	14.5061
890	14.6727
900	14.8394
910	15.0061
920	15.1727
930	15.3394
940	15.5061
950	15.6727
960	15.8394
970	16.0061
980	16.1727
990	16.3394
1000	16.5061
1010	16.6727
1020	16.8394
1030	17.0061
1040	17.1727
1050	17.3394
1060	17.5061
1070	17.6727
1080	17.8394
1090	18.0061
74
360	5.89623
370	6.06289
380	6.22956
390	6.39623
400	6.56289
410	6.72956
420	6.89623
430	7.06289
440	7.22956
450	7.39623
460	7.56289
470	7.72956
480	7.89623
490	8.06289
500	8.22956
510	8.39623
520	8.56289
530	8.72956
540	8.89623
550	9.06289
560	9.22956
570	9.39623
580	9.56289
590	9.72956
600	9.89623
610	10.0629
620	10.2296
630	10.3962
640	10.5629
650	10.7296
660	10.8962
670	11.0629
680	11.2296
690	11.3962
700	11.5629
710	11.7296
720	11.8962
730	12.0629
740	12.2296
750	12.3962
760	12.5629
770	12.7296
780	12.8962
790	13.0629
800	13.2296
810	13.3962
820	13.5629
830	13.7296
840	13.8962
850	14.0629
860	14.2296
870	14.3962
880	14.5629
890	14.7296
900	14.8962
910	15.0629
920	15.2296
930	15.3962
940	15.5629
950	15.7296
960	15.8962
970	16.0629
980	16.2296
990	16.3962
1000	16.5629
1010	16.7296
1020	16.8962
1030	17.0629
1040	17.2296
1050	17.3962
1060	17.5629
1070	17.7296
1080	17.8962
1090	18.0629
74
360	5.95304
370	6.11971
380	6.28638
390	6.45304
400	6.61971
410	6.78638
420	6.95304
430	7.11971
440	7.28638
450	7.45304
460	7.61971
470	7.78638
480	7.95304
490	8.11971
500	8.28638
510	8.45304
520	8.61971
530	8.78638
540	8.95304
550	9.11971
560	9.28638
570	9.45304
580	9.61971
590	9.78638
600	9.95304
610	10.1197
620	10.2864
630	10.453
640	10.6197
650	10.7864
660	10.953
670	11.1197
680	11.2864
690	11.453
700	11.6197
710	11.7864
720	11.953
730	12.1197
740	12.2864
750	12.453
760	12.6197
770	12.7864
780	12.953
790	13.1197
800	13.2864
810	13.453
820	13.6197
830	13.7864
840	13.953
850	14.1197
860	14.2864
870	14.453
880	14.6197
890	14.7864
900	14.953
910	15.1197
920	15.2864
930	15.453
940	15.6197
950	15.7864
960	15.953
970	16.1197
980	16.2864
990	16.453
1000	16.6197
1010	16.7864
1020	16.953
1030	17.1197
1040	17.2864
1050	17.453
1060	17.6197
1070	17.7864
1080	17.953
1090	18.1197
74
360	6.01375
370	6.18041
380	6.34708
390	6.51375
400	6.68041
410	6.84708
420	7.01375
430	7.18041
440	7.34708
450	7.51375
460	7.68041
470	7.84708
480	8.01375
490	8.18041
500	8.34708
510	8.51375
520	8.68041
530	8.84708
540	9.01375
550	9.18041
560	9.34708
570	9.51375
580	9.68041
590	9.84708
600	10.0137
610	10.1804
620	10.3471
630	10.5137
640	10.6804
650	10.8471
660	11.0137
670	11.1804
680	11.3471
690	11.5137
700	11.6804
710	11.8471
720	12.0137
730	12.1804
740	12.3471
750	12.5137
760	12.6804
770	12.8471
780	13.0137
790	13.1804
800	13.3471
810	13.5137
820	13.6804
830	13.8471
840	14.0137
850	14.1804
860	14.3471
870	14.5137
880	14.6804
890	14.8471
900	15.0137
910	15.1804
920	15.3471
930	15.5137
940	15.6804
950	15.8471
960	16.0137
970	16.1804
980	16.3471
990	16.5137
1000	16.6804
1010	16.8471
1020	17.0137
1030	17.1804
1040	17.3471
1050	17.5137
1060	17.6804
1070	17.8471
1080	18.0137
1090	18.1804
