1.94	2.04	13000	SR	2	3
2.04	2.4	44000	SR	2	2
2.4	2.54	23000	SR	2	2
2.54	2.79	23000	IS	2	2
2.79	3.94	121000	IS	4	4
3.94	5.82	132000	IS	3	3
5.82	6.56	132000	IS	3	3
6.56	6.85	131000	IS	3	3
6.85	7.64	124000	IS	3	3
7.64	8.7	151000	IS	3	3
8.7	9.61	162000	IS	3	3
9.61	9.87	100000	IS	3	3
9.87	10.15	75000	IS	3	3
10.15	11.64	146000	IS	3	3
11.64	12.34	101000	IS	3	3
12.34	13.3	130000	IS	3	3
13.3	14.32	118000	IS	3	3
14.32	15.36	128000	IS	3	3
15.37	16.31	86000	IS	3	3
16.31	16.85	97000	IS	3	3
16.85	18	69000	IS	3	3
18	18.38	63000	IS	3	3
18.38	19.97	71000	IS	3	3
19.97	20.75	69000	IS	3	3
20.75	22.22	69000	IS	3	3
22.22	22.86	58000	IS	3	3
22.86	25.37	63000	IS	3	3
					
					
					
					
					
					
					
					
					
					
					
					
					
					
					
					
					
					
					
					
					
					
					
					
					
					
					
					
					
					
					
					
					
					
					
					
					
					
					
					
					
					
					
					
					
					
					
					
					
					
					
					
					
					
					
					
					
					
					
					
					
					
					
					
					
					
					
					
					
					
					
					
					
					
					
					
					
					
					
					
					
					
					
					
					
					
					
					
					
					
					
					
					
					
					
					
					
					
					
					
					
					
					
					
					
					
					
					
